0.00015378 0.451765 0.16063 -0.0664236 0
0.0824091 0.45176 0.160603 -0.0669977 0
0.193615 0.45183 0.160626 -0.0660618 0
0.293973 0.451777 0.160571 -0.0656953 0
0.395892 0.451809 0.160621 -0.0665054 0
0.488951 0.451788 0.160622 -0.0655678 0
0.587575 0.451766 0.16062 -0.0663402 0
0.681067 0.451818 0.160655 -0.0667194 0
0.801999 0.451839 0.160625 -0.0670169 0
0.874444 0.451774 0.160568 -0.0656542 0
0.975722 0.451799 0.160603 -0.0665008 0
1.06932 0.451797 0.160631 -0.0667468 0
1.16838 0.451818 0.160578 -0.0671496 0
1.25284 0.451837 0.160688 -0.0677121 0
1.34892 0.451813 0.160566 -0.0661665 0
1.44796 0.451881 0.160664 -0.0664007 0
1.54574 0.451862 0.160719 -0.0666469 0
1.64141 0.451775 0.160576 -0.0665664 0
1.7588 0.451823 0.160694 -0.0668978 0
1.8577 0.451798 0.160659 -0.0664019 0
1.99064 0.451906 0.160683 -0.066576 0
2.11936 0.451769 0.160508 -0.0649263 0
2.2438 0.451786 0.160594 -0.0664323 0
2.36187 0.451741 0.160566 -0.066366 0
2.48247 0.451869 0.160674 -0.0662427 0
2.60845 0.451802 0.160582 -0.0665824 0
2.74033 0.451836 0.160662 -0.0663543 0
2.86787 0.451819 0.160637 -0.0665866 0
2.98483 0.451823 0.160625 -0.067123 0
3.10825 0.451838 0.160693 -0.0669567 0
3.23129 0.451816 0.160687 -0.0671261 0
3.32519 0.451757 0.16059 -0.0664129 0
3.46773 0.451722 0.160559 -0.0656108 0
3.62755 0.451887 0.160696 -0.0673912 0
3.72829 0.451799 0.160578 -0.0658069 0
3.85879 0.451816 0.160662 -0.0672277 0
3.98217 0.451805 0.160617 -0.0665351 0
4.09243 0.451802 0.160603 -0.0664298 0
4.22383 0.451794 0.160637 -0.0663804 0
4.3372 0.451865 0.160692 -0.0675092 0
4.46802 0.451862 0.160576 -0.0666356 0
4.5848 0.451835 0.160589 -0.0661972 0
4.72489 0.451775 0.160601 -0.067056 0
4.85849 0.451854 0.160712 -0.0665383 0
4.9818 0.451817 0.160639 -0.0666723 0
5.11284 0.451881 0.160613 -0.0668641 0
5.22912 0.451815 0.160665 -0.0664287 0
5.36837 0.451766 0.160649 -0.0666725 0
5.50455 0.45175 0.160525 -0.0665036 0
5.64402 0.451805 0.160706 -0.0663789 0
5.80458 0.451804 0.160575 -0.0667364 0
5.90336 0.451774 0.160599 -0.0668863 0
6.02748 0.451805 0.160602 -0.0669926 0
6.16219 0.45176 0.16057 -0.0665682 0
6.30078 0.451832 0.160659 -0.0670217 0
6.38404 0.451788 0.160646 -0.0670856 0
6.5047 0.451808 0.160641 -0.0668248 0
6.63438 0.451803 0.160649 -0.0669495 0
6.78348 0.451761 0.160652 -0.0673246 0
6.89704 0.451792 0.160548 -0.066353 0
7.00003 0.451745 0.160572 -0.0663051 0
7.11394 0.452065 0.160969 -0.0666866 0
7.25716 0.452169 0.161031 -0.0666871 0
7.37612 0.45229 0.161162 -0.0660273 0
7.48189 0.45236 0.161281 -0.066112 0
7.59485 0.452576 0.161436 -0.065724 0
7.72855 0.452844 0.161975 -0.0651205 0
7.86842 0.453156 0.162336 -0.064926 0
7.99644 0.453481 0.162736 -0.0654022 0
8.12517 0.453684 0.163 -0.0635982 0
8.24167 0.453857 0.163268 -0.0632873 0
8.37388 0.454088 0.163465 -0.0622876 0
8.50131 0.454546 0.163977 -0.0611653 0
8.62643 0.454524 0.16413 -0.0598116 0
8.76291 0.454919 0.164366 -0.0578038 0
8.88819 0.455359 0.164741 -0.0572244 0
8.98838 0.455104 0.164842 -0.0548304 0
9.11446 0.455153 0.164906 -0.053998 0
9.23846 0.455137 0.165227 -0.0530333 0
9.36496 0.455444 0.165201 -0.0503626 0
9.47872 0.45542 0.165341 -0.0514652 0
9.5932 0.455716 0.16547 -0.0494133 0
9.70996 0.456079 0.165672 -0.0478278 0
9.84165 0.455929 0.166097 -0.0470873 0
9.95937 0.45651 0.166052 -0.0459878 0
10.0778 0.45608 0.165931 -0.0436284 0
10.1968 0.456605 0.166098 -0.0419449 0
10.3221 0.456354 0.166056 -0.039456 0
10.4467 0.455893 0.166051 -0.039932 0
10.5753 0.455857 0.166084 -0.0390517 0
10.7178 0.455852 0.166052 -0.0366447 0
10.8287 0.456028 0.166064 -0.0355042 0
10.9846 0.456156 0.166294 -0.0341605 0
11.0982 0.455707 0.166101 -0.0343565 0
11.2219 0.455427 0.165823 -0.0323332 0
11.34 0.455632 0.165881 -0.0323752 1
11.4634 0.455479 0.165613 -0.0307264 1
11.5881 0.455352 0.165793 -0.0313639 1
11.7075 0.455549 0.165597 -0.0293672 1
11.8309 0.455574 0.165619 -0.0293723 1
11.9341 0.455399 0.165434 -0.0292778 1
12.0438 0.455711 0.165362 -0.0287843 1
12.1815 0.455825 0.165499 -0.0297807 1
12.3095 0.457271 0.165536 -0.0298244 1
12.4317 0.458523 0.165468 -0.03 1
12.5395 0.460218 0.165898 -0.030221 1
12.6655 0.463683 0.166233 -0.0278611 1
12.7848 0.465593 0.16609 -0.0289362 1
12.9182 0.468745 0.166604 -0.029039 1
13.0365 0.471739 0.16671 -0.0293574 1
13.1753 0.475674 0.167074 -0.0284189 1
13.3028 0.480366 0.167124 -0.0267586 1
13.4221 0.484383 0.167162 -0.0259078 1
13.5604 0.49022 0.167844 -0.0255567 1
13.6811 0.494788 0.167708 -0.0248896 1
13.7894 0.498906 0.167807 -0.0262497 1
13.9159 0.505051 0.168355 -0.0264966 1
14.0606 0.510212 0.16808 -0.0248427 1
14.1473 0.514427 0.168069 -0.0246461 1
14.2666 0.519368 0.168213 -0.0251679 1
14.3948 0.525388 0.16786 -0.0229881 1
14.5189 0.531025 0.167925 -0.0229404 1
14.6558 0.537405 0.167328 -0.021637 1
14.782 0.543316 0.167788 -0.0220688 1
14.9059 0.548492 0.167403 -0.0232845 1
15.0368 0.554823 0.166232 -0.018131 1
15.1632 0.560479 0.166198 -0.017802 1
15.2814 0.565762 0.165689 -0.0175808 1
15.4111 0.571093 0.16548 -0.016441 1
15.5121 0.575626 0.164837 -0.0169177 1
15.6408 0.57935 0.164353 -0.018145 1
15.757 0.583445 0.164097 -0.0186569 1
15.8898 0.587817 0.163645 -0.0192872 1
16.0165 0.591475 0.163303 -0.0188099 1
16.1463 0.594671 0.162955 -0.0192671 1
16.2668 0.598168 0.162456 -0.0183112 1
16.3937 0.600598 0.162175 -0.0199342 1
16.5252 0.602296 0.161705 -0.0196288 1
16.6453 0.604189 0.161365 -0.0205428 2
16.7844 0.60548 0.161502 -0.0209353 2
16.909 0.606061 0.161449 -0.0208928 2
17.0364 0.605855 0.161615 -0.0214631 2
17.1375 0.606076 0.161542 -0.0216225 2
17.268 0.606079 0.161383 -0.021555 2
17.3863 0.606192 0.160829 -0.0214001 2
17.5061 0.60652 0.160262 -0.0205035 2
17.6236 0.606457 0.159202 -0.0211836 2
17.7435 0.607145 0.158272 -0.0199748 2
17.8755 0.607519 0.157278 -0.0202757 2
17.9863 0.60802 0.15576 -0.0208589 2
18.1093 0.608309 0.153794 -0.0195707 2
18.2205 0.60872 0.152522 -0.0197705 2
18.3494 0.609073 0.150299 -0.0194547 2
18.482 0.610026 0.147994 -0.0174505 2
18.5937 0.610598 0.146157 -0.0196679 2
18.7176 0.611329 0.143723 -0.0200672 2
18.8347 0.612141 0.140402 -0.0176704 2
18.9709 0.6127 0.137726 -0.0192829 2
19.0915 0.613885 0.134941 -0.0180256 2
19.2104 0.614652 0.132008 -0.0196356 2
19.3532 0.615323 0.127899 -0.0181879 2
19.4779 0.616778 0.12503 -0.0170339 2
19.5964 0.617495 0.121351 -0.0185089 2
19.7173 0.618619 0.11784 -0.0158056 2
19.8228 0.618859 0.114394 -0.0189999 2
19.9534 0.619767 0.110103 -0.0180967 2
20.0988 0.620659 0.105685 -0.0171898 2
20.2232 0.621719 0.101249 -0.0159028 2
20.3551 0.622358 0.0960632 -0.0163042 2
20.4535 0.623167 0.0926786 -0.0177382 2
20.5943 0.624869 0.0874975 -0.0148935 2
20.7233 0.625073 0.082683 -0.0177298 2
20.8502 0.626099 0.0776986 -0.0187194 2
20.9697 0.626769 0.0729433 -0.0165542 2
21.0811 0.627272 0.0685203 -0.0178376 2
21.1952 0.62805 0.063637 -0.0184977 2
21.3077 0.628844 0.0588864 -0.0159612 2
21.4257 0.629136 0.0536248 -0.0171373 2
21.5495 0.629767 0.0484078 -0.0167128 2
21.6682 0.630385 0.0434601 -0.0166426 2
21.7881 0.630567 0.0378961 -0.0167158 2
21.896 0.631114 0.0329092 -0.0180264 2
22.0234 0.632133 0.0274092 -0.0169068 2
22.1429 0.632364 0.0219196 -0.0163671 2
22.2838 0.632663 0.0157533 -0.0169427 2
22.4087 0.63306 0.00943911 -0.0156174 2
22.5315 0.634031 0.0038721 -0.0140659 2
22.6537 0.633622 -0.00161552 -0.01605 2
22.795 0.633755 -0.00876302 -0.0166612 2
22.9092 0.633489 -0.0137624 -0.0183202 2
23.0413 0.633819 -0.0197555 -0.0186765 2
23.1573 0.633721 -0.0258856 -0.0184097 2
23.2732 0.633784 -0.0320091 -0.016779 2
23.4081 0.633421 -0.0383352 -0.0169662 2
23.5316 0.632792 -0.0435556 -0.0171399 2
23.6398 0.633182 -0.0486756 -0.0187449 2
23.7578 0.633198 -0.0547085 -0.0162374 2
23.8853 0.632605 -0.0609749 -0.0180584 2
24.0195 0.632179 -0.0669356 -0.0168847 2
24.1474 0.63226 -0.0739166 -0.0142896 2
24.2503 0.631674 -0.07932 -0.0150589 2
24.3714 0.630831 -0.0837792 -0.017189 2
24.4953 0.629404 -0.0894195 -0.0173546 2
24.6086 0.629114 -0.0941836 -0.0137096 2
24.7508 0.627898 -0.100761 -0.0128824 2
24.8589 0.627059 -0.105308 -0.0119341 2
24.9859 0.625874 -0.109993 -0.010927 2
25.1138 0.625102 -0.115364 -0.00990473 2
25.2468 0.624283 -0.119838 -0.0100319 2
25.3675 0.622953 -0.124347 -0.010061 2
25.4931 0.621883 -0.132229 -0.00927045 2
25.6213 0.620912 -0.136001 -0.0100751 2
25.7509 0.619428 -0.140456 -0.0109513 2
25.8669 0.618819 -0.145362 -0.0109472 2
25.9999 0.61874 -0.149789 -0.0101157 2
26.1465 0.617551 -0.154635 -0.0112995 2
26.2525 0.616426 -0.15865 -0.0117066 2
26.3609 0.616021 -0.162001 -0.0121237 2
26.5162 0.615505 -0.16734 -0.0122201 2
26.636 0.61473 -0.170789 -0.0124795 2
26.742 0.613324 -0.174046 -0.0127342 2
26.8717 0.611665 -0.177947 -0.0139815 2
27.0179 0.611715 -0.182183 -0.0136381 2
27.1333 0.608791 -0.185143 -0.0133802 2
27.2401 0.607179 -0.18753 -0.0138145 2
27.3602 0.606858 -0.190118 -0.0138676 2
27.4858 0.605939 -0.192658 -0.0139335 2
27.615 0.604928 -0.195637 -0.0147991 2
27.74 0.604061 -0.19768 -0.0158533 2
27.8722 0.604116 -0.199572 -0.0139529 2
28.0007 0.603328 -0.20198 -0.0144374 2
28.1243 0.60346 -0.203184 -0.0124072 2
28.261 0.602979 -0.205109 -0.0123654 2
28.3849 0.602412 -0.206109 -0.0120989 3
28.5022 0.602422 -0.207046 -0.0117803 3
28.6392 0.601827 -0.207903 -0.0117518 3
28.7657 0.60133 -0.208505 -0.0130278 3
28.8886 0.601624 -0.209027 -0.012308 3
28.9953 0.601453 -0.209145 -0.0128596 3
29.1304 0.601645 -0.209088 -0.0119148 3
29.2565 0.601473 -0.208707 -0.0119281 3
29.3856 0.601392 -0.209174 -0.012432 3
29.5154 0.60159 -0.209111 -0.0118995 3
29.6141 0.601113 -0.209061 -0.0136365 3
29.7466 0.601578 -0.209212 -0.0122711 3
29.8786 0.601678 -0.209242 -0.0116858 3
30.0005 0.600913 -0.209524 -0.0119698 3
30.1281 0.601685 -0.20979 -0.0108392 3
30.2517 0.600877 -0.210066 -0.0109087 3
30.3708 0.600849 -0.21012 -0.0105428 3
30.498 0.601313 -0.211007 -0.00948869 3
30.608 0.600746 -0.211058 -0.0105906 3
30.7487 0.600434 -0.211241 -0.00949032 3
30.8701 0.600782 -0.21154 -0.00898764 3
30.9995 0.600489 -0.212005 -0.00809171 3
31.1296 0.600686 -0.211908 -0.00768447 3
31.2502 0.601299 -0.212257 -0.00749643 3
31.3658 0.601094 -0.212463 -0.00625019 4
31.4875 0.601024 -0.212635 -0.00538586 4
31.6153 0.600754 -0.212596 -0.00389528 4
31.7304 0.600265 -0.212644 -0.00442094 4
31.8485 0.599981 -0.212958 -0.00378963 4
31.9843 0.600315 -0.213193 -0.0038982 4
32.1099 0.600802 -0.212745 -0.00253039 4
32.2391 0.600036 -0.212887 -0.00262846 4
32.3625 0.600307 -0.212756 -0.00319552 4
32.4797 0.600417 -0.212484 -0.00274223 4
32.581 0.600204 -0.212108 -0.00278809 4
32.6972 0.600928 -0.211061 -0.00322583 4
32.8417 0.600012 -0.208856 -0.0041104 4
32.9575 0.600765 -0.206512 -0.00409111 4
33.0723 0.601026 -0.205147 -0.00470577 4
33.1894 0.600793 -0.203138 -0.00508531 4
33.3068 0.600221 -0.199819 -0.00379829 4
33.4707 0.600937 -0.195484 -0.00471456 4
33.6011 0.601311 -0.192659 -0.00460721 4
33.7057 0.60141 -0.190914 -0.00580278 4
33.8345 0.601241 -0.188093 -0.00851854 4
33.951 0.600933 -0.185352 -0.00868418 4
34.0577 0.601393 -0.183232 -0.0103907 4
34.1541 0.601182 -0.181686 -0.010914 4
34.2725 0.601505 -0.179023 -0.011741 4
34.3982 0.601545 -0.176213 -0.0130757 4
34.5174 0.601094 -0.175289 -0.0147158 4
34.6473 0.60077 -0.173216 -0.0151357 4
34.7812 0.600051 -0.170851 -0.0141434 4
34.8838 0.599869 -0.16877 -0.0128888 4
35.0046 0.599524 -0.167669 -0.0140852 4
35.1451 0.599771 -0.167149 -0.0127418 5
35.2676 0.59804 -0.16648 -0.012257 5
35.4134 0.598074 -0.166355 -0.0125662 5
35.5114 0.602612 -0.178097 -0.0109994 5
35.6322 0.608385 -0.199327 -0.0112232 5
35.7736 0.605462 -0.188766 -0.015982 5
35.9057 0.607307 -0.190645 -0.0239271 5
35.9976 0.607942 -0.190574 -0.023075 5
36.0836 0.609339 -0.190657 -0.0230206 5
36.2198 0.609162 -0.190634 -0.0242792 5
36.3453 0.609407 -0.190563 -0.0236465 5
36.4624 0.609229 -0.190562 -0.0238678 5
36.5886 0.609539 -0.190811 -0.0234663 5
36.7001 0.609254 -0.191067 -0.0241411 5
36.8263 0.609213 -0.191228 -0.0240066 5
36.9388 0.609133 -0.191036 -0.0246048 5
37.0529 0.609255 -0.191299 -0.0243587 5
37.1871 0.609369 -0.191238 -0.0238985 5
37.3059 0.609022 -0.191144 -0.0246491 5
37.4277 0.609397 -0.19125 -0.0244829 5
37.5559 0.609504 -0.1913 -0.0238972 5
37.68 0.608742 -0.191105 -0.0244462 5
37.8072 0.608701 -0.191146 -0.0242182 5
37.9063 0.609025 -0.191183 -0.0243305 5
38.0313 0.608977 -0.191198 -0.0240524 5
38.1506 0.609289 -0.191349 -0.0244923 5
38.2703 0.60853 -0.191266 -0.024457 5
38.3894 0.60895 -0.191175 -0.0244438 5
38.51 0.609276 -0.191226 -0.0237822 5
38.6399 0.609468 -0.191173 -0.0242726 5
38.7682 0.609629 -0.191281 -0.0237245 5
38.8827 0.608785 -0.191242 -0.0245046 5
39.0109 0.609228 -0.191277 -0.0245712 5
39.1277 0.609013 -0.19123 -0.0245157 5
39.2433 0.609214 -0.191389 -0.0246778 5
39.3592 0.608467 -0.191176 -0.0242497 5
39.4481 0.609128 -0.191341 -0.0244814 5
39.5733 0.60952 -0.191196 -0.0242565 5
39.6933 0.60921 -0.19126 -0.0242009 5
39.7997 0.609568 -0.191209 -0.0239132 5
39.9199 0.609112 -0.191324 -0.0240067 5
40.0453 0.609696 -0.191321 -0.0237735 5
40.1519 0.609266 -0.19124 -0.0245915 5
40.2725 0.60939 -0.191247 -0.0243066 5
40.3914 0.609213 -0.191332 -0.0248972 5
40.5101 0.608992 -0.191111 -0.024517 5
