0.00015378 0.325492 0.16204 -0.0734598 0
0.0824091 0.325491 0.16196 -0.0737039 0
0.193615 0.325481 0.162092 -0.0739456 0
0.293973 0.325464 0.162017 -0.0731903 0
0.395892 0.32548 0.162031 -0.0731119 0
0.488951 0.325549 0.162045 -0.0729211 0
0.587575 0.325519 0.161995 -0.0731743 0
0.681067 0.325516 0.162017 -0.0732984 0
0.801999 0.325519 0.162012 -0.0738155 0
0.874444 0.32547 0.162 -0.0729076 0
0.975722 0.325513 0.161981 -0.0724883 0
1.06932 0.325549 0.162026 -0.0736612 0
1.16838 0.325452 0.161977 -0.0740775 0
1.25284 0.325473 0.162055 -0.0741117 0
1.34892 0.325528 0.161975 -0.0733248 0
1.44796 0.325536 0.162064 -0.0731618 0
1.54574 0.325583 0.162123 -0.0732439 0
1.64141 0.325537 0.161977 -0.0735021 0
1.7588 0.325398 0.162127 -0.0738184 0
1.8577 0.325581 0.162045 -0.073431 0
1.99064 0.325525 0.162101 -0.0733428 0
2.11936 0.325543 0.161967 -0.0721221 0
2.2438 0.325473 0.162004 -0.0735955 0
2.36187 0.325439 0.161996 -0.0735675 0
2.48247 0.325523 0.162073 -0.0732173 0
2.60845 0.325393 0.161988 -0.0737807 0
2.74033 0.325566 0.162022 -0.0730544 0
2.86787 0.325486 0.162062 -0.0737306 0
2.98483 0.325562 0.162018 -0.0739303 0
3.10825 0.325391 0.16213 -0.0740309 0
3.23129 0.325523 0.162075 -0.0737818 0
3.32519 0.325354 0.162001 -0.0737435 0
3.46773 0.325491 0.161999 -0.0728028 0
3.62755 0.32553 0.162053 -0.0735139 0
3.72829 0.325505 0.161931 -0.0728468 0
3.85879 0.325466 0.162062 -0.0739771 0
3.98217 0.325406 0.162078 -0.0738481 0
4.09243 0.325424 0.162078 -0.0737913 0
4.22383 0.325515 0.162038 -0.072746 0
4.3372 0.325525 0.162021 -0.0738922 0
4.46802 0.325495 0.162058 -0.0741106 0
4.5848 0.325432 0.162055 -0.0740282 0
4.72489 0.325483 0.161945 -0.0736551 0
4.85849 0.325558 0.162123 -0.0737357 0
4.9818 0.325529 0.162039 -0.0737878 0
5.11284 0.325269 0.162039 -0.0744471 0
5.22912 0.325381 0.162084 -0.0736022 0
5.36837 0.325449 0.162048 -0.0735501 0
5.50455 0.32547 0.161914 -0.07343 0
5.64402 0.325497 0.16211 -0.0733 0
5.80458 0.325503 0.161987 -0.073627 0
5.90336 0.325421 0.162009 -0.0738163 0
6.02748 0.325492 0.162058 -0.0742181 0
6.16219 0.325477 0.161982 -0.0740719 0
6.30078 0.325522 0.161983 -0.0734357 0
6.38404 0.325514 0.162005 -0.0733676 0
6.5047 0.325413 0.162034 -0.0737242 0
6.63438 0.325513 0.162035 -0.0736592 0
6.78348 0.325466 0.162018 -0.0739862 0
6.89704 0.325443 0.161948 -0.073385 0
7.00003 0.325491 0.161968 -0.0734143 0
7.11394 0.325781 0.16239 -0.073623 0
7.25716 0.325845 0.162421 -0.0735604 0
7.37612 0.325847 0.162631 -0.0735986 0
7.48189 0.325949 0.162731 -0.0732507 0
7.59485 0.326095 0.162891 -0.0732536 0
7.72855 0.326437 0.163466 -0.0729761 0
7.86842 0.32641 0.163819 -0.0728199 0
7.99644 0.326914 0.164209 -0.0731191 0
8.12517 0.3272 0.164521 -0.0719504 0
8.24167 0.327338 0.164774 -0.0714182 0
8.37388 0.327144 0.165144 -0.070751 0
8.50131 0.327343 0.165538 -0.0702802 0
8.62643 0.327109 0.165731 -0.0683046 0
8.76291 0.327546 0.166161 -0.0679763 0
8.88819 0.327903 0.166591 -0.0666067 0
8.98838 0.327897 0.166536 -0.0643739 0
9.11446 0.327773 0.166317 -0.0625661 0
9.23846 0.327373 0.16681 -0.0616082 0
9.36496 0.328017 0.166748 -0.0599163 0
9.47872 0.327695 0.166865 -0.0599822 0
9.5932 0.328467 0.16708 -0.0585347 0
9.70996 0.32771 0.167532 -0.0587473 0
9.84165 0.326316 0.167807 -0.0584112 0
9.95937 0.326916 0.168066 -0.0574444 0
10.0778 0.327911 0.167969 -0.0550718 0
10.1968 0.326888 0.168003 -0.054577 0
10.3221 0.326686 0.168108 -0.0530078 0
10.4467 0.326811 0.167851 -0.051864 0
10.5753 0.326557 0.16783 -0.0497994 0
10.7178 0.32696 0.168006 -0.0488453 0
10.8287 0.327001 0.168015 -0.0470399 0
10.9846 0.326833 0.167884 -0.0450903 0
11.0982 0.32682 0.16793 -0.0452973 0
11.2219 0.327405 0.167788 -0.0432272 0
11.34 0.327551 0.167765 -0.041895 1
11.4634 0.327303 0.167929 -0.0409252 1
11.5881 0.326551 0.167906 -0.0417954 1
11.7075 0.326702 0.167966 -0.0413714 1
11.8309 0.328088 0.167945 -0.0394171 1
11.9341 0.327589 0.16778 -0.0403941 1
12.0438 0.327504 0.167957 -0.0397437 1
12.1815 0.326768 0.167851 -0.0408257 1
12.3095 0.328343 0.16792 -0.039467 1
12.4317 0.329291 0.168115 -0.0398055 1
12.5395 0.330621 0.168044 -0.0384265 1
12.6655 0.33366 0.168629 -0.037172 1
12.7848 0.335333 0.168284 -0.0363671 1
12.9182 0.33831 0.168559 -0.036261 1
13.0365 0.342076 0.169456 -0.0364844 1
13.1753 0.345586 0.169247 -0.0349154 1
13.3028 0.350277 0.169404 -0.0338562 1
13.4221 0.355428 0.169818 -0.033257 1
13.5604 0.360704 0.169791 -0.0304705 1
13.6811 0.365102 0.169609 -0.0298251 1
13.7894 0.370147 0.170102 -0.0300881 1
13.9159 0.375753 0.170021 -0.0283844 1
14.0606 0.38066 0.169457 -0.0273228 1
14.1473 0.38543 0.169794 -0.0271009 1
14.2666 0.390885 0.169916 -0.0274445 1
14.3948 0.396038 0.169523 -0.0265709 1
14.5189 0.401888 0.16909 -0.0258649 1
14.6558 0.408786 0.169169 -0.0257134 1
14.782 0.414008 0.169208 -0.0251299 1
14.9059 0.41881 0.168854 -0.0261341 1
15.0368 0.426094 0.168781 -0.0249869 1
15.1632 0.431528 0.168497 -0.02563 1
15.2814 0.435699 0.167862 -0.0267648 1
15.4111 0.442032 0.167565 -0.0254218 1
15.5121 0.44813 0.167397 -0.026245 1
15.6408 0.451053 0.166594 -0.0271011 1
15.757 0.457131 0.16632 -0.026542 1
15.8898 0.460499 0.165636 -0.0276199 1
16.0165 0.464565 0.164891 -0.0259766 1
16.1463 0.467292 0.164661 -0.0271885 1
16.2668 0.471532 0.164161 -0.0261876 1
16.3937 0.473534 0.16374 -0.0278729 1
16.5252 0.475513 0.163566 -0.0284513 1
16.6453 0.476307 0.163113 -0.0308948 2
16.7844 0.478673 0.163081 -0.0306549 2
16.909 0.479251 0.163124 -0.0321326 2
17.0364 0.479845 0.163168 -0.0308524 2
17.1375 0.480546 0.162918 -0.0310184 2
17.268 0.480932 0.162655 -0.0309605 2
17.3863 0.480478 0.162136 -0.0314278 2
17.5061 0.480505 0.161567 -0.030612 2
17.6236 0.480921 0.160465 -0.0295393 2
17.7435 0.480137 0.159853 -0.0296254 2
17.8755 0.4816 0.158676 -0.0288641 2
17.9863 0.480903 0.157274 -0.0286128 2
18.1093 0.482144 0.155256 -0.0286577 2
18.2205 0.482092 0.153776 -0.0272513 2
18.3494 0.48282 0.151398 -0.0287076 2
18.482 0.483878 0.149512 -0.0266192 2
18.5937 0.483955 0.147614 -0.0291058 2
18.7176 0.484618 0.145225 -0.0298845 2
18.8347 0.485474 0.142063 -0.0265162 2
18.9709 0.486759 0.139229 -0.0263932 2
19.0915 0.487327 0.136527 -0.0254421 2
19.2104 0.487313 0.13357 -0.0284043 2
19.3532 0.488204 0.129162 -0.0263215 2
19.4779 0.490068 0.126727 -0.0259471 2
19.5964 0.489881 0.122895 -0.0278087 2
19.7173 0.491592 0.119132 -0.0235741 2
19.8228 0.491886 0.115873 -0.0250761 2
19.9534 0.492818 0.111768 -0.0265136 2
20.0988 0.494251 0.107083 -0.0244478 2
20.2232 0.494898 0.102932 -0.0244536 2
20.3551 0.495608 0.0975088 -0.0229731 2
20.4535 0.495485 0.0940452 -0.0273001 2
20.5943 0.497347 0.089126 -0.0243109 2
20.7233 0.497851 0.08424 -0.0269746 2
20.8502 0.497581 0.0795476 -0.029795 2
20.9697 0.499605 0.0743897 -0.0240875 2
21.0811 0.500759 0.0700163 -0.0261249 2
21.1952 0.501553 0.064929 -0.0269787 2
21.3077 0.501396 0.0606558 -0.0253654 2
21.4257 0.500759 0.0548904 -0.026742 2
21.5495 0.501832 0.0499938 -0.0254504 2
21.6682 0.502828 0.0447706 -0.025921 2
21.7881 0.503471 0.0386647 -0.0245643 2
21.896 0.503154 0.0343709 -0.0259448 2
22.0234 0.504361 0.0293142 -0.024493 2
22.1429 0.504925 0.0234343 -0.0238938 2
22.2838 0.505467 0.017242 -0.0246711 2
22.4087 0.505792 0.0110493 -0.0222116 2
22.5315 0.50734 0.00560993 -0.0201583 2
22.6537 0.506339 -0.00025776 -0.0221407 2
22.795 0.505383 -0.00731352 -0.0273504 2
22.9092 0.506055 -0.0123273 -0.0268975 2
23.0413 0.505838 -0.0183904 -0.0277703 2
23.1573 0.506179 -0.0242476 -0.0299813 2
23.2732 0.506149 -0.0303584 -0.0272999 2
23.4081 0.50629 -0.036666 -0.0271866 2
23.5316 0.505988 -0.0423304 -0.0264118 2
23.6398 0.506317 -0.0471582 -0.0283615 2
23.7578 0.505971 -0.0529058 -0.028454 2
23.8853 0.505295 -0.0591131 -0.0289068 2
24.0195 0.504465 -0.0652309 -0.0306705 2
24.1474 0.505319 -0.0722377 -0.0266412 2
24.2503 0.503858 -0.0773658 -0.0268694 2
24.3714 0.502921 -0.0830998 -0.027286 2
24.4953 0.501856 -0.0885995 -0.0288179 2
24.6086 0.501864 -0.0937643 -0.0241882 2
24.7508 0.500793 -0.100355 -0.0229244 2
24.8589 0.499928 -0.104561 -0.0234982 2
24.9859 0.498797 -0.109434 -0.0198233 2
25.1138 0.498189 -0.115083 -0.0187742 2
25.2468 0.498064 -0.119301 -0.0178007 2
25.3675 0.496249 -0.12195 -0.0200819 2
25.4931 0.495547 -0.13078 -0.0210772 2
25.6213 0.493921 -0.134745 -0.0211465 2
25.7509 0.493412 -0.138493 -0.0222694 2
25.8669 0.491851 -0.143289 -0.0209398 2
25.9999 0.490786 -0.147655 -0.0197317 2
26.1465 0.489394 -0.15227 -0.0223867 2
26.2525 0.488156 -0.15717 -0.0275474 2
26.3609 0.487546 -0.160881 -0.0280075 2
26.5162 0.485533 -0.165491 -0.0268466 2
26.636 0.484011 -0.168958 -0.0274992 2
26.742 0.48263 -0.172538 -0.0287455 2
26.8717 0.481297 -0.176501 -0.0292358 2
27.0179 0.480788 -0.180753 -0.0289864 2
27.1333 0.480344 -0.183761 -0.0273764 2
27.2401 0.479791 -0.185766 -0.0260928 2
27.3602 0.478117 -0.188545 -0.026759 2
27.4858 0.476879 -0.191169 -0.027367 2
27.615 0.475337 -0.194123 -0.0282461 2
27.74 0.474805 -0.196167 -0.0290138 2
27.8722 0.474081 -0.198484 -0.0283195 2
28.0007 0.472587 -0.200432 -0.027735 2
28.1243 0.47191 -0.201961 -0.0276222 2
28.261 0.471268 -0.203825 -0.0276272 2
28.3849 0.471014 -0.204702 -0.0263902 3
28.5022 0.471032 -0.205611 -0.0264998 3
28.6392 0.470791 -0.206626 -0.0269583 3
28.7657 0.470253 -0.207503 -0.0274603 3
28.8886 0.470069 -0.207999 -0.0275318 3
28.9953 0.470273 -0.208156 -0.0277122 3
29.1304 0.469791 -0.20804 -0.0285091 3
29.2565 0.470142 -0.207835 -0.0276652 3
29.3856 0.470115 -0.208294 -0.0279978 3
29.5154 0.470187 -0.20774 -0.0269018 3
29.6141 0.469756 -0.207923 -0.0277458 3
29.7466 0.469937 -0.208177 -0.02798 3
29.8786 0.470123 -0.20802 -0.0264898 3
30.0005 0.469951 -0.207894 -0.026897 3
30.1281 0.4696 -0.209061 -0.0275705 3
30.2517 0.469792 -0.208862 -0.0270462 3
30.3708 0.469346 -0.209077 -0.0268653 3
30.498 0.469167 -0.209422 -0.0257748 3
30.608 0.469092 -0.209512 -0.0260108 3
30.7487 0.469044 -0.209572 -0.026083 3
30.8701 0.469158 -0.210115 -0.0247524 3
30.9995 0.469279 -0.210299 -0.0244665 3
31.1296 0.469934 -0.21054 -0.0230519 3
31.2502 0.469233 -0.210884 -0.0220857 3
31.3658 0.469249 -0.211569 -0.0213617 4
31.4875 0.469538 -0.211762 -0.0203952 4
31.6153 0.46983 -0.212109 -0.0175721 4
31.7304 0.469748 -0.212235 -0.0184997 4
31.8485 0.468953 -0.21223 -0.0181896 4
31.9843 0.470041 -0.212438 -0.0163375 4
32.1099 0.47022 -0.212365 -0.0157101 4
32.2391 0.469537 -0.212668 -0.0160818 4
32.3625 0.470018 -0.212764 -0.0160586 4
32.4797 0.470071 -0.212479 -0.0148884 4
32.581 0.469441 -0.211935 -0.0169959 4
32.6972 0.470717 -0.210907 -0.0151366 4
32.8417 0.469837 -0.208928 -0.0166544 4
32.9575 0.469586 -0.206802 -0.0185057 4
33.0723 0.470295 -0.204468 -0.0198427 4
33.1894 0.470334 -0.202431 -0.0187469 4
33.3068 0.470508 -0.199788 -0.019787 4
33.4707 0.470212 -0.195819 -0.0211109 4
33.6011 0.470752 -0.192632 -0.0200305 4
33.7057 0.47082 -0.190001 -0.021535 4
33.8345 0.470473 -0.187225 -0.0254894 4
33.951 0.470824 -0.184141 -0.0252941 4
34.0577 0.470874 -0.182198 -0.0261142 4
34.1541 0.470866 -0.180307 -0.0268961 4
34.2725 0.471304 -0.177592 -0.0278426 4
34.3982 0.471878 -0.175335 -0.0283147 4
34.5174 0.471626 -0.173738 -0.0292823 4
34.6473 0.471879 -0.171594 -0.02863 4
34.7812 0.472021 -0.170135 -0.0300389 4
34.8838 0.471706 -0.168893 -0.0296867 4
35.0046 0.470632 -0.167444 -0.0285223 4
35.1451 0.470204 -0.166599 -0.0281473 5
35.2676 0.470431 -0.165442 -0.027253 5
35.4134 0.470119 -0.165808 -0.0271149 5
35.5114 0.469836 -0.176486 -0.0255223 5
35.6322 0.469206 -0.197659 -0.0245844 5
35.7736 0.471281 -0.187075 -0.0285787 5
35.9057 0.478317 -0.189364 -0.0319693 5
35.9976 0.478343 -0.189388 -0.0329546 5
36.0836 0.478775 -0.189043 -0.0320402 5
36.2198 0.478038 -0.189413 -0.0349745 5
36.3453 0.478696 -0.189351 -0.0330283 5
36.4624 0.478431 -0.189281 -0.0338266 5
36.5886 0.478401 -0.189499 -0.0332009 5
36.7001 0.47888 -0.189783 -0.0326424 5
36.8263 0.479054 -0.189847 -0.032274 5
36.9388 0.478661 -0.18981 -0.0335029 5
37.0529 0.478649 -0.189836 -0.033572 5
37.1871 0.4784 -0.189946 -0.0329426 5
37.3059 0.478835 -0.189914 -0.0332691 5
37.4277 0.47893 -0.189841 -0.0326789 5
37.5559 0.478896 -0.18998 -0.0331482 5
37.68 0.47885 -0.189867 -0.0328102 5
37.8072 0.479136 -0.189858 -0.0328824 5
37.9063 0.479 -0.189928 -0.0324979 5
38.0313 0.478874 -0.189936 -0.0322099 5
38.1506 0.478781 -0.189957 -0.0324257 5
38.2703 0.478877 -0.190004 -0.0332672 5
38.3894 0.478793 -0.189922 -0.0333715 5
38.51 0.479101 -0.189938 -0.0320522 5
38.6399 0.478565 -0.189884 -0.0337563 5
38.7682 0.478678 -0.189914 -0.0333875 5
38.8827 0.478684 -0.190083 -0.0336263 5
39.0109 0.478702 -0.189895 -0.033348 5
39.1277 0.478659 -0.190017 -0.0334559 5
39.2433 0.478659 -0.189942 -0.0330647 5
39.3592 0.478879 -0.190001 -0.032695 5
39.4481 0.47895 -0.189957 -0.0329817 5
39.5733 0.478915 -0.190026 -0.032754 5
39.6933 0.479016 -0.189994 -0.0326503 5
39.7997 0.478968 -0.189954 -0.0324268 5
39.9199 0.479104 -0.190013 -0.0324499 5
40.0453 0.478725 -0.190022 -0.0330987 5
40.1519 0.478737 -0.189936 -0.033237 5
40.2725 0.47886 -0.189891 -0.0328591 5
40.3914 0.478681 -0.189949 -0.0334312 5
40.5101 0.478867 -0.189978 -0.032538 5
