0.00015378 0.384391 0.0708951 0.169465 0 0
0.0824091 0.384373 0.0708935 0.16944 0 0
0.193615 0.384389 0.0708999 0.169461 0 0
0.293973 0.384365 0.0709077 0.16944 0 0
0.395892 0.384371 0.0709023 0.16945 0 0
0.488951 0.384381 0.0709176 0.16946 0 0
0.587575 0.384392 0.0708981 0.169452 0 0
0.681067 0.384371 0.0709087 0.169452 0 0
0.801999 0.384375 0.0709054 0.169439 0 0
0.874444 0.384388 0.0709073 0.16945 0 0
0.975722 0.384382 0.0709068 0.16943 0 0
1.06932 0.384382 0.0708889 0.169455 0 0
1.16838 0.384387 0.0708755 0.169436 0 0
1.25284 0.384384 0.0708867 0.16945 0 0
1.34892 0.384378 0.0709045 0.169449 0 0
1.44796 0.384396 0.0709051 0.169463 0 0
1.54574 0.384388 0.0709148 0.169461 0 0
1.64141 0.384378 0.0708857 0.169443 0 0
1.7588 0.384389 0.0708992 0.169464 0 0
1.8577 0.384383 0.0709147 0.169456 0 0
1.99064 0.384397 0.0709042 0.169469 0 0
2.11936 0.384384 0.0708889 0.169452 0 0
2.2438 0.384381 0.0708985 0.169445 0 0
2.36187 0.384361 0.0708875 0.169431 0 0
2.48247 0.384382 0.0709102 0.169471 0 0
2.60845 0.384377 0.0708824 0.169454 0 0
2.74033 0.384399 0.0709124 0.169462 0 0
2.86787 0.384384 0.0708949 0.169458 0 0
2.98483 0.384366 0.0709022 0.16944 0 0
3.10825 0.384382 0.0709006 0.169462 0 0
3.23129 0.384385 0.070902 0.169465 0 0
3.32519 0.384377 0.0708903 0.169449 0 0
3.46773 0.384374 0.0709091 0.169439 0 0
3.62755 0.384392 0.0709054 0.16946 0 0
3.72829 0.384381 0.0708957 0.169445 0 0
3.85879 0.38438 0.0708917 0.169458 0 0
3.98217 0.384371 0.0708904 0.169448 0 0
4.09243 0.384384 0.070899 0.169448 0 0
4.22383 0.384377 0.0709064 0.169453 0 0
4.3372 0.38439 0.0709019 0.169461 0 0
4.46802 0.384386 0.0708994 0.169457 0 0
4.5848 0.384382 0.0709072 0.169454 0 0
4.72489 0.384375 0.0708792 0.169439 0 0
4.85849 0.384391 0.0709207 0.169472 0 0
4.9818 0.384394 0.070889 0.169463 0 0
5.11284 0.384386 0.0708883 0.169449 0 0
5.22912 0.384394 0.0709042 0.169472 0 0
5.36837 0.384378 0.0708997 0.169463 0 0
5.50455 0.384381 0.0708773 0.169435 0 0
5.64402 0.384388 0.0709139 0.169461 0 0
5.80458 0.384385 0.0708944 0.169448 0 0
5.90336 0.384382 0.0708866 0.169442 0 0
6.02748 0.38438 0.070888 0.169453 0 0
6.16219 0.384371 0.0708921 0.169437 0 0
6.30078 0.384384 0.0708912 0.169458 0 0
6.38404 0.38438 0.070911 0.16944 0 0
6.5047 0.384378 0.070895 0.169457 0 0
6.63438 0.384374 0.0709092 0.16945 0 0
6.78348 0.384383 0.070884 0.169442 0 0
6.89704 0.384373 0.0709033 0.169447 0 0
7.00003 0.384401 0.0709046 0.169633 0 0
7.11394 0.38445 0.07093 0.170166 0 0
7.25716 0.384526 0.070972 0.17093 0 0
7.37612 0.384628 0.0710012 0.171756 0 0
7.48189 0.3847 0.0710226 0.172589 0 0
7.59485 0.384809 0.0710569 0.173602 0 0
7.72855 0.384952 0.0711028 0.174968 0 0
7.86842 0.385105 0.0711492 0.17664 0 0
7.99644 0.385252 0.0711818 0.178306 0 0
8.12517 0.385398 0.071219 0.180057 0 0
8.24167 0.385505 0.0712243 0.181691 0 0
8.37388 0.385641 0.0712718 0.183752 0 0
8.50131 0.385781 0.071308 0.185814 0 0
8.62643 0.385897 0.0713232 0.18779 0 0
8.76291 0.386021 0.0713459 0.190303 0 0
8.88819 0.386116 0.0713579 0.192483 0 0
8.98838 0.386181 0.0713571 0.194346 0 0
9.11446 0.386247 0.0713321 0.196509 0 0
9.23846 0.38633 0.0713287 0.198897 0 0
9.36496 0.386332 0.0712891 0.201258 0 0
9.47872 0.386377 0.0712854 0.20332 0 0
9.5932 0.386367 0.0712467 0.205513 0 0
9.70996 0.386382 0.0712105 0.2076 0 0
9.84165 0.386358 0.0711354 0.210074 0 0
9.95937 0.386307 0.071071 0.212031 0 0
10.0778 0.386258 0.071029 0.214063 0 0
10.1968 0.386233 0.0709684 0.216081 0 0
10.3221 0.386148 0.0708846 0.218136 0 0
10.4467 0.386073 0.0708054 0.219956 0 0
10.5753 0.385969 0.0707285 0.221754 0 0
10.7178 0.385888 0.07064 0.223663 0 0
10.8287 0.385802 0.0705838 0.225055 0 0
10.9846 0.3857 0.0705222 0.226756 0 0
11.0982 0.385638 0.0704701 0.22793 0 0
11.2219 0.385565 0.0704091 0.228877 0 0
11.34 0.385495 0.0703624 0.229721 0 1
11.4634 0.385466 0.0703321 0.23039 0 1
11.5881 0.385441 0.0702971 0.230807 0 1
11.7075 0.385414 0.0702968 0.231033 0 1
11.8309 0.385404 0.0702871 0.231084 0 1
11.9341 0.385401 0.0702879 0.231075 0 1
12.0438 0.385594 0.0702641 0.231141 0 1
12.1815 0.386486 0.0703875 0.231305 0 1
12.3095 0.387884 0.070545 0.231569 0 1
12.4317 0.389579 0.0707747 0.231839 0 1
12.5395 0.391589 0.0709867 0.232217 0 1
12.6655 0.394083 0.0712164 0.232657 0 1
12.7848 0.397122 0.071528 0.233068 0 1
12.9182 0.400367 0.0718779 0.23358 0 1
13.0365 0.404187 0.0722941 0.234157 0 1
13.1753 0.408569 0.0726012 0.234732 0 1
13.3028 0.413066 0.072967 0.235291 0 1
13.4221 0.417489 0.0733517 0.23582 0 1
13.5604 0.423033 0.0736459 0.236371 0 1
13.6811 0.427609 0.0739207 0.236738 0 1
13.7894 0.432294 0.074166 0.237168 0 1
13.9159 0.437816 0.0743601 0.237542 0 1
14.0606 0.444188 0.0745227 0.237872 0 1
14.1473 0.448108 0.0745892 0.238027 0 1
14.2666 0.453622 0.0746631 0.238209 0 1
14.3948 0.4594 0.0746694 0.238251 0 1
14.5189 0.46491 0.0746595 0.238269 0 1
14.6558 0.471097 0.0744692 0.238159 0 1
14.782 0.476924 0.074393 0.238127 0 1
14.9059 0.482654 0.074093 0.23787 0 1
15.0368 0.488188 0.0738599 0.237545 0 1
15.1632 0.493697 0.0735529 0.237217 0 1
15.2814 0.498605 0.0731746 0.236835 0 1
15.4111 0.503726 0.0728661 0.236475 0 1
15.5121 0.507663 0.0725314 0.236054 0 1
15.6408 0.512246 0.0720464 0.235554 0 1
15.757 0.516084 0.0716806 0.235152 0 1
15.8898 0.520343 0.0712489 0.234534 0 1
16.0165 0.523978 0.0708116 0.23406 0 1
16.1463 0.527214 0.070418 0.233683 0 1
16.2668 0.52994 0.0701256 0.233232 0 1
16.3937 0.532358 0.069792 0.232868 0 1
16.5252 0.534305 0.0695238 0.23251 0 1
16.6453 0.535655 0.0693322 0.232267 0 2
16.7844 0.536707 0.069203 0.232131 0 2
16.909 0.536969 0.0691405 0.232118 0 2
17.0364 0.536954 0.0691537 0.232122 0 2
17.1375 0.536953 0.0691255 0.232105 0 2
17.268 0.537058 0.0687904 0.23216 0 2
17.3863 0.537258 0.0682829 0.232164 0 2
17.5061 0.537498 0.0676456 0.232149 0 2
17.6236 0.5378 0.0667538 0.232147 0 2
17.7435 0.538171 0.0657578 0.23219 0 2
17.8755 0.538644 0.0645069 0.232241 0 2
17.9863 0.539096 0.0630919 0.232228 0 2
18.1093 0.539632 0.0615159 0.232269 0 2
18.2205 0.540141 0.0600967 0.232297 0 2
18.3494 0.540846 0.0580239 0.232302 0 2
18.482 0.541666 0.0555885 0.232383 0 2
18.5937 0.542301 0.0536937 0.232417 0 2
18.7176 0.543117 0.0512275 0.232459 0 2
18.8347 0.543929 0.0485845 0.232495 0 2
18.9709 0.544877 0.04559 0.232512 0 2
19.0915 0.545749 0.0427036 0.232554 0 2
19.2104 0.546628 0.0397362 0.232618 0 2
19.3532 0.547716 0.0359177 0.232658 0 2
19.4779 0.548682 0.0327249 0.232755 0 2
19.5964 0.549618 0.0292075 0.232762 0 2
19.7173 0.550583 0.0257343 0.232821 0 2
19.8228 0.551422 0.0224721 0.232869 0 2
19.9534 0.552503 0.0182299 0.232894 0 2
20.0988 0.553613 0.0137321 0.232978 0 2
20.2232 0.554644 0.0093515 0.233058 0 2
20.3551 0.555715 0.00466194 0.233073 0 2
20.4535 0.55648 0.00120694 0.233118 0 2
20.5943 0.55758 -0.00412184 0.233213 0 2
20.7233 0.558568 -0.00886137 0.233256 0 2
20.8502 0.559476 -0.0137662 0.233293 0 2
20.9697 0.560335 -0.018557 0.233369 0 2
21.0811 0.561057 -0.0227648 0.233316 0 2
21.1952 0.561905 -0.0275616 0.233438 0 2
21.3077 0.562605 -0.0322313 0.233529 0 2
21.4257 0.563327 -0.0373268 0.23348 0 2
21.5495 0.564029 -0.0423876 0.233532 0 2
21.6682 0.564722 -0.0475446 0.233628 0 2
21.7881 0.565338 -0.0529517 0.233668 0 2
21.896 0.565833 -0.0578964 0.233665 0 2
22.0234 0.566396 -0.0635798 0.233673 0 2
22.1429 0.56689 -0.0689633 0.233765 0 2
22.2838 0.567336 -0.075188 0.233781 0 2
22.4087 0.567729 -0.081108 0.23383 0 2
22.5315 0.568021 -0.0866774 0.233845 0 2
22.6537 0.568286 -0.0922966 0.233843 0 2
22.795 0.568509 -0.0990155 0.233847 0 2
22.9092 0.568617 -0.104277 0.233909 0 2
23.0413 0.568715 -0.110304 0.233935 0 2
23.1573 0.568725 -0.116037 0.233934 0 2
23.2732 0.568652 -0.12175 0.233898 0 2
23.4081 0.568521 -0.127858 0.233898 0 2
23.5316 0.568377 -0.133868 0.233981 0 2
23.6398 0.568223 -0.138717 0.233948 0 2
23.7578 0.567903 -0.144448 0.233983 0 2
23.8853 0.567529 -0.150462 0.233916 0 2
24.0195 0.567131 -0.156825 0.234015 0 2
24.1474 0.566606 -0.162794 0.234008 0 2
24.2503 0.566169 -0.167503 0.233935 0 2
24.3714 0.56562 -0.173058 0.233941 0 2
24.4953 0.565024 -0.17861 0.233977 0 2
24.6086 0.564461 -0.183544 0.233927 0 2
24.7508 0.563635 -0.189936 0.233967 0 2
24.8589 0.562948 -0.194591 0.233872 0 2
24.9859 0.562168 -0.200119 0.233926 0 2
25.1138 0.561284 -0.205586 0.233894 0 2
25.2468 0.560547 -0.209863 0.233824 0 2
25.3675 0.55968 -0.214989 0.233813 0 2
25.4931 0.558266 -0.222643 0.233877 0 2
25.6213 0.557563 -0.226149 0.233787 0 2
25.7509 0.556471 -0.231385 0.233777 0 2
25.8669 0.555415 -0.236294 0.233701 0 2
25.9999 0.554479 -0.240639 0.233727 0 2
26.1465 0.553245 -0.245918 0.233695 0 2
26.2525 0.552337 -0.249609 0.233646 0 2
26.3609 0.551439 -0.25329 0.2336 0 2
26.5162 0.550145 -0.25831 0.233545 0 2
26.636 0.549214 -0.26203 0.233596 0 2
26.742 0.54824 -0.265544 0.23359 0 2
26.8717 0.547251 -0.269124 0.233495 0 2
27.0179 0.546055 -0.273161 0.233457 0 2
27.1333 0.545186 -0.276213 0.233426 0 2
27.2401 0.544361 -0.278906 0.233395 0 2
27.3602 0.543565 -0.281674 0.233402 0 2
27.4858 0.542747 -0.284384 0.233419 0 2
27.615 0.541836 -0.287212 0.233364 0 2
27.74 0.541105 -0.289565 0.233388 0 2
27.8722 0.540325 -0.291904 0.233344 0 2
28.0007 0.539635 -0.293942 0.233345 0 2
28.1243 0.539074 -0.295692 0.233296 0 2
28.261 0.538489 -0.297411 0.233244 0 2
28.3849 0.538035 -0.298734 0.233229 0 3
28.5022 0.537693 -0.299786 0.233215 0 3
28.6392 0.53737 -0.300743 0.233218 0 3
28.7657 0.537173 -0.301318 0.233213 0 3
28.8886 0.537041 -0.301711 0.233201 0 3
28.9953 0.536996 -0.30185 0.233183 0 3
29.1304 0.536996 -0.301882 0.233216 0 3
29.2565 0.537012 -0.301887 0.233239 0 3
29.3856 0.537023 -0.301896 0.23335 0 3
29.5154 0.537055 -0.301971 0.233774 0 3
29.6141 0.537057 -0.301986 0.234207 0 3
29.7466 0.537061 -0.302062 0.234841 0 3
29.8786 0.537082 -0.302154 0.235667 0 3
30.0005 0.537066 -0.302254 0.236481 0 3
30.1281 0.537076 -0.302352 0.2374 0 3
30.2517 0.537082 -0.302464 0.238364 0 3
30.3708 0.537079 -0.302557 0.239373 0 3
30.498 0.537049 -0.302695 0.240484 0 3
30.608 0.537088 -0.302759 0.241552 0 3
30.7487 0.537103 -0.302914 0.24286 0 3
30.8701 0.537099 -0.303015 0.243884 0 3
30.9995 0.537095 -0.303126 0.244934 0 3
31.1296 0.537077 -0.303244 0.246035 0 3
31.2502 0.53704 -0.30339 0.247053 0 3
31.3658 0.537042 -0.303428 0.247887 0 4
31.4875 0.537025 -0.30352 0.248681 0 4
31.6153 0.537033 -0.303615 0.249471 0 4
31.7304 0.537033 -0.303642 0.250082 0 4
31.8485 0.537 -0.303702 0.250506 0 4
31.9843 0.536999 -0.303738 0.250892 0 4
32.1099 0.536982 -0.303771 0.251089 0 4
32.2391 0.536966 -0.303776 0.251114 0 4
32.3625 0.536951 -0.303768 0.251116 0 4
32.4797 0.536971 -0.303426 0.25097 0 4
32.581 0.536969 -0.302797 0.250618 0 4
32.6972 0.537036 -0.301749 0.250046 0 4
32.8417 0.537143 -0.299976 0.249318 0 4
32.9575 0.537282 -0.29821 0.248559 0 4
33.0723 0.53735 -0.296411 0.247669 0 4
33.1894 0.537406 -0.294364 0.246663 0 4
33.3068 0.537479 -0.292326 0.245745 0 4
33.4707 0.537652 -0.288824 0.244166 0 4
33.6011 0.53765 -0.286249 0.242951 0 4
33.7057 0.537614 -0.284067 0.241864 0 4
33.8345 0.537694 -0.281172 0.240579 0 4
33.951 0.537659 -0.278809 0.239494 0 4
34.0577 0.537634 -0.276491 0.238337 0 4
34.1541 0.537683 -0.274483 0.237492 0 4
34.2725 0.537615 -0.272112 0.23637 0 4
34.3982 0.537536 -0.269773 0.235267 0 4
34.5174 0.537492 -0.26767 0.234248 0 4
34.6473 0.537425 -0.265669 0.233296 0 4
34.7812 0.537342 -0.264001 0.232543 0 4
34.8838 0.537279 -0.262899 0.232018 0 4
35.0046 0.537226 -0.261761 0.231504 0 4
35.1451 0.537164 -0.261035 0.231115 0 5
35.2676 0.537176 -0.260769 0.231038 0 5
35.4134 0.537314 -0.261012 0.230718 0 5
35.5114 0.542334 -0.270623 0.212291 0 5
35.6322 0.54724 -0.281179 0.187471 0 5
35.7736 0.546773 -0.281186 0.192566 0 5
35.9057 0.54746 -0.282638 0.189026 0 5
35.9976 0.547389 -0.282836 0.189105 0 5
36.0836 0.547381 -0.282876 0.189103 0 5
36.2198 0.54736 -0.282906 0.189112 0 5
36.3453 0.547376 -0.282887 0.189102 0 5
36.4624 0.547366 -0.282893 0.189103 0 5
36.5886 0.547367 -0.282894 0.189016 0 5
36.7001 0.547391 -0.282929 0.188893 0 5
36.8263 0.547398 -0.282886 0.188827 0 5
36.9388 0.547412 -0.282905 0.188859 0 5
37.0529 0.5474 -0.282909 0.188838 0 5
37.1871 0.547393 -0.282906 0.188835 0 5
37.3059 0.547403 -0.2829 0.188837 0 5
37.4277 0.547404 -0.282916 0.188857 0 5
37.5559 0.547395 -0.282915 0.188834 0 5
37.68 0.547404 -0.282919 0.18885 0 5
37.8072 0.547404 -0.282917 0.18884 0 5
37.9063 0.547393 -0.282912 0.18884 0 5
38.0313 0.547396 -0.282916 0.188837 0 5
38.1506 0.547377 -0.282934 0.188805 0 5
38.2703 0.547404 -0.282895 0.188833 0 5
38.3894 0.547398 -0.282914 0.18882 0 5
38.51 0.54739 -0.282898 0.188825 0 5
38.6399 0.547415 -0.282897 0.188831 0 5
38.7682 0.547408 -0.282921 0.188837 0 5
38.8827 0.547374 -0.282942 0.188771 0 5
39.0109 0.547397 -0.282902 0.188829 0 5
39.1277 0.547387 -0.282937 0.188821 0 5
39.2433 0.547404 -0.282911 0.188808 0 5
39.3592 0.547399 -0.2829 0.188821 0 5
39.4481 0.547399 -0.282911 0.188837 0 5
39.5733 0.547408 -0.282909 0.18883 0 5
39.6933 0.547397 -0.282916 0.18883 0 5
39.7997 0.54739 -0.282912 0.188818 0 5
39.9199 0.54739 -0.282928 0.188819 0 5
40.0453 0.547388 -0.282907 0.188801 0 5
40.1519 0.547409 -0.282894 0.188795 0 5
40.2725 0.547393 -0.282921 0.188844 0 5
40.3914 0.547385 -0.282927 0.188811 0 5
40.5101 0.547406 -0.282886 0.18883 0 5
