35.0046 35.0046 0 0 5
35.1451 35.0046 0 0.14051 5
35.2676 35.0046 0.14051 0.263022 5
35.4134 35.0046 0.263022 0.408796 5
35.5114 35.0046 0.408796 0.506786 5
35.6322 35.0046 0.506786 0.627602 5
35.7736 35.0046 0.627602 0.769001 5
35.9057 35.0046 0.769001 0.901097 5
35.9976 35.0046 0.901097 0.992971 5
36.0836 35.0046 0.992971 1.07899 5
36.2198 35.0046 1.07899 1.21523 5
36.3453 35.0046 1.21523 1.34067 5
36.4624 35.0046 1.34067 1.45785 5
36.5886 35.0046 1.45785 1.58403 5
36.7001 35.0046 1.58403 1.69555 5
36.8263 35.0046 1.69555 1.82167 5
36.9388 35.0046 1.82167 1.93424 5
37.0529 35.0046 1.93424 2.04831 5
37.1871 35.0046 2.04831 2.18248 5
37.3059 35.0046 2.18248 2.30133 5
37.4277 35.0046 2.30133 2.42309 5
37.5559 35.0046 2.42309 2.55126 5
37.68 35.0046 2.55126 2.67546 5
37.8072 35.0046 2.67546 2.80258 5
37.9063 35.0046 2.80258 2.90174 5
38.0313 35.0046 2.90174 3.02669 5
38.1506 35.0046 3.02669 3.14597 5
38.2703 35.0046 3.14597 3.26571 5
38.3894 35.0046 3.26571 3.38482 5
38.51 35.0046 3.38482 3.5054 5
38.6399 35.0046 3.5054 3.63529 5
38.7682 35.0046 3.63529 3.76364 5
38.8827 35.0046 3.76364 3.87808 5
39.0109 35.0046 3.87808 4.00626 5
39.1277 35.0046 4.00626 4.12314 5
39.2433 35.0046 4.12314 4.23876 5
39.3592 35.0046 4.23876 4.35459 5
39.4481 35.0046 4.35459 4.4435 5
39.5733 35.0046 4.4435 4.56874 5
39.6933 35.0046 4.56874 4.68868 5
39.7997 35.0046 4.68868 4.79511 5
39.9199 35.0046 4.79511 4.91533 5
40.0453 35.0046 4.91533 5.04074 5
40.1519 35.0046 5.04074 5.14729 5
40.2725 35.0046 5.14729 5.26786 5
40.3914 35.0046 5.26786 5.38685 5
40.5101 35.0046 5.38685 5.5055 5
