-2.38419e-07 0.339027 0.0152259 0.23
0.0662999 0.339017 0.015223 0.23
0.167164 0.339042 0.0152214 0.23
0.2634 0.339027 0.0152208 0.23
0.348417 0.339032 0.0152371 0.23
0.432623 0.339024 0.0152246 0.23
0.516225 0.33903 0.0152301 0.23
0.598729 0.339034 0.0152181 0.23
0.687348 0.33903 0.0152345 0.23
0.77207 0.339027 0.0152259 0.23
0.853875 0.339032 0.015227 0.23
0.939867 0.339033 0.0152426 0.23
1.04024 0.33903 0.0152157 0.23
1.14187 0.339041 0.0152242 0.23
1.23727 0.339021 0.0152114 0.23
1.31688 0.339021 0.0152195 0.23
1.41629 0.339024 0.0152278 0.23
1.52501 0.33904 0.0152154 0.23
1.61261 0.339033 0.0152304 0.23
1.71642 0.339043 0.0152135 0.23
1.80045 0.33902 0.0152222 0.23
1.88813 0.339029 0.0152185 0.23
1.98435 0.33904 0.015231 0.23
2.07014 0.339041 0.0152158 0.23
2.16895 0.339031 0.015211 0.23
2.25708 0.339026 0.0152173 0.23
2.34371 0.339039 0.0152164 0.23
2.45933 0.339029 0.0152234 0.23
2.5444 0.339029 0.0152197 0.23
2.63945 0.33903 0.0152076 0.23
2.73552 0.339021 0.0152238 0.23
2.82154 0.339019 0.0152133 0.23
2.93011 0.339003 0.0152101 0.23
3.01984 0.339029 0.0152155 0.23
3.12174 0.339041 0.0152252 0.23
3.21892 0.339035 0.0152341 0.23
3.31331 0.339041 0.0152189 0.23
3.39377 0.339033 0.0152232 0.23
3.48139 0.339032 0.0152092 0.23
3.58155 0.339024 0.0152166 0.23
3.66444 0.339042 0.0152247 0.23
3.78174 0.33903 0.0152332 0.23
3.86559 0.33903 0.0152197 0.23
3.95383 0.339037 0.0152093 0.23
4.0525 0.339043 0.0152425 0.23
4.14583 0.339033 0.0152199 0.23
4.24531 0.339025 0.0152295 0.23
4.33024 0.339036 0.0152158 0.23
4.41494 0.339027 0.0152133 0.23
4.51651 0.339032 0.0152226 0.23
4.59842 0.339018 0.0152184 0.23
4.68875 0.339033 0.0152056 0.23
4.79301 0.339026 0.0152039 0.23
4.87179 0.339019 0.0152062 0.23
4.98131 0.339019 0.0152147 0.23
5.06536 0.339034 0.0152204 0.23
5.15257 0.339037 0.0152237 0.23
5.25616 0.339026 0.0152204 0.23
5.34466 0.339033 0.0152086 0.23
5.44774 0.339028 0.0152203 0.23
5.55533 0.339028 0.0152274 0.23
5.64847 0.339015 0.0152057 0.23
5.73494 0.339037 0.0152205 0.23
5.83602 0.339008 0.0152082 0.23
5.92533 0.339017 0.0152146 0.23
6.02235 0.33903 0.0152116 0.23
6.12266 0.339021 0.0152111 0.23
6.21856 0.339028 0.0152096 0.23
6.32271 0.339044 0.0152291 0.23
6.41946 0.339144 0.0152417 0.23
6.5303 0.33917 0.0152508 0.23
6.62292 0.339247 0.0152672 0.23
6.73119 0.339372 0.0153271 0.23
6.81931 0.339453 0.0153339 0.23
6.92661 0.339562 0.0153559 0.23
7.03221 0.339682 0.0153902 0.23
7.12427 0.339844 0.0154365 0.23
7.21452 0.339979 0.0154736 0.23
7.31626 0.340139 0.015502 0.23
7.4021 0.340238 0.0155384 0.23
7.49524 0.340381 0.0155674 0.23
7.60021 0.340494 0.0155876 0.23
7.69769 0.340645 0.015641 0.23
7.79595 0.340792 0.0156553 0.23
7.88523 0.340897 0.0156802 0.23
7.99199 0.340975 0.0156784 0.23
8.08764 0.341094 0.0156914 0.23
8.19314 0.341218 0.0157031 0.23
8.27764 0.34131 0.0157199 0.23
8.37702 0.341348 0.015705 0.23
8.46846 0.341429 0.0157261 0.23
8.55954 0.341484 0.0157148 0.23
8.65612 0.341523 0.0156759 0.23
8.74472 0.341487 0.0156388 0.23
8.84726 0.341527 0.0156243 0.23
8.9336 0.341514 0.0156006 0.23
9.03196 0.341496 0.0155556 0.23
9.13548 0.341442 0.0155046 0.23
9.21804 0.341441 0.0154694 0.23
9.32161 0.341399 0.0154331 0.23
9.41408 0.341325 0.0153893 0.23
9.51451 0.341218 0.0153072 0.23
9.60122 0.341149 0.0152525 0.23
9.69996 0.34107 0.0151976 0.23
9.79243 0.340979 0.0151631 0.23
9.87628 0.34088 0.0150821 0.23
9.97771 0.340757 0.0150295 0.23
10.0645 0.340679 0.0149614 0.23
10.1563 0.340584 0.014909 0.23
10.265 0.340489 0.0148548 0.23
10.3481 0.340412 0.014817 0.23
10.4572 0.340302 0.0147431 0.23
10.5387 0.5358 0.0146992 0.23
10.6335 0.5358 0.0146709 0.229081
10.7255 0.5358 0.0146215 0.229785
10.8132 0.5358 0.014616 0.230324
10.916 0.5358 0.0145682 0.2307
11.0081 0.5358 0.0145777 0.230929
11.1 0.5358 0.0145687 0.231067
11.1936 0.5358 0.014579 0.231084
11.2836 0.5358 0.0145766 0.23108
11.3826 0.5358 0.0146327 0.231259
11.4652 0.5358 0.0147076 0.231436
11.5709 0.5358 0.0148769 0.231792
11.6597 0.5358 0.0150542 0.232148
11.756 0.5358 0.0152791 0.232654
11.8562 0.5358 0.0155406 0.233205
11.946 0.5358 0.0158205 0.233838
12.0552 0.5358 0.0162198 0.234634
12.1431 0.5358 0.0165367 0.235316
12.2576 0.5358 0.0169715 0.236158
12.3457 0.5358 0.0172724 0.236906
12.4505 0.5358 0.0176924 0.237771
12.5407 0.5358 0.0180448 0.238458
12.6391 0.5358 0.0184568 0.239291
12.7282 0.5358 0.0187442 0.239965
12.8176 0.5358 0.018996 0.240549
12.9189 0.5358 0.0193879 0.241344
13.0058 0.5358 0.0196817 0.241912
13.1084 0.5358 0.0199333 0.242479
13.2037 0.5358 0.0201626 0.243079
13.3007 0.5358 0.0203986 0.24338
13.3902 0.5358 0.0204992 0.243816
13.4822 0.5358 0.0206131 0.244056
13.5905 0.5358 0.0207528 0.244302
13.6769 0.5358 0.0207376 0.244397
13.7813 0.5358 0.0207319 0.244413
13.8699 0.5358 0.0207212 0.244421
13.9633 0.5358 0.0205686 0.24418
14.0611 0.5358 0.0204071 0.244114
14.1534 0.5358 0.0202297 0.243696
14.2432 0.5358 0.0200052 0.243304
14.3324 0.5358 0.0197048 0.242986
14.4298 0.5358 0.0194533 0.242378
14.5268 0.5358 0.0191634 0.241922
14.6123 0.5358 0.0187587 0.2413
14.716 0.5358 0.0183414 0.240652
14.8037 0.5358 0.0180038 0.240069
14.9086 0.5358 0.0174828 0.239136
15.0026 0.5358 0.0170041 0.238503
15.0936 0.5358 0.0166493 0.237785
15.1907 0.5358 0.0162421 0.236945
15.2814 0.5358 0.0158015 0.23635
15.3894 0.5358 0.0153284 0.235582
15.471 0.5358 0.0150032 0.235023
15.584 0.5358 0.0145744 0.234226
15.6837 0.5358 0.0142458 0.233631
15.7611 0.5358 0.0140438 0.233286
15.864 0.5358 -0.3 0.232878
15.9576 0.535337 -0.3 0.232514
16.0438 0.536176 -0.3 0.232245
16.1459 0.5368 -0.3 0.232124
16.2289 0.536871 -0.3 0.232124
16.3407 0.536865 -0.3 0.232103
16.4309 0.536854 -0.3 0.232111
16.5313 0.536882 -0.3 0.232123
16.6269 0.536986 -0.3 0.232105
16.7109 0.537105 -0.3 0.232126
16.8084 0.537227 -0.3 0.232144
16.9027 0.5374 -0.3 0.232158
17.0003 0.537598 -0.3 0.232167
17.0992 0.53784 -0.3 0.232162
17.2121 0.538144 -0.3 0.232178
17.296 0.538379 -0.3 0.232233
17.3849 0.538669 -0.3 0.232256
17.4743 0.538975 -0.3 0.232283
17.5719 0.539316 -0.3 0.232295
17.6672 0.539726 -0.3 0.232284
17.7646 0.540116 -0.3 0.232312
17.8608 0.540551 -0.3 0.232332
17.9464 0.540961 -0.3 0.23239
18.0444 0.541378 -0.3 0.23244
18.1463 0.541932 -0.3 0.232494
18.232 0.542341 -0.3 0.232552
18.3284 0.54284 -0.3 0.232581
18.4209 0.543328 -0.3 0.232568
18.5194 0.543845 -0.3 0.232617
18.622 0.544431 -0.3 0.232693
18.7114 0.544946 -0.3 0.232713
18.8092 0.545585 -0.3 0.232788
18.8984 0.546056 -0.3 0.232864
18.9978 0.546632 -0.3 0.232881
19.0958 0.547215 -0.3 0.232906
19.1729 0.547658 -0.3 0.232918
19.2674 0.548195 -0.3 0.232966
19.3705 0.54881 -0.3 0.232974
19.4644 0.549392 -0.3 0.233084
19.5625 0.549998 -0.3 0.233107
19.6592 0.550542 -0.3 0.233123
19.751 0.551052 -0.3 0.233138
19.8604 0.551641 -0.3 0.233154
19.9396 0.552123 -0.3 0.233261
20.0406 0.55268 -0.3 0.233372
20.1343 0.553202 -0.3 0.233427
20.2325 0.553695 -0.3 0.233409
20.3434 0.554247 -0.3 0.233421
20.4168 0.554643 -0.3 0.233444
20.5269 0.555192 -0.3 0.233541
20.6059 0.555578 -0.3 0.233614
20.7 0.556001 -0.3 0.233607
20.8055 0.556436 -0.3 0.233634
20.9026 0.556841 -0.3 0.233656
20.9909 0.557234 -0.3 0.233792
21.0804 0.557556 -0.3 0.233758
21.1923 0.557917 -0.3 0.233767
21.2763 0.558194 -0.3 0.233737
21.3815 0.558554 -0.3 0.233839
21.4735 0.558854 -0.3 0.233923
21.5683 0.559086 -0.3 0.233907
21.6678 0.559303 -0.3 0.233857
21.7642 0.559461 -0.3 0.233877
21.8627 0.559688 -0.3 0.234014
21.9492 0.559816 -0.3 0.234011
22.0619 0.559935 -0.3 0.233995
22.1532 0.559994 -0.3 0.233953
22.2481 0.560108 -0.3 0.234007
22.3553 0.560198 -0.3 0.234059
22.445 0.560175 -0.3 0.234112
22.5378 0.560167 -0.3 0.234077
22.6282 0.560117 -0.3 0.23413
22.7333 0.560102 -0.3 0.234139
22.8248 0.559995 -0.3 0.234066
22.9209 0.559835 -0.3 0.234011
23.0137 0.559646 -0.3 0.23406
23.1183 0.559519 -0.3 0.234108
23.2158 0.559317 -0.3 0.234155
23.3123 0.559081 -0.3 0.234116
23.4088 0.558814 -0.3 0.234046
23.5126 0.558501 -0.3 0.234031
23.6163 0.558242 -0.3 0.234181
23.711 0.557918 -0.3 0.234166
23.8059 0.557542 -0.3 0.234089
23.8991 0.557129 -0.3 0.234013
23.991 0.556781 -0.3 0.234063
24.1008 0.556357 -0.3 0.234033
24.2004 0.555892 -0.3 0.234014
24.2996 0.55539 -0.3 0.233989
24.3921 0.554939 -0.3 0.233926
24.4919 0.554447 -0.3 0.233954
24.5877 0.554028 -0.3 0.233985
24.6833 0.553479 -0.3 0.233954
24.7665 0.552964 -0.3 0.23384
24.856 0.552459 -0.3 0.233808
24.9566 0.551883 -0.3 0.233885
25.0566 0.551336 -0.3 0.233894
25.1574 0.550743 -0.3 0.233865
25.2524 0.550173 -0.3 0.233793
25.348 0.549529 -0.3 0.233747
25.4404 0.54894 -0.3 0.233633
25.5388 0.548402 -0.3 0.233682
25.6525 0.547717 -0.3 0.233738
25.7416 0.547197 -0.3 0.233721
25.83 0.546613 -0.3 0.233675
25.9157 0.546068 -0.3 0.233639
26.0251 0.545449 -0.3 0.233578
26.1229 0.544805 -0.3 0.233528
26.2244 0.544296 -0.3 0.233561
26.3124 0.543793 -0.3 0.233538
26.4255 0.543104 -0.3 0.233502
26.5221 0.542577 -0.3 0.233422
26.616 0.542148 -0.3 0.233425
26.705 0.5416 -0.3 0.233419
26.7975 0.541083 -0.3 0.23338
26.9103 0.540595 -0.3 0.233393
26.9965 0.540232 -0.3 0.233379
27.1056 0.5398 -0.3 0.233396
27.1908 0.539366 -0.3 0.233381
27.2903 0.538984 -0.3 0.233377
27.3871 0.538642 -0.3 0.233304
27.4863 0.538317 -0.3 0.233321
27.5838 0.538002 -0.3 0.25
27.69 0.537734 -0.298932 0.25
27.7739 0.537517 -0.299662 0.25
27.87 0.537317 -0.300382 0.25
27.9674 0.537167 -0.300867 0.25
28.07 0.537037 -0.301336 0.25
28.1827 0.536954 -0.301655 0.25
28.2787 0.536928 -0.301801 0.25
28.3886 0.536919 -0.301866 0.25
28.507 0.53691 -0.301876 0.25
28.5993 0.53694 -0.30192 0.25
28.6909 0.53696 -0.301929 0.25
28.7781 0.536976 -0.301971 0.25
28.8658 0.536966 -0.302062 0.25
28.9514 0.536968 -0.30212 0.25
29.041 0.536986 -0.302246 0.25
29.1243 0.537013 -0.302338 0.25
29.2142 0.537013 -0.302457 0.25
29.31 0.53699 -0.302594 0.25
29.4056 0.536996 -0.302726 0.25
29.5285 0.536983 -0.302875 0.25
29.6271 0.537014 -0.303003 0.25
29.7245 0.537017 -0.30316 0.25
29.8161 0.537007 -0.30326 0.25
29.9215 0.536994 -0.259 0.225
30.0007 0.536937 -0.259 0.225
30.094 0.536942 -0.259 0.225
30.1748 0.536937 -0.259 0.225
30.2595 0.536954 -0.259 0.225
30.3666 0.536909 -0.259 0.225
30.4521 0.5369 -0.259 0.225
30.5796 0.536901 -0.259 0.225
30.6706 0.536918 -0.259 0.225
30.7628 0.536929 -0.259 0.225
30.8448 0.537 -0.259 0.225
30.9492 0.537117 -0.259 0.225
31.0427 0.537222 -0.259 0.225
31.1357 0.537354 -0.259 0.225
31.2311 0.537443 -0.259 0.225
31.327 0.537553 -0.259 0.225
31.4287 0.537627 -0.259 0.225
31.5225 0.537627 -0.259 0.225
31.6256 0.537667 -0.259 0.225
31.7146 0.537683 -0.259 0.225
31.8052 0.537668 -0.259 0.225
31.8998 0.537647 -0.259 0.225
31.9984 0.537471 -0.259 0.225
32.1111 0.53745 -0.259 0.225
32.1963 0.537345 -0.259 0.225
32.2867 0.537255 -0.259 0.225
32.3735 0.539526 -0.263003 0.217254
32.476 0.539642 -0.265745 0.219403
32.563 0.540016 -0.266627 0.218774
32.6711 0.539979 -0.266599 0.217062
32.7881 0.540482 -0.266865 0.215816
32.8832 0.540783 -0.26664 0.213419
32.9886 0.541133 -0.265781 0.211823
33.0919 0.541424 -0.265694 0.212549
33.1787 0.541631 -0.266687 0.213974
33.2603 0.541586 -0.266215 0.214206
33.3721 0.541905 -0.26594 0.213702
33.4863 0.542394 -0.265883 0.215057
33.5928 0.541047 -0.265531 0.214619
33.6904 0.542439 -0.265464 0.214542
33.7983 0.542063 -0.265606 0.213882
33.8933 0.542098 -0.265379 0.213236
33.993 0.541203 -0.265741 0.213145
34.1065 0.540736 -0.265464 0.213166
34.2157 0.54156 -0.265267 0.213398
34.3127 0.54188 -0.265813 0.212845
34.4041 0.541255 -0.265669 0.213268
34.5039 0.541596 -0.265729 0.212982
34.6055 0.541903 -0.265464 0.213306
34.7349 0.541038 -0.265531 0.211933
34.8518 0.542138 -0.265691 0.21258
34.9353 0.540995 -0.265681 0.21216
35.0242 0.542182 -0.265901 0.212711
35.1341 0.542403 -0.26579 0.211744
35.2479 0.541698 -0.265713 0.211408
35.3485 0.54195 -0.265728 0.21233
35.4543 0.541059 -0.265448 0.210797
35.5564 0.541199 -0.265412 0.212007
35.6502 0.540887 -0.265242 0.210475
35.7516 0.541513 -0.265876 0.211384
35.8747 0.542435 -0.265979 0.212053
35.9881 0.542449 -0.265798 0.210763
36.0904 0.541125 -0.265679 0.21057
36.1875 0.540688 -0.265387 0.210892
36.2909 0.540923 -0.265546 0.210354
36.3833 0.542638 -0.265902 0.211033
36.4815 0.541371 -0.265396 0.210986
36.5633 0.542124 -0.265804 0.211117
36.6845 0.542286 -0.265486 0.210685
36.7605 0.541757 -0.26547 0.21051
36.8528 0.541999 -0.265285 0.210701
36.9774 0.541249 -0.265309 0.209856
37.0686 0.541105 -0.265097 0.210857
37.1629 0.540853 -0.265509 0.209758
37.2728 0.540321 -0.265489 0.20995
37.3625 0.542102 -0.265633 0.209819
37.4619 0.542602 -0.265841 0.209192
37.5513 0.542485 -0.265884 0.209243
37.6456 0.54113 -0.26528 0.209432
37.7499 0.541459 -0.265447 0.210166
37.8483 0.54237 -0.265755 0.209596
37.9401 0.542153 -0.265363 0.209457
38.0334 0.541127 -0.265431 0.209873
38.1269 0.540736 -0.265342 0.209102
38.2227 0.54252 -0.265454 0.209256
38.3194 0.540532 -0.265409 0.209107
38.4115 0.540836 -0.265371 0.208923
38.5325 0.54087 -0.265435 0.208609
38.6127 0.54071 -0.265521 0.208956
38.7257 0.541836 -0.265733 0.20967
38.8272 0.541493 -0.265424 0.208877
38.9274 0.540592 -0.265406 0.209059
39.03 0.541157 -0.265394 0.208907
39.1387 0.541022 -0.265463 0.207698
39.2363 0.541838 -0.265515 0.208576
39.3228 0.540781 -0.265281 0.209106
39.411 0.540888 -0.265778 0.207989
39.5078 0.541309 -0.265455 0.20809
39.6049 0.540879 -0.265475 0.208718
39.7244 0.541594 -0.265771 0.209157
39.8216 0.542011 -0.265744 0.208635
39.9151 0.541773 -0.26578 0.207409
40.0028 0.5412 -0.265515 0.207738
40.1012 0.541086 -0.265395 0.207566
40.204 0.540276 -0.265247 0.208114
40.2948 0.540948 -0.265614 0.208406
40.4018 0.541021 -0.26544 0.208505
40.4904 0.542005 -0.265578 0.208642
40.5871 0.541162 -0.265714 0.207781
40.6801 0.540893 -0.265378 0.207822
40.7643 0.541211 -0.26594 0.207999
40.8448 0.54013 -0.265611 0.206813
40.9466 0.541368 -0.265555 0.207738
41.0699 0.54131 -0.265803 0.207236
41.183 0.540389 -0.265275 0.207842
41.2946 0.541588 -0.265542 0.20814
41.3858 0.541462 -0.265739 0.207361
41.4659 0.541602 -0.265642 0.207291
41.5581 0.540683 -0.265557 0.206815
41.6651 0.54098 -0.265477 0.206603
41.7785 0.540752 -0.265415 0.206973
41.8995 0.54141 -0.26563 0.207424
41.9846 0.541274 -0.265534 0.207434
42.0942 0.542034 -0.265508 0.207612
42.1945 0.5409 -0.265666 0.206271
42.3046 0.540696 -0.26538 0.206761
42.3957 0.541502 -0.26543 0.208403
42.4873 0.540748 -0.265394 0.206596
42.5617 0.541322 -0.265353 0.207106
42.6619 0.54137 -0.265625 0.205864
42.7933 0.540177 -0.265208 0.206587
42.8811 0.540823 -0.265428 0.206291
42.9807 0.542129 -0.265554 0.206635
43.0726 0.541367 -0.265326 0.206714
43.1781 0.54176 -0.265467 0.206027
43.2949 0.541738 -0.265567 0.20643
43.4263 0.541192 -0.265444 0.207314
43.5206 0.542491 -0.265806 0.207187
43.6371 0.54088 -0.2655 0.206304
43.7261 0.540826 -0.265503 0.20612
43.8334 0.541254 -0.26538 0.206396
43.9412 0.540696 -0.265278 0.206574
44.0496 0.541603 -0.265411 0.206067
44.1272 0.540871 -0.265656 0.206611
44.2171 0.542133 -0.265593 0.206754
44.3337 0.542211 -0.265729 0.206856
44.4541 0.540609 -0.265686 0.205119
44.5482 0.541908 -0.265809 0.205405
44.6498 0.5407 -0.265562 0.206071
44.7564 0.54203 -0.26567 0.206454
44.8507 0.541489 -0.265691 0.205587
44.9422 0.541457 -0.26562 0.205946
45.0329 0.540535 -0.26557 0.204725
45.1223 0.541625 -0.265612 0.205325
45.2118 0.541398 -0.265505 0.205571
45.3134 0.541614 -0.26562 0.206079
45.4092 0.541835 -0.265513 0.205649
45.5025 0.541938 -0.265637 0.205994
45.6166 0.541767 -0.265828 0.205908
45.7162 0.541788 -0.265408 0.204372
45.8141 0.541097 -0.265594 0.206115
