-4.76837e-07 0.480777 0.181952 -0.0801225
0.0866685 0.480752 0.181919 -0.079219
0.171471 0.480811 0.182026 -0.0802711
0.268272 0.480752 0.18195 -0.0791546
0.35961 0.480852 0.182059 -0.0799583
0.44333 0.480706 0.181939 -0.0794146
0.546424 0.480756 0.181992 -0.0796747
0.637603 0.480714 0.181919 -0.0799444
0.729438 0.480774 0.181999 -0.0795867
0.826182 0.480669 0.181929 -0.0788848
0.916509 0.480685 0.182014 -0.0788872
1.01502 0.480736 0.181963 -0.0796169
1.1009 0.480785 0.182002 -0.0802029
1.19481 0.480733 0.181987 -0.0797583
1.29597 0.480732 0.181969 -0.0792978
1.38488 0.480671 0.181868 -0.0790737
1.48735 0.480771 0.181948 -0.0796826
1.57356 0.480795 0.182016 -0.0801111
1.66809 0.48079 0.181994 -0.0792691
1.76228 0.480791 0.182034 -0.0798722
1.86402 0.480722 0.181935 -0.0794972
1.97191 0.480735 0.18194 -0.079605
2.05943 0.480762 0.181966 -0.080154
2.16817 0.480748 0.181957 -0.0797309
2.2564 0.480754 0.181941 -0.0790596
2.35691 0.480638 0.181887 -0.0790674
2.44164 0.480711 0.181956 -0.078681
2.54337 0.480806 0.18194 -0.0800891
2.63107 0.480751 0.181963 -0.0799436
2.72265 0.480729 0.181981 -0.079717
2.83908 0.480786 0.182047 -0.0799248
2.92908 0.480825 0.182046 -0.0798692
3.04024 0.480748 0.18194 -0.0792732
3.13123 0.480774 0.181984 -0.0794128
3.23724 0.480745 0.18193 -0.0796852
3.3425 0.480711 0.181931 -0.0785373
3.45495 0.480762 0.181963 -0.0793844
3.55837 0.48068 0.181879 -0.0784595
3.67559 0.480763 0.182034 -0.0796053
3.76728 0.480843 0.182051 -0.0798502
3.88399 0.480769 0.181943 -0.0798501
3.9782 0.48079 0.181928 -0.0799827
4.11178 0.480764 0.181928 -0.0799342
4.2184 0.480849 0.182006 -0.0794861
4.31095 0.480715 0.181895 -0.0796227
4.41114 0.480781 0.181948 -0.0803839
4.50013 0.48075 0.18191 -0.0795854
4.60608 0.480765 0.181981 -0.0792018
4.73715 0.480779 0.18197 -0.0789491
4.82131 0.480791 0.181999 -0.0795165
4.92175 0.480914 0.182198 -0.079625
5.03376 0.481032 0.182307 -0.0795373
5.13941 0.481267 0.182691 -0.0796958
5.25669 0.481424 0.182739 -0.0795472
5.35344 0.481621 0.182919 -0.0797079
5.47194 0.481699 0.183037 -0.0794269
5.56685 0.48187 0.183342 -0.0787835
5.67335 0.4821 0.183548 -0.0793066
5.7683 0.482114 0.183817 -0.0794103
5.86858 0.482615 0.184536 -0.0804703
5.97362 0.482946 0.184658 -0.0797449
6.07979 0.482969 0.184974 -0.0782485
6.18351 0.483154 0.185389 -0.0773045
6.26998 0.483361 0.185426 -0.0763598
6.37658 0.483744 0.186086 -0.0765876
6.47719 0.483977 0.186307 -0.0741372
6.57599 0.484143 0.186386 -0.0740596
6.6808 0.484283 0.186557 -0.0720009
6.76669 0.484334 0.186721 -0.0716478
6.85729 0.484442 0.187057 -0.0711552
6.96942 0.484925 0.18707 -0.0691141
7.06014 0.484836 0.186872 -0.0685502
7.16122 0.485106 0.187066 -0.0667946
7.25984 0.485206 0.187183 -0.0645515
7.36977 0.485409 0.187263 -0.0626575
7.4738 0.485142 0.187292 -0.0612999
7.56668 0.485179 0.187118 -0.0600601
7.66047 0.485746 0.186954 -0.0566207
7.76527 0.485824 0.187235 -0.0570981
7.85203 0.485727 0.187533 -0.0549958
7.95803 0.486041 0.187667 -0.053952
8.05114 0.485977 0.187673 -0.053455
8.17187 0.48639 0.187495 -0.0504301
8.26421 0.486146 0.187627 -0.0501261
8.35178 0.485981 0.187858 -0.0485389
8.44638 0.485661 0.187997 -0.0483628
8.54795 0.485413 0.187838 -0.0470904
8.63751 0.485456 0.1877 -0.0461763
8.7284 0.485576 0.187775 -0.0449069
8.82458 0.48559 0.187812 -0.0439462
8.91721 0.485506 0.187607 -0.0426364
9.01939 0.485666 0.187844 -0.042118
9.11467 0.48532 0.187633 -0.0425588
9.20709 0.485246 0.187694 -0.0422952
9.29891 0.485692 0.187592 -0.0407372
9.38973 0.485241 0.187515 -0.0408787
9.49056 0.485008 0.187302 -0.0414865
9.57931 0.484805 0.187284 -0.0410509
9.68407 0.484927 0.187331 -0.0413221
9.78999 0.484882 0.187103 -0.0397398
9.89874 0.484713 0.187192 -0.0395486
9.97443 0.48528 0.187428 -0.0403547
10.0738 0.485509 0.187395 -0.0398013
10.1621 0.486177 0.187394 -0.0397739
10.2551 0.487277 0.187443 -0.0401671
10.3521 0.487918 0.187493 -0.0408693
10.447 0.488889 0.187655 -0.0393632
10.5507 0.490484 0.187826 -0.0398645
10.6407 0.492867 0.18794 -0.0380992
10.7306 0.494088 0.187849 -0.0377913
10.8375 0.496491 0.187983 -0.0378675
10.9221 0.497851 0.1877 -0.0381868
11.0215 0.500078 0.188009 -0.0381261
11.1195 0.502678 0.188086 -0.0389213
11.2154 0.505651 0.188165 -0.038318
11.304 0.508843 0.188327 -0.0362597
11.4087 0.51151 0.188107 -0.0367684
11.4969 0.51394 0.18843 -0.0356704
11.5926 0.51733 0.188536 -0.0364631
11.6921 0.52023 0.188513 -0.035284
11.7871 0.523269 0.188648 -0.0355811
11.8815 0.526183 0.18887 -0.0349875
11.9759 0.529766 0.189089 -0.0360751
12.0678 0.532923 0.188673 -0.0372112
12.1722 0.536119 0.18867 -0.0351441
12.2664 0.539634 0.188418 -0.0353618
12.3672 0.542793 0.188541 -0.0338673
12.4617 0.546993 0.188434 -0.0335141
12.5632 0.54974 0.188331 -0.0338086
12.6497 0.553721 0.188102 -0.0331104
12.7428 0.556989 0.18797 -0.033034
12.8379 0.559619 0.187871 -0.0330459
12.9273 0.56316 0.187525 -0.0333453
13.0307 0.566656 0.187428 -0.0344092
13.1237 0.56978 0.187091 -0.0332417
13.2281 0.572833 0.186769 -0.0343797
13.316 0.576461 0.186568 -0.0332263
13.4055 0.578901 0.186456 -0.0339354
13.5029 0.581606 0.186159 -0.0327819
13.5929 0.584015 0.185776 -0.0332634
13.6984 0.586751 0.185494 -0.0324854
13.7938 0.58952 0.185427 -0.0325608
13.8878 0.591266 0.185116 -0.0328009
13.9843 0.593191 0.184766 -0.0330895
14.0736 0.594998 0.184698 -0.0322693
14.1766 0.597081 0.184029 -0.0322985
14.2678 0.598313 0.184 -0.0337753
14.368 0.600058 0.184279 -0.0339922
14.4542 0.600378 0.183972 -0.0341444
14.5588 0.601566 0.183803 -0.034104
14.6562 0.602409 0.183885 -0.0346202
14.7539 0.602802 0.18386 -0.0337861
14.8468 0.602648 0.183608 -0.0342815
14.9758 0.602961 0.183565 -0.0342894
15.0725 0.602567 0.183532 -0.0349933
15.1709 0.602808 0.183391 -0.0342592
15.2589 0.602943 0.182883 -0.0338846
15.3625 0.603364 0.182386 -0.0339086
15.4605 0.603304 0.181601 -0.0334095
15.5584 0.603692 0.181016 -0.0333975
15.6535 0.603952 0.180013 -0.0332268
15.7625 0.604049 0.179115 -0.0338758
15.8452 0.604562 0.177846 -0.0331144
15.9471 0.605108 0.176816 -0.033381
16.0391 0.605493 0.175711 -0.0334852
16.1355 0.606169 0.173685 -0.0325735
16.2337 0.606805 0.172246 -0.0319481
16.34 0.607421 0.170335 -0.032467
16.4313 0.607892 0.168711 -0.0326814
16.5412 0.608599 0.166315 -0.0329308
16.6282 0.609014 0.164773 -0.0322878
16.7237 0.609539 0.162347 -0.0331974
16.8306 0.610314 0.159904 -0.0315913
16.9108 0.61124 0.157624 -0.0312826
17.0124 0.61188 0.155455 -0.0315175
17.1043 0.612264 0.1529 -0.0318411
17.2079 0.613139 0.149673 -0.0299498
17.3005 0.614207 0.147077 -0.029635
17.4039 0.614869 0.144135 -0.0313818
17.5116 0.6155 0.140382 -0.0303817
17.6149 0.616728 0.137332 -0.0307689
17.6996 0.617446 0.134719 -0.0305261
17.7994 0.617671 0.131438 -0.0323249
17.9024 0.619258 0.127385 -0.0282429
17.9935 0.620222 0.124891 -0.0317602
18.1005 0.62076 0.120649 -0.029886
18.1931 0.62144 0.116918 -0.0302246
18.2886 0.622171 0.113707 -0.0307638
18.3789 0.623275 0.110287 -0.0309467
18.4783 0.62386 0.105987 -0.0288974
18.5822 0.624458 0.102283 -0.0300192
18.6751 0.624989 0.098072 -0.0307711
18.7747 0.625857 0.0935072 -0.0282006
18.8707 0.626865 0.0900865 -0.0298106
18.9735 0.627634 0.0856155 -0.0284497
19.0766 0.62905 0.081197 -0.0278932
19.178 0.629473 0.0762935 -0.027475
19.2717 0.629649 0.0720609 -0.0284644
19.3725 0.629458 0.0674184 -0.0307174
19.5033 0.630769 0.0612985 -0.0276328
19.6171 0.630835 0.0560282 -0.0288509
19.7343 0.631648 0.0500888 -0.027621
19.8228 0.632085 0.0464279 -0.0290434
19.9145 0.63265 0.0419641 -0.0274058
20.0075 0.633071 0.0371131 -0.0278722
20.1085 0.633146 0.0325569 -0.0279909
20.207 0.633353 0.0276232 -0.0290988
20.3036 0.63362 0.0225804 -0.0275133
20.3974 0.634307 0.0184919 -0.0288952
20.5046 0.634307 0.0125716 -0.0270904
20.5978 0.635006 0.00773805 -0.028441
20.6949 0.634311 0.0031828 -0.0284814
20.7867 0.634958 -0.00124654 -0.0290076
20.8893 0.635286 -0.00643644 -0.0275382
20.976 0.635936 -0.0117076 -0.026924
21.071 0.634476 -0.0157484 -0.0285987
21.1706 0.634943 -0.0211109 -0.0281951
21.2732 0.634119 -0.026207 -0.0290729
21.3756 0.634116 -0.0313611 -0.029687
21.465 0.633655 -0.0357043 -0.0302498
21.5634 0.633864 -0.040893 -0.0302811
21.6709 0.63328 -0.0467003 -0.0295511
21.7499 0.633571 -0.0504094 -0.0301742
21.8495 0.632459 -0.0552527 -0.0296295
21.9444 0.632728 -0.0601484 -0.0305829
22.0372 0.631447 -0.0644628 -0.031438
22.1302 0.632512 -0.0692268 -0.027788
22.2242 0.631708 -0.0751258 -0.0257658
22.3183 0.631119 -0.0788815 -0.0276818
22.4144 0.630022 -0.0831376 -0.0298845
22.5123 0.630289 -0.0882321 -0.0267685
22.6058 0.629003 -0.092247 -0.027829
22.7083 0.628141 -0.0977472 -0.0270265
22.8144 0.626787 -0.101591 -0.0262788
22.9112 0.626288 -0.105944 -0.02604
23.0015 0.625564 -0.109618 -0.0248828
23.0928 0.624982 -0.113868 -0.0237308
23.1841 0.624176 -0.117998 -0.0234052
23.2823 0.62355 -0.121538 -0.0231277
23.3901 0.622979 -0.125484 -0.0218564
23.4848 0.621994 -0.128856 -0.022307
23.5871 0.621596 -0.133252 -0.0221266
23.679 0.620695 -0.137597 -0.0225616
23.7731 0.619603 -0.140482 -0.0221779
23.8609 0.619068 -0.144176 -0.0224141
23.9574 0.617255 -0.14796 -0.0243778
24.0583 0.616565 -0.151237 -0.0236957
24.1384 0.61596 -0.154719 -0.0226553
24.2305 0.615139 -0.157586 -0.0215344
24.323 0.612753 -0.160478 -0.022001
24.4034 0.612579 -0.163816 -0.0215987
24.5048 0.61185 -0.167203 -0.021027
24.6194 0.611051 -0.170324 -0.0214922
24.7192 0.609546 -0.174016 -0.0239632
24.8219 0.609273 -0.177464 -0.0237482
24.9264 0.608283 -0.18025 -0.0233537
25.0375 0.607842 -0.183236 -0.0231679
25.1464 0.606941 -0.186105 -0.0251606
25.2243 0.606675 -0.187623 -0.0230157
25.3147 0.606018 -0.189486 -0.0249584
25.3971 0.605561 -0.191352 -0.0246959
25.4855 0.604853 -0.193582 -0.0251108
25.5678 0.603138 -0.194679 -0.0246001
25.6503 0.603337 -0.196564 -0.0242309
25.7603 0.602343 -0.198859 -0.0231394
25.8588 0.602404 -0.199991 -0.0223402
25.9498 0.601271 -0.20158 -0.0232731
26.0539 0.600398 -0.202801 -0.0215649
26.1512 0.600224 -0.204084 -0.0220082
26.2464 0.599385 -0.204753 -0.0220101
26.3451 0.599075 -0.206205 -0.0225853
26.4389 0.598517 -0.207011 -0.0222855
26.5412 0.598069 -0.207938 -0.0224408
26.6346 0.597541 -0.208469 -0.0225381
26.7277 0.597464 -0.208657 -0.0221351
26.8233 0.597514 -0.208924 -0.0228456
26.9258 0.597594 -0.20937 -0.0231842
27.0421 0.597113 -0.209823 -0.0233482
27.1494 0.596832 -0.209863 -0.0241844
27.2413 0.597075 -0.209941 -0.0246721
27.3195 0.59684 -0.209815 -0.0244091
27.4 0.596787 -0.209836 -0.0246505
27.4931 0.596802 -0.210012 -0.0240766
27.5786 0.597074 -0.21014 -0.0240833
27.6885 0.597272 -0.210393 -0.022876
27.7748 0.597376 -0.2106 -0.0225697
27.875 0.597332 -0.211107 -0.0223348
27.9633 0.59708 -0.211159 -0.0227126
28.056 0.597265 -0.211496 -0.0214567
28.1728 0.597295 -0.211698 -0.0206451
28.2627 0.597088 -0.212024 -0.0208028
28.3692 0.597018 -0.212455 -0.0194182
28.4484 0.596745 -0.212554 -0.0180881
28.5438 0.596709 -0.21295 -0.0184445
28.6364 0.59695 -0.212964 -0.0174598
28.7433 0.596504 -0.213374 -0.0166174
28.8327 0.597037 -0.213306 -0.0164578
28.9245 0.596815 -0.213358 -0.0153463
29.0222 0.59674 -0.213543 -0.0152133
29.1415 0.597108 -0.21353 -0.0141295
29.243 0.597246 -0.213494 -0.0138838
29.3245 0.597108 -0.213057 -0.015076
29.4119 0.597228 -0.212036 -0.0145145
29.5233 0.596453 -0.209605 -0.0155026
29.6148 0.596967 -0.207854 -0.0165897
29.713 0.597354 -0.204948 -0.0165786
29.8162 0.597075 -0.202017 -0.0172935
29.9159 0.597358 -0.198544 -0.0194701
30.017 0.597678 -0.194944 -0.0190048
30.1397 0.597824 -0.190454 -0.0210058
30.2348 0.597772 -0.186637 -0.0208003
30.3283 0.598131 -0.182728 -0.0226491
30.4139 0.598027 -0.180386 -0.0246351
30.5042 0.597941 -0.177581 -0.0261311
30.5945 0.59781 -0.175153 -0.0271847
30.6824 0.598066 -0.173807 -0.0282272
30.7909 0.597952 -0.170914 -0.029545
30.8704 0.597648 -0.169872 -0.03046
30.9668 0.597267 -0.1691 -0.0315307
31.0595 0.597508 -0.168273 -0.0312095
31.1609 0.597115 -0.167222 -0.0297054
31.27 0.597233 -0.167077 -0.0288391
31.3953 0.597422 -0.169365 -0.0277241
31.5101 0.597673 -0.171738 -0.0272706
31.6355 0.598186 -0.172739 -0.0272554
31.7349 0.599119 -0.174307 -0.0288258
31.8332 0.599608 -0.175221 -0.0302285
31.969 0.60173 -0.176075 -0.0307798
32.0792 0.602183 -0.176112 -0.0309455
32.1897 0.6033 -0.176198 -0.0316988
32.2713 0.603555 -0.176274 -0.0311203
32.3672 0.603994 -0.176192 -0.0317055
32.4873 0.6036 -0.176295 -0.0312627
32.5836 0.603601 -0.17631 -0.0320653
32.7045 0.603558 -0.176371 -0.0323191
32.8306 0.603755 -0.176205 -0.031604
32.9346 0.603947 -0.176031 -0.0316363
33.0394 0.603793 -0.176708 -0.0320099
33.1543 0.603872 -0.176591 -0.0318214
33.2628 0.603594 -0.176587 -0.0320905
33.3682 0.603667 -0.176685 -0.0326545
33.4558 0.603868 -0.176616 -0.0319672
33.5576 0.603678 -0.176464 -0.0314196
33.6823 0.603839 -0.176433 -0.0316877
33.7863 0.603776 -0.176817 -0.0319308
33.9254 0.604201 -0.176938 -0.0311879
34.0428 0.603451 -0.176797 -0.0320395
34.1442 0.603651 -0.176757 -0.0318157
34.2543 0.603587 -0.176527 -0.0318274
34.342 0.603747 -0.176656 -0.0320661
34.4539 0.603702 -0.176673 -0.031842
34.586 0.603417 -0.176746 -0.0305791
34.6765 0.604193 -0.176882 -0.0312752
34.7887 0.603559 -0.176398 -0.0317858
34.8919 0.603748 -0.17616 -0.030961
34.9821 0.603819 -0.176528 -0.0311922
35.0987 0.603502 -0.177125 -0.0311156
35.2219 0.603889 -0.177181 -0.0312583
35.3266 0.60406 -0.17707 -0.031237
35.4247 0.603188 -0.177148 -0.0314547
35.5294 0.603433 -0.176765 -0.0315876
35.648 0.603638 -0.176866 -0.0313431
35.7695 0.60364 -0.177209 -0.0314961
35.8569 0.603885 -0.17681 -0.0305112
35.9623 0.603667 -0.176904 -0.0311713
36.0748 0.603522 -0.177011 -0.0314378
36.1766 0.603688 -0.177034 -0.0308915
36.2769 0.603705 -0.176962 -0.0319681
36.3767 0.603587 -0.176637 -0.0320268
36.4792 0.603358 -0.176496 -0.0315343
36.5773 0.603715 -0.177056 -0.0317385
36.7026 0.603603 -0.176694 -0.0305717
36.8029 0.603761 -0.176554 -0.0314073
36.9182 0.604041 -0.17668 -0.0310523
37.0321 0.603462 -0.177132 -0.0314708
37.1537 0.603119 -0.177116 -0.0310894
37.2656 0.603415 -0.176763 -0.0312779
37.3734 0.604022 -0.176983 -0.0315982
37.4636 0.603375 -0.17692 -0.0311653
37.5565 0.603885 -0.176854 -0.0309973
37.6504 0.603658 -0.177342 -0.0311771
37.7692 0.603159 -0.176829 -0.0313702
37.8572 0.60351 -0.176538 -0.0310444
37.9528 0.603453 -0.177037 -0.0318202
38.0461 0.603454 -0.177288 -0.0311184
38.1471 0.603077 -0.176776 -0.031517
38.2447 0.603179 -0.176789 -0.0311814
38.3313 0.60313 -0.177196 -0.0309378
38.43 0.603195 -0.177164 -0.0312836
38.5227 0.603394 -0.177325 -0.0322132
38.6159 0.603355 -0.176534 -0.0306633
38.7116 0.603386 -0.176831 -0.0311072
38.8133 0.603432 -0.177262 -0.0300891
38.9065 0.603319 -0.177396 -0.0317259
39.0081 0.603393 -0.176819 -0.030646
39.1038 0.603695 -0.176727 -0.0304
39.2139 0.603409 -0.176671 -0.0314975
39.3003 0.603056 -0.177013 -0.030683
39.3989 0.603798 -0.176891 -0.0310881
39.491 0.603376 -0.176899 -0.0311194
39.5824 0.603161 -0.177187 -0.0311706
39.6826 0.603685 -0.176818 -0.0316061
39.7737 0.60325 -0.176825 -0.0303951
39.8572 0.603373 -0.177037 -0.0309774
39.9535 0.603987 -0.176932 -0.0307252
40.0602 0.603268 -0.176656 -0.0306453
40.158 0.603527 -0.177603 -0.031118
40.2399 0.603263 -0.177472 -0.0319371
40.3269 0.602912 -0.177044 -0.0312219
40.4162 0.603986 -0.176595 -0.03095
40.5073 0.603751 -0.177103 -0.0314025
40.5978 0.603697 -0.177347 -0.031452
40.6863 0.603881 -0.176668 -0.0312332
40.7841 0.603085 -0.177515 -0.0316864
40.8801 0.603137 -0.17705 -0.0305152
40.9753 0.603504 -0.176946 -0.030577
41.0663 0.60362 -0.177297 -0.0306626
41.1643 0.603631 -0.177326 -0.031567
41.2501 0.603517 -0.17724 -0.0310835
41.3464 0.603347 -0.177256 -0.0308568
