2.38419e-07 0.464514 0.161333 -0.0682801 0
0.0806692 0.464481 0.161315 -0.068321 0
0.185399 0.46444 0.161329 -0.0683239 0
0.275753 0.464401 0.161378 -0.0673379 0
0.358657 0.464473 0.161312 -0.0683512 0
0.449206 0.464424 0.161267 -0.0672332 0
0.526546 0.464552 0.161408 -0.0687679 0
0.606419 0.464351 0.161319 -0.0674967 0
0.693273 0.464463 0.161402 -0.0682686 0
0.786027 0.464544 0.161299 -0.068297 0
0.866465 0.464511 0.161429 -0.0680646 0
0.950751 0.464567 0.161353 -0.0686092 0
1.03673 0.464527 0.161358 -0.0684111 0
1.15151 0.464596 0.161504 -0.0687776 0
1.24294 0.46446 0.161354 -0.0681359 0
1.31761 0.464548 0.161398 -0.0684027 0
1.39122 0.464544 0.161346 -0.0683518 0
1.51284 0.464514 0.161327 -0.0681711 0
1.597 0.46448 0.161287 -0.06835 0
1.69593 0.464493 0.161364 -0.0684599 0
1.79208 0.464566 0.161383 -0.0678235 0
1.8854 0.464554 0.161308 -0.0680705 0
1.97873 0.464486 0.161363 -0.0686406 0
2.06228 0.464426 0.161389 -0.0677104 0
2.14525 0.464557 0.161405 -0.0686823 0
2.23263 0.464546 0.161384 -0.0684719 0
2.32856 0.464518 0.161396 -0.0686796 0
2.41117 0.464549 0.161384 -0.0679974 0
2.51382 0.464527 0.161316 -0.068749 0
2.60044 0.464502 0.161355 -0.0680325 0
2.70705 0.464495 0.161329 -0.0683875 0
2.81154 0.464462 0.161289 -0.0677875 0
2.89447 0.464545 0.161439 -0.0688603 0
3.0053 0.464557 0.16135 -0.0687954 0
3.09506 0.464481 0.161391 -0.0686389 0
3.19572 0.464469 0.161411 -0.0682663 0
3.28126 0.464504 0.161377 -0.0679378 0
3.37415 0.464534 0.161403 -0.0681245 0
3.48509 0.464553 0.161369 -0.0691347 0
3.56978 0.464498 0.161361 -0.0682139 0
3.67275 0.464386 0.161298 -0.0680204 0
3.75904 0.464452 0.161338 -0.0690524 0
3.86398 0.464471 0.161314 -0.0682274 0
3.95443 0.464489 0.161466 -0.0691298 0
4.06072 0.464503 0.161398 -0.0681672 0
4.15015 0.464556 0.161399 -0.0689422 0
4.2382 0.464463 0.161394 -0.0685432 0
4.35102 0.46455 0.161336 -0.0688147 0
4.454 0.464606 0.161378 -0.0688778 0
4.54767 0.464458 0.161307 -0.0686572 0
4.6411 0.464566 0.161403 -0.0681862 0
4.74741 0.464481 0.161245 -0.0684472 0
4.83513 0.46453 0.161387 -0.068963 0
4.93779 0.464532 0.161341 -0.0683783 0
5.01908 0.464472 0.161253 -0.0684086 0
5.11217 0.464478 0.161371 -0.0687446 0
5.20988 0.464516 0.161458 -0.0688991 0
5.3041 0.46454 0.161341 -0.0687217 0
5.39764 0.464604 0.16142 -0.0691868 0
5.48503 0.464461 0.161375 -0.0682386 0
5.5879 0.464492 0.161382 -0.0687153 0
5.66735 0.46451 0.161335 -0.0685559 0
5.74934 0.464521 0.161442 -0.0686117 0
5.84599 0.464536 0.161294 -0.0691679 0
5.9416 0.464464 0.16128 -0.0682018 0
6.0404 0.464539 0.161403 -0.0681018 0
6.13852 0.464531 0.161333 -0.0681182 0
6.22098 0.464506 0.161322 -0.0684468 0
6.32485 0.464516 0.161301 -0.0688011 0
6.40933 0.464572 0.16139 -0.0687018 0
6.49614 0.464497 0.161255 -0.0683646 0
6.58867 0.464484 0.16136 -0.0684367 0
6.67817 0.464528 0.16136 -0.0685017 0
6.76833 0.464519 0.161387 -0.0691589 0
6.86221 0.464588 0.161414 -0.0689993 0
6.94991 0.464551 0.161443 -0.0685013 0
7.04832 0.46461 0.16139 -0.0687288 0
7.13523 0.464492 0.161351 -0.0688472 0
7.22555 0.46455 0.161412 -0.0692187 0
7.34656 0.464496 0.161367 -0.068884 0
7.43817 0.464508 0.161348 -0.0686845 0
7.52845 0.464461 0.161448 -0.0684755 0
7.63511 0.46458 0.161426 -0.0689166 0
7.72195 0.464451 0.161441 -0.0683685 0
7.83111 0.464592 0.161435 -0.0689381 0
7.93137 0.46447 0.161352 -0.0689934 0
8.02592 0.464564 0.161391 -0.069045 0
8.12997 0.464457 0.161304 -0.0676714 0
8.20411 0.46447 0.161379 -0.0694019 0
8.2978 0.464526 0.161401 -0.0691662 0
8.3981 0.464615 0.161437 -0.0696592 0
8.49647 0.464467 0.161389 -0.0688732 0
8.59216 0.464458 0.16137 -0.0684989 0
8.68995 0.464467 0.161391 -0.0689155 0
8.78122 0.464606 0.161369 -0.069783 0
8.87577 0.464528 0.161428 -0.0688844 0
8.97229 0.464681 0.161717 -0.067811 0
9.06949 0.464901 0.161848 -0.0686981 0
9.162 0.464884 0.161917 -0.0687602 0
9.27183 0.464977 0.161792 -0.0681723 0
9.36391 0.465112 0.162187 -0.0687623 0
9.46951 0.465299 0.16233 -0.0683319 0
9.56084 0.46524 0.1624 -0.0669397 0
9.65681 0.465496 0.162638 -0.0673359 0
9.74086 0.465576 0.162723 -0.065487 0
9.84462 0.465777 0.163131 -0.0644527 0
9.94266 0.466133 0.163219 -0.0644436 0
10.0435 0.466217 0.163306 -0.0638264 0
10.1382 0.466376 0.163536 -0.0629971 0
10.2331 0.46642 0.163977 -0.0625376 0
10.3416 0.466572 0.16416 -0.0617293 0
10.4315 0.466863 0.164651 -0.0603721 0
10.531 0.467055 0.164686 -0.0601562 0
10.6206 0.466961 0.1647 -0.0594528 0
10.7189 0.467017 0.164895 -0.0574725 0
10.8055 0.466961 0.164865 -0.0574632 0
10.9007 0.467023 0.165154 -0.0554863 0
11.0055 0.467277 0.165531 -0.0549836 0
11.0894 0.467151 0.165436 -0.0533428 0
11.1953 0.467347 0.165642 -0.0533834 0
11.2896 0.468166 0.165763 -0.0529416 0
11.3892 0.468475 0.166482 -0.0532777 0
11.4758 0.468354 0.166288 -0.0496731 0
11.5674 0.468684 0.166719 -0.0506087 0
11.6635 0.468574 0.166398 -0.0485697 0
11.7542 0.469051 0.166641 -0.0481266 0
11.8557 0.46859 0.166496 -0.0464051 0
11.9466 0.468757 0.166566 -0.0458167 0
12.0627 0.468607 0.166274 -0.0437783 0
12.1519 0.468581 0.166314 -0.0419489 0
12.2547 0.468857 0.166255 -0.0398208 0
12.3436 0.468861 0.165769 -0.0387974 0
12.449 0.468812 0.16584 -0.0388074 0
12.5325 0.46881 0.165626 -0.0374899 0
12.6199 0.468446 0.165997 -0.0376528 0
12.7248 0.468781 0.165889 -0.036244 0
12.8104 0.46852 0.166065 -0.0366263 0
12.9135 0.468449 0.165702 -0.0326767 0
13.0051 0.468072 0.165825 -0.034859 0
13.1056 0.467851 0.166079 -0.0342616 1
13.1946 0.46822 0.166149 -0.0348834 1
13.2881 0.467966 0.165876 -0.0336656 1
13.3835 0.46801 0.165552 -0.0334251 1
13.4736 0.467685 0.165659 -0.0332491 1
13.5809 0.468258 0.165737 -0.034234 1
13.6687 0.466977 0.166086 -0.0364891 1
13.7805 0.467942 0.166009 -0.0338821 1
13.8693 0.468036 0.166126 -0.0333879 1
13.9678 0.468665 0.165722 -0.0327575 1
14.0641 0.468618 0.166234 -0.0330106 1
14.1543 0.469593 0.165981 -0.032889 1
14.2474 0.470381 0.165787 -0.0331666 1
14.3392 0.470999 0.166065 -0.0362623 1
14.4436 0.471997 0.166416 -0.0363047 1
14.5369 0.473677 0.166258 -0.0336228 1
14.6316 0.47624 0.166859 -0.0350177 1
14.7268 0.479689 0.167448 -0.0344788 1
14.8131 0.48151 0.16761 -0.0373932 1
14.9194 0.484826 0.167108 -0.0329387 1
15.0114 0.487572 0.167201 -0.0340459 1
15.1103 0.491342 0.167373 -0.0344763 1
15.2066 0.493481 0.167358 -0.0383115 1
15.3075 0.496962 0.168736 -0.0419449 1
15.3913 0.499001 0.166974 -0.036393 1
15.4888 0.505127 0.1679 -0.038908 1
15.581 0.508154 0.167554 -0.035529 1
15.6714 0.510782 0.165501 -0.0283362 1
15.7735 0.516623 0.163602 -0.0188432 1
15.8593 0.516657 0.164763 -0.0211349 1
15.9636 0.520664 0.161789 -0.0112346 1
16.056 0.525693 0.167393 -0.0234451 1
16.1513 0.530408 0.168293 -0.0239362 1
16.2415 0.537081 0.167492 -0.0232061 1
16.3406 0.541472 0.167445 -0.0237299 1
16.4355 0.545186 0.167926 -0.022022 1
16.5278 0.549086 0.167759 -0.0239358 1
16.6261 0.552517 0.166978 -0.0232745 1
16.7181 0.557367 0.166835 -0.0227553 1
16.8155 0.561063 0.166916 -0.021885 1
16.9135 0.565247 0.166647 -0.0209558 1
17.0191 0.569448 0.16665 -0.0212144 1
17.117 0.572972 0.166271 -0.0228323 1
17.2099 0.576908 0.16617 -0.0207886 1
17.3182 0.580279 0.165676 -0.0231035 1
17.4104 0.583969 0.165063 -0.0234006 1
17.5146 0.587245 0.164949 -0.0226469 1
17.6032 0.590792 0.164806 -0.0213946 1
17.7 0.593241 0.164504 -0.0225244 1
17.7973 0.596517 0.164192 -0.0228842 1
17.8918 0.599071 0.16402 -0.0237993 1
17.997 0.601506 0.163828 -0.0221355 1
18.0913 0.603692 0.1635 -0.0228209 1
18.1967 0.605702 0.163224 -0.0247071 1
18.2855 0.60741 0.162903 -0.0224753 1
18.3845 0.608446 0.162844 -0.0237668 2
18.4734 0.609398 0.162634 -0.0241159 2
18.6045 0.61063 0.16269 -0.0247187 2
18.681 0.611223 0.162578 -0.0229778 2
18.783 0.611199 0.162347 -0.0239321 2
18.9086 0.611215 0.16228 -0.0238598 2
19.0006 0.611195 0.162326 -0.0239711 2
19.0972 0.611251 0.162135 -0.023903 2
19.2037 0.611516 0.161537 -0.0239549 2
19.3038 0.611606 0.161069 -0.0234586 2
19.4056 0.611784 0.160305 -0.0233382 2
19.4981 0.612229 0.159882 -0.0238166 2
19.5766 0.612214 0.159199 -0.0237597 2
19.6767 0.612717 0.158244 -0.0231959 2
19.7742 0.61289 0.157002 -0.0236692 2
19.8735 0.613549 0.155701 -0.0210948 2
19.9813 0.613897 0.154104 -0.0229006 2
20.0729 0.614238 0.152971 -0.0216872 2
20.1629 0.614706 0.151547 -0.0222656 2
20.2691 0.615032 0.149983 -0.022971 2
20.3537 0.615697 0.148523 -0.0223218 2
20.4616 0.616764 0.146104 -0.0215545 2
20.5535 0.617089 0.144467 -0.0208831 2
20.6508 0.617419 0.142379 -0.0225767 2
20.7451 0.617565 0.140615 -0.0223324 2
20.8422 0.618579 0.13824 -0.021192 2
20.9411 0.619047 0.136013 -0.021636 2
21.0367 0.619748 0.133461 -0.0215214 2
21.1368 0.620877 0.130534 -0.0195481 2
21.2401 0.620931 0.128027 -0.0209386 2
21.3448 0.621937 0.125472 -0.0207703 2
21.4489 0.623137 0.122319 -0.0198654 2
21.5455 0.623413 0.119233 -0.0200617 2
21.6263 0.623865 0.116917 -0.0212328 2
21.7295 0.624897 0.113494 -0.020259 2
21.8146 0.625171 0.110637 -0.0205431 2
21.9117 0.625692 0.107642 -0.0216993 2
22.0156 0.627155 0.104293 -0.0180265 2
22.1131 0.627272 0.100599 -0.0221571 2
22.2047 0.62815 0.0971099 -0.0201857 2
22.3026 0.628613 0.0939683 -0.0219214 2
22.4061 0.630043 0.0899394 -0.0182824 2
22.51 0.630154 0.086536 -0.0210539 2
22.6083 0.630489 0.0824475 -0.0204597 2
22.6963 0.631559 0.078805 -0.0189083 2
22.7932 0.631532 0.0752613 -0.0203373 2
22.8926 0.632385 0.0709025 -0.0206975 2
22.9839 0.63264 0.0669449 -0.0199786 2
23.0801 0.633078 0.0634009 -0.0198424 2
23.162 0.634137 0.0596091 -0.0196534 2
23.2667 0.634405 0.0558515 -0.0194913 2
23.358 0.635386 0.0517326 -0.019708 2
23.4513 0.635136 0.047595 -0.0199042 2
23.5413 0.635887 0.0437534 -0.0200223 2
23.6331 0.636508 0.0396999 -0.0197438 2
23.7326 0.637081 0.0356589 -0.0185616 2
23.8183 0.637413 0.031934 -0.0204028 2
23.9141 0.637104 0.0269754 -0.0204247 2
24.0159 0.637606 0.0227302 -0.0199929 2
24.1243 0.637934 0.0175618 -0.0214306 2
24.2109 0.638314 0.013834 -0.0194262 2
24.3065 0.639149 0.00938636 -0.0185315 2
24.4002 0.638279 0.00455666 -0.0199141 2
24.49 0.638395 0.000162065 -0.0200948 2
24.5867 0.638818 -0.00431541 -0.0187673 2
24.6784 0.638246 -0.00858006 -0.0205416 2
24.7785 0.638344 -0.0132817 -0.0201697 2
24.8731 0.638093 -0.0176144 -0.0212181 2
24.9774 0.638135 -0.0226542 -0.02047 2
25.0748 0.637972 -0.0275339 -0.0210393 2
25.1689 0.638092 -0.0318786 -0.020446 2
25.2462 0.637452 -0.0359533 -0.0217872 2
25.3616 0.637676 -0.0412769 -0.0205808 2
25.4553 0.637176 -0.0455761 -0.0208878 2
25.552 0.637277 -0.0504441 -0.0208839 2
25.6474 0.636795 -0.054511 -0.0224013 2
25.7539 0.636414 -0.0591576 -0.0235368 2
25.8515 0.636037 -0.0637167 -0.0225118 2
25.9517 0.635736 -0.0686042 -0.023575 2
26.0481 0.635107 -0.0740564 -0.0206832 2
26.1516 0.634534 -0.0786909 -0.019321 2
26.2435 0.633693 -0.0825061 -0.0215843 2
26.3412 0.633165 -0.086437 -0.0213885 2
26.4272 0.632608 -0.0904313 -0.0205293 2
26.5287 0.632387 -0.0949057 -0.0190486 2
26.6192 0.631845 -0.0986851 -0.0185011 2
26.7153 0.63077 -0.102748 -0.0179905 2
26.8155 0.630368 -0.106955 -0.0175431 2
26.9161 0.629794 -0.110873 -0.0163778 2
27.0229 0.629156 -0.115462 -0.01543 2
27.1238 0.627846 -0.119176 -0.0157186 2
27.2321 0.627173 -0.123516 -0.0138673 2
27.3161 0.626635 -0.126803 -0.014842 2
27.4148 0.625395 -0.130373 -0.0150363 2
27.5181 0.624415 -0.134599 -0.0151994 2
27.6122 0.624325 -0.138136 -0.0157661 2
27.7064 0.623671 -0.14199 -0.0139378 2
27.8171 0.623009 -0.145811 -0.0152266 2
27.9155 0.62172 -0.149652 -0.0151633 2
28.002 0.621192 -0.152155 -0.0143907 2
28.0816 0.620535 -0.155225 -0.0142955 2
28.1658 0.619476 -0.157553 -0.0142066 2
28.2658 0.618029 -0.161082 -0.0152585 2
28.3632 0.618117 -0.164631 -0.0141659 2
28.4726 0.617404 -0.166793 -0.0144129 2
28.5639 0.616442 -0.169719 -0.0141904 2
28.6525 0.615749 -0.172602 -0.0147674 2
28.7423 0.61502 -0.175368 -0.0153804 2
28.85 0.614402 -0.178086 -0.0144305 2
28.9472 0.613637 -0.18116 -0.0158093 2
29.0469 0.613118 -0.183533 -0.0156063 2
29.1452 0.611739 -0.186075 -0.0204587 2
29.2476 0.611459 -0.187703 -0.0194449 2
29.3351 0.610426 -0.189917 -0.0200176 2
29.4382 0.610055 -0.192095 -0.0195806 2
29.5175 0.609746 -0.193329 -0.0198239 2
29.6089 0.608924 -0.194777 -0.0193999 2
29.7004 0.60796 -0.196845 -0.0198935 2
29.7995 0.607824 -0.198541 -0.0195648 2
29.9063 0.606785 -0.199328 -0.0202243 2
29.9982 0.606991 -0.200691 -0.0162743 2
30.0902 0.607137 -0.201695 -0.0151867 2
30.1951 0.606073 -0.202753 -0.0159496 3
30.2895 0.606211 -0.203597 -0.0152391 3
30.3907 0.604732 -0.204406 -0.0163525 3
30.4968 0.603867 -0.205 -0.0158258 3
30.5844 0.603571 -0.205285 -0.0158111 3
30.6921 0.603014 -0.205827 -0.0171176 3
30.7848 0.603325 -0.206301 -0.0169064 3
30.8832 0.603312 -0.205722 -0.0161797 3
30.9898 0.60328 -0.206358 -0.0170364 3
31.0837 0.603052 -0.20594 -0.016568 3
31.1748 0.603032 -0.205781 -0.0162237 3
31.2696 0.603213 -0.206048 -0.0167076 3
31.3733 0.603098 -0.206392 -0.0173833 3
31.4694 0.603349 -0.206377 -0.0168149 3
31.5609 0.603193 -0.206365 -0.0166992 3
31.671 0.603031 -0.206285 -0.0165561 3
31.7565 0.603385 -0.20671 -0.0165263 3
31.8618 0.604194 -0.206985 -0.015177 3
31.9658 0.603818 -0.207152 -0.0155725 3
32.0596 0.603979 -0.207382 -0.0152829 3
32.1545 0.603861 -0.207447 -0.0155639 3
32.247 0.604502 -0.207663 -0.0142692 3
32.3471 0.60432 -0.208076 -0.0139355 3
32.4481 0.604498 -0.208281 -0.0141243 3
32.5392 0.604237 -0.208276 -0.0136956 3
32.6436 0.604402 -0.208787 -0.013783 3
32.7391 0.604242 -0.208881 -0.0130706 3
32.8515 0.604707 -0.209009 -0.0123221 3
32.9392 0.604317 -0.209423 -0.0125801 3
33.0385 0.604697 -0.209222 -0.0111792 3
33.1332 0.604804 -0.209265 -0.0113997 4
33.2189 0.60443 -0.209402 -0.0109858 4
33.3191 0.604565 -0.20979 -0.00946237 4
33.4244 0.604562 -0.209748 -0.009262 4
33.5073 0.604348 -0.209762 -0.00957251 4
33.6046 0.604244 -0.210026 -0.00865281 4
33.6941 0.604491 -0.210092 -0.00833219 4
33.793 0.604645 -0.209912 -0.00789515 4
33.8878 0.60448 -0.210095 -0.00825895 4
33.9998 0.604325 -0.210233 -0.00808793 4
34.0952 0.604372 -0.21024 -0.00767713 4
34.1841 0.604247 -0.210116 -0.00829487 4
34.2841 0.604687 -0.20935 -0.00744603 4
34.38 0.604508 -0.209117 -0.00807316 4
34.481 0.604272 -0.207543 -0.00943874 4
34.5814 0.604749 -0.206231 -0.00809919 4
34.679 0.604248 -0.204682 -0.00937295 4
34.7811 0.604492 -0.203077 -0.0102812 4
34.8678 0.604609 -0.201893 -0.0100156 4
34.9706 0.604935 -0.19989 -0.0105077 4
35.0749 0.605087 -0.196786 -0.00960805 4
35.1667 0.605433 -0.194122 -0.0104803 4
35.2576 0.605096 -0.191599 -0.00991432 4
35.3545 0.605211 -0.189902 -0.0112964 4
35.4474 0.605532 -0.188186 -0.0111456 4
35.544 0.60546 -0.185912 -0.0130339 4
35.639 0.605285 -0.18354 -0.0139349 4
35.7432 0.605326 -0.181494 -0.0141021 4
35.8265 0.605393 -0.179672 -0.0159251 4
35.9305 0.605086 -0.177454 -0.0159701 4
36.033 0.60501 -0.176131 -0.0173613 4
36.1312 0.60496 -0.173887 -0.0182722 4
36.2255 0.604566 -0.172189 -0.0202686 4
36.3184 0.604711 -0.171429 -0.0202473 4
36.4214 0.604808 -0.169438 -0.020262 4
36.519 0.605266 -0.168436 -0.0196029 4
36.6149 0.604946 -0.166913 -0.0193689 4
36.719 0.604774 -0.165553 -0.0186232 4
36.719 0 0 0 5
36.8301 0.60512 -0.165296 -0.0171586 5
36.9151 0.604314 -0.164587 -0.0186297 5
37.0073 0.60489 -0.163687 -0.0169313 5
37.1155 0.604453 -0.163389 -0.01676 5
37.2211 0.604343 -0.164259 -0.0177807 5
37.3176 0.604064 -0.169443 -0.0169564 5
37.4183 0.604152 -0.170687 -0.016832 5
37.5045 0.604227 -0.175335 -0.0157836 5
37.6102 0.603223 -0.176109 -0.0214751 5
37.6948 0.603144 -0.17602 -0.0210635 5
37.8048 0.603184 -0.175781 -0.0256867 5
37.8832 0.603441 -0.176123 -0.0255738 5
37.9903 0.603385 -0.176029 -0.025174 5
38.0811 0.602881 -0.176153 -0.0262424 5
38.175 0.603356 -0.176224 -0.0263041 5
38.2727 0.603329 -0.176203 -0.0253207 5
38.3591 0.60334 -0.176142 -0.0256563 5
38.4573 0.603083 -0.176355 -0.0263949 5
38.548 0.60325 -0.176146 -0.0256445 5
38.6421 0.603261 -0.176265 -0.0253641 5
38.752 0.603352 -0.176217 -0.0262328 5
38.8462 0.603405 -0.176143 -0.0259391 5
38.9346 0.603113 -0.176285 -0.0267248 5
39.0223 0.603047 -0.176286 -0.026028 5
39.1245 0.603472 -0.17619 -0.0266132 5
39.2144 0.603392 -0.176219 -0.0253375 5
39.3127 0.603019 -0.176204 -0.0266027 5
39.4104 0.60325 -0.176367 -0.0256587 5
39.4944 0.603151 -0.176108 -0.0261875 5
39.5954 0.603211 -0.176238 -0.0260527 5
39.6806 0.603241 -0.176232 -0.0261496 5
39.7776 0.603192 -0.176044 -0.0264077 5
39.8749 0.603056 -0.176238 -0.0263424 5
39.9664 0.603298 -0.176276 -0.0260377 5
40.0721 0.603135 -0.176324 -0.0260393 5
40.1564 0.603197 -0.176181 -0.0258758 5
40.2518 0.603213 -0.176209 -0.025887 5
40.3482 0.60315 -0.17621 -0.0258873 5
40.4477 0.602987 -0.176191 -0.0269157 5
40.5486 0.60309 -0.176194 -0.025826 5
40.6395 0.602999 -0.176139 -0.0265896 5
40.7393 0.603188 -0.176193 -0.0258694 5
40.8248 0.603451 -0.17615 -0.0262805 5
40.9225 0.603103 -0.17623 -0.0260383 5
41.0252 0.603304 -0.176196 -0.0255477 5
41.1142 0.603232 -0.176312 -0.0258928 5
41.2151 0.603037 -0.176363 -0.0263456 5
41.3043 0.603374 -0.17601 -0.0257109 5
41.4039 0.603233 -0.176291 -0.0266115 5
41.4909 0.603353 -0.176169 -0.026056 5
41.5902 0.603283 -0.176107 -0.025713 5
41.6861 0.603271 -0.176265 -0.0258252 5
41.7732 0.603073 -0.176155 -0.0261624 5
41.8735 0.603385 -0.17612 -0.0260636 5
41.9753 0.603114 -0.176217 -0.0264683 5
42.0768 0.603119 -0.176226 -0.0268722 5
42.1672 0.603349 -0.176245 -0.0261411 5
42.2602 0.603173 -0.176227 -0.0258638 5
