2.38419e-07 0.334399 0.161621 -0.0754193 0
0.0806692 0.3344 0.161606 -0.0756518 0
0.185399 0.334362 0.161591 -0.0753063 0
0.275753 0.334366 0.161574 -0.0743537 0
0.358657 0.334461 0.161599 -0.0755435 0
0.449206 0.334381 0.161551 -0.0747273 0
0.526546 0.334532 0.161701 -0.0761491 0
0.606419 0.334416 0.161667 -0.0758461 0
0.693273 0.334428 0.161608 -0.0752777 0
0.786027 0.334388 0.161654 -0.076481 0
0.866465 0.334375 0.161691 -0.0752667 0
0.950751 0.334419 0.161676 -0.0763352 0
1.03673 0.334449 0.161588 -0.0753703 0
1.15151 0.334498 0.161767 -0.0758486 0
1.24294 0.334252 0.161585 -0.0751195 0
1.31761 0.334392 0.161662 -0.0752381 0
1.39122 0.33438 0.161653 -0.0759564 0
1.51284 0.334435 0.161598 -0.0760387 0
1.597 0.33433 0.161587 -0.075763 0
1.69593 0.334417 0.161605 -0.0757727 0
1.79208 0.33435 0.161672 -0.0755043 0
1.8854 0.33431 0.161628 -0.0757689 0
1.97873 0.334417 0.16163 -0.0757585 0
2.06228 0.334443 0.161658 -0.0754053 0
2.14525 0.334491 0.161659 -0.0754896 0
2.23263 0.334421 0.161627 -0.0753832 0
2.32856 0.334427 0.161629 -0.075834 0
2.41117 0.334473 0.161659 -0.0751565 0
2.51382 0.334371 0.161557 -0.0754323 0
2.60044 0.334403 0.161579 -0.0749671 0
2.70705 0.334438 0.161609 -0.0760094 0
2.81154 0.334398 0.161569 -0.075068 0
2.89447 0.334361 0.161605 -0.0750904 0
3.0053 0.334451 0.161655 -0.0765 0
3.09506 0.334409 0.16161 -0.0757813 0
3.19572 0.334488 0.16174 -0.0763266 0
3.28126 0.33448 0.161636 -0.0753915 0
3.37415 0.334427 0.161735 -0.0757222 0
3.48509 0.33445 0.161722 -0.0770605 0
3.56978 0.334433 0.161595 -0.0753868 0
3.67275 0.334353 0.161555 -0.0754652 0
3.75904 0.33444 0.161496 -0.0760796 0
3.86398 0.334435 0.161524 -0.0754168 0
3.95443 0.334459 0.161677 -0.0757351 0
4.06072 0.334494 0.161651 -0.0753902 0
4.15015 0.334473 0.161685 -0.0761113 0
4.2382 0.334485 0.161709 -0.0763393 0
4.35102 0.334372 0.161614 -0.0761542 0
4.454 0.334358 0.161637 -0.0759559 0
4.54767 0.334468 0.161507 -0.0759553 0
4.6411 0.334455 0.161672 -0.0755135 0
4.74741 0.334224 0.161536 -0.0763531 0
4.83513 0.334536 0.161651 -0.0764043 0
4.93779 0.334437 0.161611 -0.0754674 0
5.01908 0.334387 0.161542 -0.0754327 0
5.11217 0.334446 0.161669 -0.0761347 0
5.20988 0.334426 0.16161 -0.0753338 0
5.3041 0.334394 0.161625 -0.0757857 0
5.39764 0.334443 0.161656 -0.0762417 0
5.48503 0.334398 0.161721 -0.0760634 0
5.5879 0.334239 0.161582 -0.075811 0
5.66735 0.334494 0.161603 -0.076204 0
5.74934 0.334425 0.161715 -0.0762094 0
5.84599 0.334471 0.16167 -0.0772467 0
5.9416 0.334406 0.161543 -0.0754641 0
6.0404 0.334419 0.161745 -0.0760701 0
6.13852 0.334471 0.161658 -0.0759459 0
6.22098 0.334453 0.161643 -0.076182 0
6.32485 0.334302 0.161639 -0.0763933 0
6.40933 0.3344 0.161667 -0.0762218 0
6.49614 0.33434 0.161557 -0.0760912 0
6.58867 0.334456 0.161631 -0.0759187 0
6.67817 0.334373 0.161609 -0.0753426 0
6.76833 0.334396 0.161608 -0.0761293 0
6.86221 0.334254 0.161705 -0.076125 0
6.94991 0.334472 0.161628 -0.0749854 0
7.04832 0.334455 0.161686 -0.0762576 0
7.13523 0.334442 0.16163 -0.0763229 0
7.22555 0.334353 0.161659 -0.0765762 0
7.34656 0.334348 0.161631 -0.0757176 0
7.43817 0.334306 0.161604 -0.0754796 0
7.52845 0.334393 0.161623 -0.0752137 0
7.63511 0.334368 0.161674 -0.0763655 0
7.72195 0.334497 0.161646 -0.0756456 0
7.83111 0.334483 0.161749 -0.0760918 0
7.93137 0.334335 0.161607 -0.0760079 0
8.02592 0.334383 0.161608 -0.0756695 0
8.12997 0.334367 0.161611 -0.0755542 0
8.20411 0.334242 0.161548 -0.0754698 0
8.2978 0.33445 0.161657 -0.0761553 0
8.3981 0.334366 0.161703 -0.076617 0
8.49647 0.334405 0.161661 -0.0765153 0
8.59216 0.334399 0.161517 -0.0750736 0
8.68995 0.334278 0.161649 -0.0760584 0
8.78122 0.334473 0.161641 -0.0772982 0
8.87577 0.334279 0.161638 -0.0756355 0
8.97229 0.334546 0.161958 -0.0748928 0
9.06949 0.334773 0.162104 -0.0760793 0
9.162 0.334716 0.16227 -0.0765974 0
9.27183 0.334676 0.162091 -0.0764088 0
9.36391 0.334787 0.162406 -0.0756486 0
9.46951 0.335006 0.162586 -0.0757529 0
9.56084 0.335132 0.162625 -0.0746914 0
9.65681 0.33537 0.162772 -0.0742508 0
9.74086 0.335761 0.162965 -0.0731122 0
9.84462 0.335799 0.163142 -0.0727082 0
9.94266 0.336091 0.16346 -0.0720476 0
10.0435 0.336087 0.163632 -0.0729367 0
10.1382 0.336359 0.163888 -0.071826 0
10.2331 0.336313 0.16413 -0.0706587 0
10.3416 0.336538 0.164287 -0.0704098 0
10.4315 0.336447 0.164631 -0.0683878 0
10.531 0.336949 0.164658 -0.0672723 0
10.6206 0.336967 0.164701 -0.0666342 0
10.7189 0.337451 0.164814 -0.0643013 0
10.8055 0.337027 0.164846 -0.0640711 0
10.9007 0.336549 0.165078 -0.0622685 0
11.0055 0.336515 0.165289 -0.0604922 0
11.0894 0.336134 0.165383 -0.060867 0
11.1953 0.335627 0.165544 -0.0611296 0
11.2896 0.336418 0.166036 -0.0614252 0
11.3892 0.335944 0.166517 -0.0613496 0
11.4758 0.336107 0.166701 -0.060727 0
11.5674 0.336119 0.16674 -0.0592272 0
11.6635 0.336362 0.166661 -0.0582365 0
11.7542 0.336064 0.166925 -0.0569728 0
11.8557 0.336897 0.166884 -0.0548523 0
11.9466 0.336925 0.166763 -0.0537636 0
12.0627 0.336595 0.166931 -0.0531417 0
12.1519 0.336355 0.167009 -0.0514757 0
12.2547 0.337123 0.166987 -0.0504146 0
12.3436 0.336687 0.166934 -0.0488594 0
12.449 0.336896 0.166978 -0.0480354 0
12.5325 0.336886 0.166863 -0.0468681 0
12.6199 0.337721 0.166928 -0.0444982 0
12.7248 0.337283 0.167125 -0.044157 0
12.8104 0.337541 0.167107 -0.0427759 0
12.9135 0.337643 0.166909 -0.0398907 0
13.0051 0.33756 0.16678 -0.0397749 0
13.1056 0.337265 0.16691 -0.0391734 1
13.1946 0.337669 0.167223 -0.0390947 1
13.2881 0.337584 0.167046 -0.0384336 1
13.3835 0.338044 0.166865 -0.0362102 1
13.4736 0.337708 0.167032 -0.0362239 1
13.5809 0.337865 0.166917 -0.0351253 1
13.6687 0.337638 0.166729 -0.0352306 1
13.7805 0.338068 0.166771 -0.0340545 1
13.8693 0.338195 0.166954 -0.0347534 1
13.9678 0.338615 0.167307 -0.0339209 1
14.0641 0.338439 0.167045 -0.0344122 1
14.1543 0.339073 0.167126 -0.0342703 1
14.2474 0.340113 0.166904 -0.0323231 1
14.3392 0.340905 0.167166 -0.0342775 1
14.4436 0.342154 0.167214 -0.0348566 1
14.5369 0.343479 0.167154 -0.0333499 1
14.6316 0.346406 0.167514 -0.0321686 1
14.7268 0.348574 0.167902 -0.0320625 1
14.8131 0.351261 0.167974 -0.0313124 1
14.9194 0.355286 0.168736 -0.0292797 1
15.0114 0.357031 0.168933 -0.0313461 1
15.1103 0.359983 0.169102 -0.0305862 1
15.2066 0.363801 0.169097 -0.030125 1
15.3075 0.366849 0.168942 -0.0302187 1
15.3913 0.369053 0.169299 -0.0294529 1
15.4888 0.373544 0.169297 -0.0286489 1
15.581 0.375901 0.169506 -0.029041 1
15.6714 0.381193 0.169431 -0.0263111 1
15.7735 0.384204 0.169717 -0.0264893 1
15.8593 0.389696 0.16954 -0.0246206 1
15.9636 0.391515 0.169074 -0.0242962 1
16.056 0.395849 0.168625 -0.0247696 1
16.1513 0.400925 0.167828 -0.0212449 1
16.2415 0.404519 0.169811 -0.0276702 1
16.3406 0.409476 0.169995 -0.0270835 1
16.4355 0.412965 0.169727 -0.0266773 1
16.5278 0.416589 0.16949 -0.0271834 1
16.6261 0.420164 0.169085 -0.0270061 1
16.7181 0.42528 0.168966 -0.027123 1
16.8155 0.427441 0.168407 -0.0278796 1
16.9135 0.433673 0.168488 -0.0264082 1
17.0191 0.437695 0.16817 -0.0275708 1
17.117 0.440019 0.167276 -0.0270626 1
17.2099 0.44464 0.167069 -0.0277476 1
17.3182 0.448475 0.16609 -0.0242714 1
17.4104 0.453222 0.165679 -0.0258231 1
17.5146 0.456269 0.165763 -0.0265955 1
17.6032 0.461134 0.164666 -0.0224105 1
17.7 0.463402 0.164476 -0.0252558 1
17.7973 0.465914 0.164454 -0.0239695 1
17.8918 0.468963 0.16428 -0.0227247 1
17.997 0.471196 0.163794 -0.0221684 1
18.0913 0.474122 0.163635 -0.0247377 1
18.1967 0.476146 0.163117 -0.0237165 1
18.2855 0.478242 0.162851 -0.0240996 1
18.3845 0.479165 0.162626 -0.0237178 2
18.4734 0.479979 0.162353 -0.0243062 2
18.6045 0.48157 0.162482 -0.0236971 2
18.681 0.482575 0.162409 -0.0229189 2
18.783 0.482419 0.162516 -0.0268393 2
18.9086 0.482579 0.162331 -0.0250275 2
19.0006 0.482867 0.162232 -0.0279593 2
19.0972 0.482361 0.161993 -0.0249335 2
19.2037 0.482421 0.161685 -0.0260894 2
19.3038 0.48275 0.161412 -0.0274988 2
19.4056 0.482867 0.160597 -0.0251404 2
19.4981 0.483073 0.16034 -0.0254958 2
19.5766 0.483192 0.159373 -0.0250301 2
19.6767 0.48322 0.158663 -0.0254253 2
19.7742 0.483555 0.157405 -0.0252018 2
19.8735 0.484833 0.155909 -0.023042 2
19.9813 0.484743 0.154662 -0.0231815 2
20.0729 0.485169 0.153538 -0.0247814 2
20.1629 0.485894 0.151938 -0.0234028 2
20.2691 0.485364 0.149876 -0.0244548 2
20.3537 0.486376 0.148489 -0.0224686 2
20.4616 0.487339 0.146704 -0.0235019 2
20.5535 0.4878 0.144796 -0.0234949 2
20.6508 0.487751 0.142732 -0.0260353 2
20.7451 0.487092 0.140089 -0.0239808 2
20.8422 0.488845 0.138455 -0.0220832 2
20.9411 0.48904 0.136044 -0.0244293 2
21.0367 0.490007 0.133678 -0.0250772 2
21.1368 0.490892 0.130984 -0.0239837 2
21.2401 0.491326 0.127801 -0.0225133 2
21.3448 0.491892 0.125378 -0.0214547 2
21.4489 0.493793 0.122615 -0.0199122 2
21.5455 0.493981 0.119589 -0.0199228 2
21.6263 0.494348 0.11733 -0.0220045 2
21.7295 0.494659 0.114025 -0.0220201 2
21.8146 0.495762 0.110507 -0.0211741 2
21.9117 0.495851 0.106964 -0.0233847 2
22.0156 0.49727 0.104682 -0.0211032 2
22.1131 0.4969 0.10103 -0.0253119 2
22.2047 0.49788 0.0972104 -0.0230374 2
22.3026 0.499093 0.0940706 -0.025222 2
22.4061 0.500243 0.0904474 -0.0211911 2
22.51 0.500241 0.0865798 -0.0223984 2
22.6083 0.500325 0.0827314 -0.0236249 2
22.6963 0.501395 0.0791658 -0.0237673 2
22.7932 0.501104 0.0754523 -0.0264231 2
22.8926 0.503603 0.0713382 -0.0236652 2
22.9839 0.503504 0.0669752 -0.0225939 2
23.0801 0.503148 0.0633152 -0.0226138 2
23.162 0.504283 0.0599372 -0.0201896 2
23.2667 0.50426 0.0553836 -0.0198194 2
23.358 0.504685 0.0525057 -0.0242141 2
23.4513 0.505494 0.0477608 -0.0221297 2
23.5413 0.505793 0.043685 -0.0203423 2
23.6331 0.506021 0.0395139 -0.0211075 2
23.7326 0.507154 0.035576 -0.0180709 2
23.8183 0.50755 0.0322081 -0.0202611 2
23.9141 0.506663 0.026782 -0.0239906 2
24.0159 0.507235 0.0230843 -0.0225147 2
24.1243 0.507481 0.0181905 -0.0253194 2
24.2109 0.508431 0.0139754 -0.0220185 2
24.3065 0.509325 0.00938752 -0.0196981 2
24.4002 0.507897 0.00457588 -0.0235327 2
24.49 0.508866 0.000149131 -0.0224641 2
24.5867 0.50888 -0.00364816 -0.021284 2
24.6784 0.508629 -0.00773555 -0.0238673 2
24.7785 0.509125 -0.0127713 -0.0193507 2
24.8731 0.508464 -0.0174057 -0.0216658 2
24.9774 0.508338 -0.0221875 -0.0224379 2
25.0748 0.50807 -0.0271245 -0.0256033 2
25.1689 0.508552 -0.0315008 -0.022607 2
25.2462 0.508177 -0.0354417 -0.0235798 2
25.3616 0.50783 -0.0408879 -0.0244786 2
25.4553 0.507695 -0.045443 -0.0240711 2
25.552 0.50754 -0.0496705 -0.0255749 2
25.6474 0.50693 -0.0542502 -0.0266944 2
25.7539 0.506803 -0.0588485 -0.0286196 2
25.8515 0.506791 -0.063666 -0.0284356 2
25.9517 0.505855 -0.0684581 -0.0296668 2
26.0481 0.505804 -0.0752579 -0.0220079 2
26.1516 0.505455 -0.0796893 -0.0225159 2
26.2435 0.504297 -0.0834549 -0.0229429 2
26.3412 0.504379 -0.0871387 -0.0247344 2
26.4272 0.503553 -0.0914167 -0.0246482 2
26.5287 0.504009 -0.0956882 -0.0256792 2
26.6192 0.502811 -0.0999557 -0.0246043 2
26.7153 0.501576 -0.104031 -0.0237983 2
26.8155 0.501008 -0.107908 -0.0213562 2
26.9161 0.499902 -0.11149 -0.0200419 2
27.0229 0.498804 -0.116437 -0.017022 2
27.1238 0.498588 -0.120223 -0.0236757 2
27.2321 0.497023 -0.124233 -0.0211386 2
27.3161 0.496206 -0.126562 -0.025192 2
27.4148 0.495811 -0.130419 -0.0240953 2
27.5181 0.495232 -0.134475 -0.025718 2
27.6122 0.495067 -0.137866 -0.0252684 2
27.7064 0.493996 -0.142046 -0.0254075 2
27.8171 0.49294 -0.146232 -0.0249289 2
27.9155 0.492333 -0.149637 -0.0241382 2
28.002 0.491804 -0.152306 -0.0241115 2
28.0816 0.490907 -0.155387 -0.0263682 2
28.1658 0.489929 -0.15777 -0.0247425 2
28.2658 0.489412 -0.160913 -0.0263284 2
28.3632 0.488314 -0.164836 -0.0249902 2
28.4726 0.487489 -0.166687 -0.0257927 2
28.5639 0.485783 -0.169452 -0.0261137 2
28.6525 0.482709 -0.172681 -0.0315197 2
28.7423 0.482922 -0.175445 -0.0285713 2
28.85 0.481008 -0.178871 -0.0326178 2
28.9472 0.48115 -0.181726 -0.0322134 2
29.0469 0.480168 -0.184193 -0.0313768 2
29.1452 0.479236 -0.186784 -0.0330892 2
29.2476 0.479054 -0.188192 -0.0312275 2
29.3351 0.478472 -0.189789 -0.0307342 2
29.4382 0.477859 -0.192508 -0.0317307 2
29.5175 0.47704 -0.193895 -0.0313446 2
29.6089 0.476613 -0.195243 -0.0302435 2
29.7004 0.476023 -0.196794 -0.0298413 2
29.7995 0.47608 -0.198488 -0.0303839 2
29.9063 0.475348 -0.199996 -0.0317596 2
29.9982 0.474516 -0.201446 -0.0300373 2
30.0902 0.473686 -0.202519 -0.0286619 2
30.1951 0.473724 -0.203148 -0.0284575 3
30.2895 0.473834 -0.204383 -0.0296218 3
30.3907 0.47307 -0.204906 -0.0292338 3
30.4968 0.473193 -0.205478 -0.0290383 3
30.5844 0.472807 -0.205922 -0.0295789 3
30.6921 0.47236 -0.206117 -0.0302984 3
30.7848 0.472059 -0.206519 -0.0306359 3
30.8832 0.471258 -0.206416 -0.0301831 3
30.9898 0.472375 -0.20676 -0.0307764 3
31.0837 0.471792 -0.20652 -0.0302132 3
31.1748 0.471962 -0.206162 -0.0293731 3
31.2696 0.471793 -0.206479 -0.0301346 3
31.3733 0.47171 -0.20691 -0.0304872 3
31.4694 0.471615 -0.206559 -0.0305926 3
31.5609 0.472433 -0.206782 -0.0293441 3
31.671 0.472157 -0.206669 -0.0291952 3
31.7565 0.471885 -0.206693 -0.0294291 3
31.8618 0.471915 -0.207605 -0.030033 3
31.9658 0.471664 -0.207439 -0.0296258 3
32.0596 0.471251 -0.20716 -0.0299783 3
32.1545 0.47145 -0.208163 -0.0304215 3
32.247 0.47133 -0.20805 -0.0289676 3
32.3471 0.470885 -0.208401 -0.02944 3
32.4481 0.471051 -0.208477 -0.0287735 3
32.5392 0.470815 -0.208485 -0.0289154 3
32.6436 0.47077 -0.209143 -0.0290131 3
32.7391 0.470895 -0.209392 -0.0284139 3
32.8515 0.470921 -0.209508 -0.0270195 3
32.9392 0.470927 -0.20973 -0.0266848 3
33.0385 0.471211 -0.210279 -0.0259937 3
33.1332 0.471287 -0.210592 -0.0265281 4
33.2189 0.471493 -0.210378 -0.0245623 4
33.3191 0.471552 -0.21117 -0.0234105 4
33.4244 0.471525 -0.21137 -0.0233114 4
33.5073 0.47158 -0.211596 -0.022277 4
33.6046 0.471408 -0.211177 -0.0213557 4
33.6941 0.471631 -0.211731 -0.0214131 4
33.793 0.471168 -0.21151 -0.021278 4
33.8878 0.470975 -0.211826 -0.0219348 4
33.9998 0.471604 -0.211815 -0.0208568 4
34.0952 0.471328 -0.211855 -0.021174 4
34.1841 0.471521 -0.211829 -0.0199306 4
34.2841 0.471125 -0.211078 -0.0202281 4
34.38 0.471387 -0.210587 -0.0211425 4
34.481 0.47186 -0.209487 -0.020969 4
34.5814 0.472124 -0.208082 -0.0204759 4
34.679 0.471212 -0.206093 -0.0240775 4
34.7811 0.471834 -0.204497 -0.0237369 4
34.8678 0.472187 -0.203058 -0.0223789 4
34.9706 0.472165 -0.200933 -0.0234277 4
35.0749 0.472842 -0.198139 -0.0230363 4
35.1667 0.47254 -0.195802 -0.023839 4
35.2576 0.47298 -0.193323 -0.0232666 4
35.3545 0.472639 -0.190898 -0.0251214 4
35.4474 0.472942 -0.190426 -0.0272528 4
35.544 0.473145 -0.186968 -0.0282026 4
35.639 0.472808 -0.185075 -0.0287331 4
35.7432 0.472775 -0.182307 -0.0293762 4
35.8265 0.473162 -0.181224 -0.0298678 4
35.9305 0.473342 -0.178447 -0.0306682 4
36.033 0.473457 -0.176698 -0.0315648 4
36.1312 0.473734 -0.174596 -0.0320248 4
36.2255 0.47349 -0.172938 -0.0328965 4
36.3184 0.473706 -0.171929 -0.0325038 4
36.4214 0.47408 -0.170403 -0.0320077 4
36.519 0.473027 -0.167725 -0.0304207 4
36.6149 0.473047 -0.166445 -0.02971 4
36.719 0.473014 -0.165654 -0.0302948 4
36.719 0 0 0 5
36.8301 0.472499 -0.164695 -0.0286544 5
36.9151 0.471581 -0.164008 -0.0301361 5
37.0073 0.471495 -0.163305 -0.029601 5
37.1155 0.471498 -0.163005 -0.0289672 5
37.2211 0.471061 -0.164254 -0.0299667 5
37.3176 0.470419 -0.169856 -0.0292845 5
37.4183 0.470006 -0.170888 -0.0293526 5
37.5045 0.469726 -0.175135 -0.0283923 5
37.6102 0.471818 -0.176503 -0.0320995 5
37.6948 0.471588 -0.176106 -0.0310297 5
37.8048 0.473696 -0.176349 -0.0352735 5
37.8832 0.473705 -0.17639 -0.0349567 5
37.9903 0.473544 -0.176391 -0.0345383 5
38.0811 0.473461 -0.176475 -0.0349836 5
38.175 0.473264 -0.17656 -0.0347335 5
38.2727 0.473472 -0.1763 -0.0344134 5
38.3591 0.473575 -0.176636 -0.0352687 5
38.4573 0.473264 -0.176562 -0.0352727 5
38.548 0.473662 -0.176329 -0.035162 5
38.6421 0.473665 -0.176517 -0.0351839 5
38.752 0.47344 -0.176462 -0.0349777 5
38.8462 0.473496 -0.17649 -0.0345608 5
38.9346 0.473475 -0.176641 -0.0353476 5
39.0223 0.473495 -0.176222 -0.0350215 5
39.1245 0.473425 -0.176261 -0.034846 5
39.2144 0.473631 -0.176536 -0.035154 5
39.3127 0.473484 -0.176345 -0.0352945 5
39.4104 0.473567 -0.176545 -0.0347644 5
39.4944 0.473371 -0.176445 -0.0349784 5
39.5954 0.473513 -0.176649 -0.0354668 5
39.6806 0.473437 -0.176644 -0.0356382 5
39.7776 0.473484 -0.176462 -0.0355622 5
39.8749 0.473369 -0.176511 -0.0350864 5
39.9664 0.473442 -0.176561 -0.0349215 5
40.0721 0.473566 -0.176346 -0.034595 5
40.1564 0.473744 -0.176477 -0.0351378 5
40.2518 0.473536 -0.176443 -0.0347984 5
40.3482 0.473436 -0.17649 -0.034957 5
40.4477 0.473367 -0.17647 -0.0353394 5
40.5486 0.47345 -0.176526 -0.0347065 5
40.6395 0.473426 -0.176475 -0.0347142 5
40.7393 0.473439 -0.176449 -0.0349134 5
40.8248 0.473578 -0.176478 -0.0350614 5
40.9225 0.473357 -0.176441 -0.0346799 5
41.0252 0.473554 -0.176637 -0.0348387 5
41.1142 0.473557 -0.176562 -0.0353942 5
41.2151 0.4735 -0.176502 -0.0348837 5
41.3043 0.473607 -0.176531 -0.0351365 5
41.4039 0.47334 -0.176537 -0.0350194 5
41.4909 0.473453 -0.176432 -0.0349859 5
41.5902 0.473649 -0.176313 -0.0346821 5
41.6861 0.473423 -0.176751 -0.0349234 5
41.7732 0.47338 -0.176507 -0.0351331 5
41.8735 0.473549 -0.176383 -0.0351983 5
41.9753 0.473548 -0.176582 -0.0351639 5
42.0768 0.47337 -0.176385 -0.0352381 5
42.1672 0.473577 -0.17658 -0.0351507 5
42.2602 0.473562 -0.17678 -0.0354144 5
