2.38419e-07 0.391575 0.069306 0.23 5 0
0.0806692 0.391571 0.0692814 0.23 5 0
0.185399 0.391558 0.0693025 0.23 5 0
0.275753 0.391576 0.0693 0.23 5 0
0.358657 0.39156 0.0692902 0.23 5 0
0.449206 0.391562 0.069288 0.23 5 0
0.526546 0.391569 0.0693038 0.23 5 0
0.606419 0.391571 0.069289 0.23 5 0
0.693273 0.391572 0.0692921 0.23 5 0
0.786027 0.391569 0.0692968 0.23 5 0
0.866465 0.391571 0.0692913 0.23 5 0
0.950751 0.391573 0.0692922 0.23 5 0
1.03673 0.391566 0.0693117 0.23 5 0
1.15151 0.391578 0.0693163 0.23 5 0
1.24294 0.391568 0.069289 0.23 5 0
1.31761 0.391566 0.0693002 0.23 5 0
1.39122 0.391575 0.0692957 0.23 5 0
1.51284 0.391573 0.0692944 0.23 5 0
1.597 0.391556 0.0692876 0.23 5 0
1.69593 0.391584 0.0692914 0.23 5 0
1.79208 0.391572 0.0692921 0.23 5 0
1.8854 0.391577 0.0693039 0.23 5 0
1.97873 0.391568 0.0692877 0.23 5 0
2.06228 0.391577 0.0693056 0.23 5 0
2.14525 0.391579 0.0693056 0.23 5 0
2.23263 0.391563 0.0693128 0.23 5 0
2.32856 0.391572 0.0692939 0.23 5 0
2.41117 0.391579 0.0692962 0.23 5 0
2.51382 0.391573 0.0692935 0.23 5 0
2.60044 0.391567 0.0692968 0.23 5 0
2.70705 0.391575 0.0692995 0.23 5 0
2.81154 0.391567 0.0692792 0.23 5 0
2.89447 0.391576 0.069302 0.23 5 0
3.0053 0.391576 0.0692868 0.23 5 0
3.09506 0.391561 0.0692867 0.23 5 0
3.19572 0.391574 0.0692956 0.23 5 0
3.28126 0.391583 0.0692868 0.23 5 0
3.37415 0.391577 0.0693107 0.23 5 0
3.48509 0.391561 0.0693008 0.23 5 0
3.56978 0.391578 0.0692855 0.23 5 0
3.67275 0.391573 0.0692934 0.23 5 0
3.75904 0.391553 0.0692784 0.23 5 0
3.86398 0.391567 0.0692852 0.23 5 0
3.95443 0.391577 0.0693072 0.23 5 0
4.06072 0.391573 0.0693075 0.23 5 0
4.15015 0.39158 0.0692971 0.23 5 0
4.2382 0.391578 0.0693 0.23 5 0
4.35102 0.391569 0.0692954 0.23 5 0
4.454 0.391568 0.0693075 0.23 5 0
4.54767 0.391564 0.0692851 0.23 5 0
4.6411 0.391584 0.0693049 0.23 5 0
4.74741 0.39156 0.0692717 0.23 5 0
4.83513 0.391579 0.0693013 0.23 5 0
4.93779 0.391576 0.0692747 0.23 5 0
5.01908 0.391557 0.0692866 0.23 5 0
5.11217 0.391564 0.069298 0.23 5 0
5.20988 0.391582 0.0692928 0.23 5 0
5.3041 0.391579 0.0692902 0.23 5 0
5.39764 0.391571 0.0692926 0.23 5 0
5.48503 0.391572 0.0693234 0.23 5 0
5.5879 0.391565 0.0692966 0.23 5 0
5.66735 0.391575 0.0692914 0.23 5 0
5.74934 0.391581 0.0693103 0.23 5 0
5.84599 0.391576 0.0692887 0.23 5 0
5.9416 0.391575 0.0692995 0.23 5 0
6.0404 0.39158 0.0693047 0.23 5 0
6.13852 0.391574 0.0692953 0.23 5 0
6.22098 0.391572 0.0692888 0.23 5 0
6.32485 0.391563 0.0692811 0.23 5 0
6.40933 0.391585 0.0692861 0.23 5 0
6.49614 0.391563 0.069301 0.23 5 0
6.58867 0.39157 0.0692921 0.23 5 0
6.67817 0.391568 0.0692839 0.23 5 0
6.76833 0.391571 0.0692955 0.23 5 0
6.86221 0.391587 0.0693083 0.23 5 0
6.94991 0.391583 0.069325 0.23 5 0
7.04832 0.39157 0.0693033 0.23 5 0
7.13523 0.391579 0.0692962 0.23 5 0
7.22555 0.391567 0.0693019 0.23 5 0
7.34656 0.39156 0.0692836 0.23 5 0
7.43817 0.39157 0.0692921 0.23 5 0
7.52845 0.391572 0.069302 0.23 5 0
7.63511 0.391582 0.06931 0.23 5 0
7.72195 0.391562 0.0693134 0.23 5 0
7.83111 0.391572 0.0693132 0.23 5 0
7.93137 0.391579 0.069285 0.23 5 0
8.02592 0.391558 0.0693012 0.23 5 0
8.12997 0.391562 0.0692871 0.23 5 0
8.20411 0.391572 0.0692847 0.23 5 0
8.2978 0.391576 0.0693111 0.23 5 0
8.3981 0.391563 0.0693091 0.23 5 0
8.49647 0.391572 0.0692888 0.23 5 0
8.59216 0.391556 0.069309 0.23 5 0
8.68995 0.391565 0.0692894 0.23 5 0
8.78122 0.391596 0.0693104 0.23 5 0
8.87577 0.391627 0.0692982 0.23 5 0
8.97229 0.391661 0.0693273 0.23 5 0
9.06949 0.391702 0.0693424 0.23 5 0
9.162 0.391755 0.0693606 0.23 5 0
9.27183 0.391837 0.0693705 0.23 5 0
9.36391 0.391926 0.0694124 0.23 5 0
9.46951 0.392021 0.0694312 0.23 5 0
9.56084 0.392096 0.0694479 0.23 5 0
9.65681 0.392185 0.0694648 0.23 5 0
9.74086 0.392279 0.0694811 0.23 5 0
9.84462 0.392386 0.0695327 0.23 5 0
9.94266 0.392481 0.0695639 0.23 5 0
10.0435 0.392576 0.0695614 0.23 5 0
10.1382 0.392683 0.0695882 0.23 5 0
10.2331 0.392805 0.0696047 0.23 5 0
10.3416 0.392884 0.0696202 0.23 5 0
10.4315 0.392987 0.0696368 0.23 5 0
10.531 0.39306 0.0696475 0.23 5 0
10.6206 0.393139 0.0696476 0.23 5 0
10.7189 0.393198 0.0696412 0.23 5 0
10.8055 0.393213 0.0696152 0.23 5 0
10.9007 0.393311 0.0696487 0.23 5 0
11.0055 0.393363 0.069649 0.23 5 0
11.0894 0.393388 0.0696166 0.23 5 0
11.1953 0.39343 0.0695872 0.23 5 0
11.2896 0.393438 0.0695662 0.23 5 0
11.3892 0.39347 0.0695625 0.23 5 0
11.4758 0.39347 0.0695309 0.23 5 0
11.5674 0.393478 0.069513 0.23 5 0
11.6635 0.393453 0.0694469 0.23 5 0
11.7542 0.393427 0.0694477 0.23 5 0
11.8557 0.3934 0.0693741 0.23 5 0
11.9466 0.393349 0.0693169 0.23 5 0
12.0627 0.393306 0.0692667 0.23 5 0
12.1519 0.393282 0.0692163 0.23 5 0
12.2547 0.393206 0.0691619 0.23 5 0
12.3436 0.393163 0.0691112 0.23 5 0
12.449 0.393091 0.0690672 0.23 5 0
12.5325 0.393052 0.0690061 0.23 5 0
12.6199 0.393004 0.0689628 0.23 5 0
12.7248 0.392937 0.0689075 0.23 5 0
12.8104 0.392903 0.0688724 0.23 5 0
12.9135 0.392823 0.0688307 0.23 5 0
13.0051 0.5358 0.0687721 0.23 5 1
13.1056 0.5358 0.0687491 0.229126 5 1
13.1946 0.5358 0.068737 0.229749 5 1
13.2881 0.5358 0.0686949 0.230201 5 1
13.3835 0.5358 0.0686625 0.230608 5 1
13.4736 0.5358 0.0686537 0.230838 5 1
13.5809 0.5358 0.0686433 0.23102 5 1
13.6687 0.5358 0.0686361 0.231059 5 1
13.7805 0.5358 0.0686398 0.231054 5 1
13.8693 0.5358 0.0686339 0.231073 5 1
13.9678 0.5358 0.0687007 0.231216 5 1
14.0641 0.5358 0.06877 0.231365 5 1
14.1543 0.5358 0.0688523 0.231473 5 1
14.2474 0.5358 0.0689893 0.231623 5 1
14.3392 0.5358 0.0691585 0.231852 5 1
14.4436 0.5358 0.0693457 0.232141 5 1
14.5369 0.5358 0.0694606 0.232351 5 1
14.6316 0.5358 0.0696905 0.232785 5 1
14.7268 0.5358 0.0699912 0.233306 5 1
14.8131 0.5358 0.0702218 0.233543 5 1
14.9194 0.5358 0.0704672 0.233872 5 1
15.0114 0.5358 0.0707199 0.234271 5 1
15.1103 0.5358 0.070964 0.23477 5 1
15.2066 0.5358 0.0711459 0.235065 5 1
15.3075 0.5358 0.0713931 0.235417 5 1
15.3913 0.5358 0.0716363 0.235747 5 1
15.4888 0.5358 0.0717927 0.236087 5 1
15.581 0.5358 0.071926 0.236366 5 1
15.6714 0.5358 0.0720735 0.236628 5 1
15.7735 0.5358 0.0722722 0.236981 5 1
15.8593 0.5358 0.0723066 0.237099 5 1
15.9636 0.5358 0.072382 0.237288 5 1
16.056 0.5358 0.072485 0.237442 5 1
16.1513 0.5358 0.0725499 0.237503 5 1
16.2415 0.5358 0.0724576 0.237555 5 1
16.3406 0.5358 0.072466 0.237613 5 1
16.4355 0.5358 0.0724194 0.237573 5 1
16.5278 0.5358 0.0722969 0.237503 5 1
16.6261 0.5358 0.0721272 0.237461 5 1
16.7181 0.5358 0.0720546 0.237241 5 1
16.8155 0.5358 0.0718762 0.237092 5 1
16.9135 0.5358 0.0716767 0.236962 5 1
17.0191 0.5358 0.0714492 0.236669 5 1
17.117 0.5358 0.0712552 0.236412 5 1
17.2099 0.5358 0.0710404 0.236224 5 1
17.3182 0.5358 0.0706145 0.235844 5 1
17.4104 0.5358 0.0703718 0.235456 5 1
17.5146 0.5358 0.0700704 0.2352 5 1
17.6032 0.5358 0.0698405 0.234841 5 1
17.7 0.5358 0.0695203 0.234551 5 1
17.7973 0.5358 0.0691876 0.234136 5 1
17.8918 0.5358 0.0689622 0.233884 5 1
17.997 0.5358 0.0686444 0.233568 5 1
18.0913 0.5358 0.0684609 0.233238 5 1
18.1967 0.5358 0.0681859 0.233006 5 1
18.2855 0.5358 -0.3 0.232736 12 2
18.3845 0.534475 -0.3 0.232511 12 2
18.4734 0.535454 -0.3 0.232337 12 2
18.6045 0.536528 -0.3 0.232201 12 2
18.681 0.536846 -0.3 0.232136 12 2
18.783 0.536933 -0.3 0.232138 12 2
18.9086 0.536946 -0.3 0.232137 12 2
19.0006 0.536947 -0.3 0.232135 12 2
19.0972 0.537006 -0.3 0.232118 12 2
19.2037 0.537189 -0.3 0.232112 12 2
19.3038 0.537373 -0.3 0.232165 12 2
19.4056 0.537605 -0.3 0.232174 12 2
19.4981 0.53784 -0.3 0.232183 12 2
19.5766 0.538091 -0.3 0.232206 12 2
19.6767 0.538456 -0.3 0.232284 12 2
19.7742 0.538806 -0.3 0.232242 12 2
19.8735 0.539208 -0.3 0.232257 12 2
19.9813 0.539737 -0.3 0.232296 12 2
20.0729 0.540146 -0.3 0.232327 12 2
20.1629 0.540601 -0.3 0.232334 12 2
20.2691 0.541174 -0.3 0.232365 12 2
20.3537 0.541683 -0.3 0.232369 12 2
20.4616 0.542375 -0.3 0.232448 12 2
20.5535 0.542946 -0.3 0.232464 12 2
20.6508 0.543568 -0.3 0.232485 12 2
20.7451 0.544239 -0.3 0.232515 12 2
20.8422 0.544899 -0.3 0.232518 12 2
20.9411 0.545667 -0.3 0.232589 12 2
21.0367 0.546301 -0.3 0.232624 12 2
21.1368 0.547062 -0.3 0.232661 12 2
21.2401 0.547854 -0.3 0.23267 12 2
21.3448 0.54868 -0.3 0.232774 12 2
21.4489 0.549487 -0.3 0.232784 12 2
21.5455 0.550251 -0.3 0.23282 12 2
21.6263 0.550905 -0.3 0.232836 12 2
21.7295 0.551739 -0.3 0.23289 12 2
21.8146 0.552425 -0.3 0.232862 12 2
21.9117 0.553205 -0.3 0.232942 12 2
22.0156 0.554021 -0.3 0.23306 12 2
22.1131 0.554785 -0.3 0.233086 12 2
22.2047 0.555544 -0.3 0.23311 12 2
22.3026 0.55631 -0.3 0.233172 12 2
22.4061 0.557086 -0.3 0.233177 12 2
22.51 0.557883 -0.3 0.233258 12 2
22.6083 0.558588 -0.3 0.23329 12 2
22.6963 0.559238 -0.3 0.233316 12 2
22.7932 0.559911 -0.3 0.233357 12 2
22.8926 0.560641 -0.3 0.233388 12 2
22.9839 0.561211 -0.3 0.233373 12 2
23.0801 0.561853 -0.3 0.233453 12 2
23.162 0.56236 -0.3 0.233506 12 2
23.2667 0.562997 -0.3 0.233526 12 2
23.358 0.563569 -0.3 0.233565 12 2
23.4513 0.564022 -0.3 0.233522 12 2
23.5413 0.564605 -0.3 0.23364 12 2
23.6331 0.565044 -0.3 0.233677 12 2
23.7326 0.565484 -0.3 0.233723 12 2
23.8183 0.565862 -0.3 0.233683 12 2
23.9141 0.566251 -0.3 0.233637 12 2
24.0159 0.566663 -0.3 0.233746 12 2
24.1243 0.566987 -0.3 0.233804 12 2
24.2109 0.567289 -0.3 0.233824 12 2
24.3065 0.567545 -0.3 0.233825 12 2
24.4002 0.567758 -0.3 0.233825 12 2
24.49 0.567966 -0.3 0.233878 12 2
24.5867 0.568155 -0.3 0.233873 12 2
24.6784 0.568272 -0.3 0.233925 12 2
24.7785 0.568344 -0.3 0.233931 12 2
24.8731 0.568415 -0.3 0.233958 12 2
24.9774 0.56845 -0.3 0.233994 12 2
25.0748 0.568432 -0.3 0.233922 12 2
25.1689 0.56836 -0.3 0.233968 12 2
25.2462 0.568255 -0.3 0.233888 12 2
25.3616 0.568136 -0.3 0.233998 12 2
25.4553 0.56797 -0.3 0.233975 12 2
25.552 0.567755 -0.3 0.233962 12 2
25.6474 0.567508 -0.3 0.233985 12 2
25.7539 0.567235 -0.3 0.233994 12 2
25.8515 0.56696 -0.3 0.234046 12 2
25.9517 0.566543 -0.3 0.234046 12 2
26.0481 0.566148 -0.3 0.234019 12 2
26.1516 0.5657 -0.3 0.233961 12 2
26.2435 0.565295 -0.3 0.233938 12 2
26.3412 0.564816 -0.3 0.234024 12 2
26.4272 0.564348 -0.3 0.233966 12 2
26.5287 0.563773 -0.3 0.233997 12 2
26.6192 0.563279 -0.3 0.233972 12 2
26.7153 0.562675 -0.3 0.233864 12 2
26.8155 0.562082 -0.3 0.233928 12 2
26.9161 0.561403 -0.3 0.23387 12 2
27.0229 0.560623 -0.3 0.233906 12 2
27.1238 0.559958 -0.3 0.233858 12 2
27.2321 0.55916 -0.3 0.233801 12 2
27.3161 0.558521 -0.3 0.233905 12 2
27.4148 0.557787 -0.3 0.233848 12 2
27.5181 0.556958 -0.3 0.23382 12 2
27.6122 0.556201 -0.3 0.233784 12 2
27.7064 0.555377 -0.3 0.233762 12 2
27.8171 0.554596 -0.3 0.233702 12 2
27.9155 0.553752 -0.3 0.233688 12 2
28.002 0.553096 -0.3 0.233688 12 2
28.0816 0.552362 -0.3 0.23369 12 2
28.1658 0.55165 -0.3 0.233698 12 2
28.2658 0.550785 -0.3 0.233627 12 2
28.3632 0.549988 -0.3 0.233577 12 2
28.4726 0.549147 -0.3 0.233643 12 2
28.5639 0.54847 -0.3 0.233626 12 2
28.6525 0.547687 -0.3 0.233547 12 2
28.7423 0.547018 -0.3 0.233484 12 2
28.85 0.546129 -0.3 0.23348 12 2
28.9472 0.545375 -0.3 0.233407 12 2
29.0469 0.544652 -0.3 0.233423 12 2
29.1452 0.543901 -0.3 0.233419 12 2
29.2476 0.543263 -0.3 0.233438 12 2
29.3351 0.542682 -0.3 0.233449 12 2
29.4382 0.541963 -0.3 0.233412 12 2
29.5175 0.541464 -0.3 0.233386 12 2
29.6089 0.540922 -0.3 0.23339 12 2
29.7004 0.540402 -0.3 0.233335 12 2
29.7995 0.539874 -0.3 0.233318 12 2
29.9063 0.539385 -0.3 0.233346 12 2
29.9982 0.538953 -0.3 0.233315 12 2
30.0902 0.538558 -0.3 0.25 3 3
30.1951 0.538144 -0.298308 0.25 3 3
30.2895 0.537829 -0.299254 0.25 3 3
30.3907 0.53757 -0.30005 0.25 3 3
30.4968 0.537342 -0.300775 0.25 3 3
30.5844 0.537175 -0.301204 0.25 3 3
30.6921 0.537079 -0.301554 0.25 3 3
30.7848 0.537032 -0.301754 0.25 3 3
30.8832 0.536951 -0.301871 0.25 3 3
30.9898 0.53698 -0.301875 0.25 3 3
31.0837 0.536971 -0.301909 0.25 3 3
31.1748 0.536998 -0.301941 0.25 3 3
31.2696 0.537015 -0.30198 0.25 3 3
31.3733 0.537019 -0.302034 0.25 3 3
31.4694 0.537031 -0.302088 0.25 3 3
31.5609 0.537018 -0.302121 0.25 3 3
31.671 0.537008 -0.302223 0.25 3 3
31.7565 0.537039 -0.302235 0.25 3 3
31.8618 0.537066 -0.302322 0.25 3 3
31.9658 0.53706 -0.302416 0.25 3 3
32.0596 0.53708 -0.30247 0.25 3 3
32.1545 0.537074 -0.302546 0.25 3 3
32.247 0.537048 -0.302662 0.25 3 3
32.3471 0.537065 -0.302729 0.25 3 3
32.4481 0.537092 -0.302806 0.25 3 3
32.5392 0.537094 -0.302919 0.25 3 3
32.6436 0.537094 -0.302988 0.25 3 3
32.7391 0.537098 -0.303064 0.25 3 3
32.8515 0.537121 -0.303131 0.25 3 3
32.9392 0.537093 -0.303213 0.25 3 3
33.0385 0.537071 -0.259 0.23 3 4
33.1332 0.537061 -0.259 0.23 3 4
33.2189 0.537051 -0.259 0.23 3 4
33.3191 0.537047 -0.259 0.23 3 4
33.4244 0.537054 -0.259 0.23 3 4
33.5073 0.537044 -0.259 0.23 3 4
33.6046 0.53701 -0.259 0.23 3 4
33.6941 0.537024 -0.259 0.23 3 4
33.793 0.537018 -0.259 0.23 3 4
33.8878 0.537028 -0.259 0.23 3 4
33.9998 0.536996 -0.259 0.23 3 4
34.0952 0.537001 -0.259 0.23 3 4
34.1841 0.536997 -0.259 0.23 3 4
34.2841 0.537015 -0.259 0.23 3 4
34.38 0.537017 -0.259 0.23 3 4
34.481 0.537112 -0.259 0.23 3 4
34.5814 0.537199 -0.259 0.23 3 4
34.679 0.537309 -0.259 0.23 3 4
34.7811 0.537373 -0.259 0.23 3 4
34.8678 0.53739 -0.259 0.23 3 4
34.9706 0.537467 -0.259 0.23 3 4
35.0749 0.537526 -0.259 0.23 3 4
35.1667 0.537644 -0.259 0.23 3 4
35.2576 0.537683 -0.259 0.23 3 4
35.3545 0.537681 -0.259 0.23 3 4
35.4474 0.537648 -0.259 0.23 3 4
35.544 0.537703 -0.259 0.23 3 4
35.639 0.537721 -0.259 0.23 3 4
35.7432 0.537642 -0.259 0.23 3 4
35.8265 0.537693 -0.259 0.23 3 4
35.9305 0.53773 -0.259 0.23 3 4
36.033 0.537636 -0.259 0.23 3 4
36.1312 0.537593 -0.259 0.23 3 4
36.2255 0.537547 -0.259 0.23 3 4
36.3184 0.537504 -0.259 0.23 3 4
36.4214 0.537421 -0.259 0.23 3 4
36.519 0.537375 -0.259 0.23 3 4
36.6149 0.537311 -0.259 0.23 3 4
36.719 0 0 0 3 5
36.719 0.537271 -0.259 0.23 0 5
36.8301 0.536809 -0.262009 0.22917 0.111152 5
36.9151 0.53745 -0.263291 0.229248 0.0850019 5
37.0073 0.536647 -0.265441 0.225573 0.09218 5
37.1155 0.536728 -0.267903 0.222434 0.10819 5
37.2211 0.536452 -0.270299 0.219596 0.105581 5
37.3176 0.53599 -0.272659 0.212034 0.0964792 5
37.4183 0.535452 -0.274582 0.207455 0.100729 5
37.5045 0.534889 -0.276001 0.198516 0.0862532 5
37.6102 0.535412 -0.279121 0.199379 0.105614 5
37.6948 0.53523 -0.281044 0.196383 0.084657 5
37.8048 0.536685 -0.271891 0.213736 0.110018 5
37.8832 0.536413 -0.271567 0.213586 0.0783646 5
37.9903 0.536468 -0.271641 0.213185 0.107066 5
38.0811 0.536964 -0.27154 0.214289 0.0908782 5
38.175 0.536489 -0.271449 0.214309 0.0939093 5
38.2727 0.536513 -0.271495 0.213336 0.0976541 5
38.3591 0.536504 -0.27157 0.213677 0.0864003 5
38.4573 0.536755 -0.271342 0.214404 0.0981846 5
38.548 0.536601 -0.271525 0.213673 0.0907543 5
38.6421 0.536577 -0.27142 0.213375 0.094028 5
38.752 0.536485 -0.271464 0.214221 0.109901 5
38.8462 0.536438 -0.271546 0.21394 0.0942366 5
38.9346 0.536725 -0.271397 0.214714 0.0884199 5
39.0223 0.536804 -0.271381 0.214044 0.087656 5
39.1245 0.53637 -0.271486 0.214643 0.102206 5
39.2144 0.536442 -0.271471 0.213325 0.0898659 5
39.3127 0.53682 -0.271477 0.21462 0.0983164 5
39.4104 0.536571 -0.271319 0.213645 0.0977569 5
39.4944 0.5367 -0.271562 0.214185 0.0839903 5
39.5954 0.536626 -0.271436 0.214043 0.100957 5
39.6806 0.536595 -0.271456 0.214138 0.0851912 5
39.7776 0.536656 -0.27162 0.214435 0.0969946 5
39.8749 0.536768 -0.271441 0.214317 0.0973716 5
39.9664 0.536544 -0.271401 0.214029 0.091435 5
40.0721 0.536689 -0.271346 0.213999 0.105744 5
40.1564 0.53664 -0.271492 0.213857 0.0842769 5
40.2518 0.536622 -0.271488 0.213872 0.0954123 5
40.3482 0.536688 -0.271479 0.213882 0.0964148 5
40.4477 0.536863 -0.271473 0.214918 0.0994704 5
40.5486 0.536745 -0.271471 0.213797 0.100871 5
40.6395 0.536849 -0.271532 0.214594 0.0909855 5
40.7393 0.536652 -0.271476 0.21385 0.099731 5
40.8248 0.536393 -0.271511 0.214272 0.0855038 5
40.9225 0.536751 -0.271438 0.214018 0.097683 5
41.0252 0.536531 -0.271494 0.213528 0.102784 5
41.1142 0.536595 -0.271387 0.213908 0.0889506 5
41.2151 0.536802 -0.271329 0.214352 0.100953 5
41.3043 0.53646 -0.271656 0.21372 0.089165 5
41.4039 0.536608 -0.271371 0.214609 0.0996335 5
41.4909 0.536498 -0.271517 0.214067 0.0869565 5
41.5902 0.536572 -0.271558 0.213763 0.0992548 5
41.6861 0.536576 -0.271414 0.213833 0.0959821 5
41.7732 0.536757 -0.271531 0.214171 0.0871086 5
41.8735 0.536474 -0.271537 0.214082 0.100237 5
41.9753 0.536728 -0.271467 0.214464 0.101792 5
42.0768 0.536725 -0.271423 0.214865 0.101512 5
42.1672 0.536498 -0.271416 0.214129 0.0904 5
42.2602 0.536652 -0.271462 0.213848 0.0930345 5
