36.719 0 0 0 3 5
36.719 0.537271 -0.259 0.23 0 5
36.8301 0.536809 -0.262009 0.22917 0.111152 5
36.9151 0.53745 -0.263291 0.229248 0.0850019 5
37.0073 0.536647 -0.265441 0.225573 0.09218 5
37.1155 0.536728 -0.267903 0.222434 0.10819 5
37.2211 0.536452 -0.270299 0.219596 0.105581 5
37.3176 0.53599 -0.272659 0.212034 0.0964792 5
37.4183 0.535452 -0.274582 0.207455 0.100729 5
37.5045 0.534889 -0.276001 0.198516 0.0862532 5
37.6102 0.535412 -0.279121 0.199379 0.105614 5
37.6948 0.53523 -0.281044 0.196383 0.084657 5
37.8048 0.536685 -0.271891 0.213736 0.110018 5
37.8832 0.536413 -0.271567 0.213586 0.0783646 5
37.9903 0.536468 -0.271641 0.213185 0.107066 5
38.0811 0.536964 -0.27154 0.214289 0.0908782 5
38.175 0.536489 -0.271449 0.214309 0.0939093 5
38.2727 0.536513 -0.271495 0.213336 0.0976541 5
38.3591 0.536504 -0.27157 0.213677 0.0864003 5
38.4573 0.536755 -0.271342 0.214404 0.0981846 5
38.548 0.536601 -0.271525 0.213673 0.0907543 5
38.6421 0.536577 -0.27142 0.213375 0.094028 5
38.752 0.536485 -0.271464 0.214221 0.109901 5
38.8462 0.536438 -0.271546 0.21394 0.0942366 5
38.9346 0.536725 -0.271397 0.214714 0.0884199 5
39.0223 0.536804 -0.271381 0.214044 0.087656 5
39.1245 0.53637 -0.271486 0.214643 0.102206 5
39.2144 0.536442 -0.271471 0.213325 0.0898659 5
39.3127 0.53682 -0.271477 0.21462 0.0983164 5
39.4104 0.536571 -0.271319 0.213645 0.0977569 5
39.4944 0.5367 -0.271562 0.214185 0.0839903 5
39.5954 0.536626 -0.271436 0.214043 0.100957 5
39.6806 0.536595 -0.271456 0.214138 0.0851912 5
39.7776 0.536656 -0.27162 0.214435 0.0969946 5
39.8749 0.536768 -0.271441 0.214317 0.0973716 5
39.9664 0.536544 -0.271401 0.214029 0.091435 5
40.0721 0.536689 -0.271346 0.213999 0.105744 5
40.1564 0.53664 -0.271492 0.213857 0.0842769 5
40.2518 0.536622 -0.271488 0.213872 0.0954123 5
40.3482 0.536688 -0.271479 0.213882 0.0964148 5
40.4477 0.536863 -0.271473 0.214918 0.0994704 5
40.5486 0.536745 -0.271471 0.213797 0.100871 5
40.6395 0.536849 -0.271532 0.214594 0.0909855 5
40.7393 0.536652 -0.271476 0.21385 0.099731 5
40.8248 0.536393 -0.271511 0.214272 0.0855038 5
40.9225 0.536751 -0.271438 0.214018 0.097683 5
41.0252 0.536531 -0.271494 0.213528 0.102784 5
41.1142 0.536595 -0.271387 0.213908 0.0889506 5
41.2151 0.536802 -0.271329 0.214352 0.100953 5
41.3043 0.53646 -0.271656 0.21372 0.089165 5
41.4039 0.536608 -0.271371 0.214609 0.0996335 5
41.4909 0.536498 -0.271517 0.214067 0.0869565 5
41.5902 0.536572 -0.271558 0.213763 0.0992548 5
41.6861 0.536576 -0.271414 0.213833 0.0959821 5
41.7732 0.536757 -0.271531 0.214171 0.0871086 5
41.8735 0.536474 -0.271537 0.214082 0.100237 5
41.9753 0.536728 -0.271467 0.214464 0.101792 5
42.0768 0.536725 -0.271423 0.214865 0.101512 5
42.1672 0.536498 -0.271416 0.214129 0.0904 5
42.2602 0.536652 -0.271462 0.213848 0.0930345 5
