9.36985e-05 0.425503 0.175593 -0.0625653 0
0.106 0.425668 0.175641 -0.0627505 0
0.203878 0.425654 0.175606 -0.0627572 0
0.306652 0.425492 0.175579 -0.0631064 0
0.404509 0.42546 0.175553 -0.0623982 0
0.503492 0.425425 0.175489 -0.062705 0
0.603706 0.425381 0.175445 -0.0621483 0
0.708046 0.425459 0.175515 -0.0626561 0
0.807656 0.425453 0.17549 -0.0630778 0
0.919531 0.425486 0.175573 -0.0622911 0
1.01644 0.425535 0.175606 -0.0625697 0
1.11122 0.425567 0.175681 -0.0632067 0
1.23672 0.425471 0.175557 -0.0623436 0
1.37798 0.42548 0.175578 -0.0623645 0
1.50368 0.425501 0.175484 -0.0615994 0
1.65212 0.42547 0.175507 -0.0631198 0
1.75029 0.425422 0.175469 -0.0628324 0
1.85643 0.42555 0.175574 -0.0632635 0
1.96135 0.42556 0.175534 -0.0627301 0
2.07967 0.425651 0.175673 -0.063412 0
2.17376 0.425635 0.175638 -0.0629133 0
2.30045 0.425537 0.175631 -0.0635875 0
2.43707 0.425453 0.175567 -0.0626658 0
2.59775 0.425434 0.175464 -0.0621112 0
2.71633 0.425344 0.175477 -0.0632001 0
2.8461 0.425514 0.175587 -0.063375 0
2.97252 0.425482 0.175536 -0.0632498 0
3.12365 0.425599 0.17563 -0.0629527 0
3.22113 0.425621 0.175695 -0.0635939 0
3.36289 0.425529 0.175573 -0.0632027 0
3.52857 0.425574 0.17558 -0.0624611 0
3.65224 0.425523 0.175573 -0.0632186 0
3.80354 0.425442 0.175462 -0.0628595 0
3.95072 0.425441 0.175507 -0.0632803 0
4.06849 0.425443 0.175509 -0.0627809 0
4.19447 0.425503 0.17556 -0.0634419 0
4.29791 0.425577 0.175616 -0.0633629 0
4.43795 0.425524 0.175672 -0.0624509 0
4.58367 0.425608 0.175635 -0.0625392 0
4.7312 0.425498 0.17558 -0.0629136 0
4.87505 0.425434 0.175452 -0.0629516 0
5.01247 0.42545 0.175527 -0.0630755 0
5.17069 0.425517 0.175535 -0.0631783 0
5.27526 0.425395 0.17549 -0.0630675 0
5.40497 0.425437 0.175576 -0.0633197 0
5.54411 0.425546 0.175588 -0.0624226 0
5.68453 0.425613 0.175679 -0.0635269 0
5.80639 0.42564 0.175556 -0.0630736 0
5.9316 0.425428 0.175529 -0.0629335 0
6.05681 0.425436 0.175523 -0.0629484 0
6.17942 0.425493 0.175511 -0.0625903 0
6.29321 0.425621 0.175536 -0.0634235 0
6.42595 0.42545 0.175495 -0.0627324 0
6.56741 0.425471 0.175531 -0.0625222 0
6.69739 0.425567 0.17567 -0.0623597 0
6.78926 0.425636 0.175608 -0.0637096 0
6.9074 0.425699 0.175658 -0.0633997 0
7.03316 0.425819 0.176101 -0.0630385 0
7.1528 0.425904 0.176042 -0.0630619 0
7.28136 0.426006 0.176268 -0.0619808 0
7.40777 0.426055 0.176395 -0.0626322 0
7.52713 0.426282 0.176609 -0.0620329 0
7.67924 0.426659 0.17719 -0.0617172 0
7.78423 0.426817 0.17738 -0.0600501 0
7.89539 0.427093 0.177595 -0.0599683 0
8.03952 0.427355 0.177892 -0.0591119 0
8.15079 0.427617 0.178379 -0.0596225 0
8.28089 0.427803 0.17879 -0.0590441 0
8.40154 0.428307 0.179175 -0.0568345 0
8.51789 0.428331 0.179323 -0.0577635 0
8.65079 0.428313 0.179722 -0.055464 0
8.78035 0.428554 0.180012 -0.0542347 0
8.94034 0.428863 0.18027 -0.0521805 0
9.0387 0.428803 0.180173 -0.0492962 0
9.15215 0.428297 0.180267 -0.0483783 0
9.29305 0.428891 0.180563 -0.0463283 0
9.41287 0.428748 0.180596 -0.0448519 0
9.53722 0.428996 0.180802 -0.0434543 0
9.66265 0.42882 0.180976 -0.0425962 0
9.78542 0.428915 0.181471 -0.0420961 0
9.88021 0.429012 0.181986 -0.041582 0
9.97436 0.42916 0.182405 -0.0419096 0
10.0963 0.429684 0.182301 -0.039226 0
10.2296 0.429585 0.18187 -0.0368041 0
10.3441 0.429366 0.181808 -0.0344921 0
10.4739 0.429756 0.182094 -0.0340229 0
10.6066 0.429693 0.182134 -0.0324755 0
10.728 0.429686 0.182124 -0.0319434 0
10.832 0.429809 0.181942 -0.0303093 0
10.9362 0.429754 0.181673 -0.0282812 0
11.0627 0.429818 0.181878 -0.0284386 0
11.1905 0.429353 0.181822 -0.0271008 1
11.3049 0.429357 0.181831 -0.0271679 1
11.4321 0.429361 0.18175 -0.0257267 1
11.5383 0.429268 0.181441 -0.0251429 1
11.6562 0.429536 0.181523 -0.0255161 1
11.7893 0.42926 0.181395 -0.0244937 1
11.9142 0.429216 0.18149 -0.0240824 1
12.0357 0.429456 0.181523 -0.024312 1
12.1681 0.430397 0.181553 -0.0241609 1
12.2841 0.431649 0.181776 -0.0239758 1
12.4037 0.43332 0.181607 -0.0237562 1
12.5262 0.435729 0.182251 -0.0244385 1
12.6558 0.438886 0.182563 -0.0230803 1
12.788 0.442385 0.18307 -0.0236051 1
12.913 0.445003 0.183144 -0.0230301 1
13.0332 0.449647 0.18359 -0.0232167 1
13.1601 0.454026 0.184082 -0.0206404 1
13.2905 0.458733 0.184042 -0.0203237 1
13.409 0.463385 0.184509 -0.0197143 1
13.5288 0.469318 0.185028 -0.0195157 1
13.656 0.47476 0.185841 -0.019819 1
13.7839 0.480728 0.185979 -0.0216354 1
13.9111 0.488232 0.18613 -0.0187772 1
14.0379 0.493746 0.185977 -0.0176809 1
14.1379 0.49992 0.185814 -0.0174378 1
14.2642 0.504942 0.185996 -0.0166257 1
14.3846 0.512593 0.185813 -0.0145875 1
14.4983 0.518989 0.185539 -0.0138358 1
14.6222 0.526881 0.185144 -0.0109216 1
14.7453 0.534348 0.18469 -0.0104186 1
14.8655 0.540592 0.184694 -0.0107543 1
14.9838 0.548051 0.184046 -0.0093163 1
15.1172 0.553018 0.18372 -0.0113616 1
15.2317 0.560166 0.182884 -0.0109904 1
15.3563 0.566068 0.182435 -0.0107627 1
15.4727 0.571581 0.18176 -0.0105347 1
15.581 0.576176 0.180922 -0.0108372 1
15.7145 0.581645 0.180526 -0.0109256 1
15.8371 0.586967 0.179997 -0.0121827 1
15.9471 0.591074 0.179209 -0.012426 1
16.0527 0.594017 0.178983 -0.0119309 1
16.1899 0.598528 0.178191 -0.0136956 1
16.307 0.602433 0.177185 -0.0120984 1
16.4195 0.605146 0.176887 -0.00992841 1
16.5608 0.606743 0.176689 -0.0123643 1
16.6802 0.608268 0.176028 -0.011551 2
16.7977 0.608818 0.175891 -0.0132632 2
16.9396 0.608901 0.176206 -0.0133767 2
17.0577 0.609167 0.17587 -0.013757 2
17.1604 0.609017 0.176216 -0.0137366 2
17.2841 0.609044 0.175582 -0.013895 2
17.4212 0.609297 0.174913 -0.0138873 2
17.536 0.60962 0.174221 -0.0137753 2
17.6583 0.60983 0.173392 -0.0136889 2
17.774 0.610306 0.17247 -0.014203 2
17.9251 0.610938 0.170557 -0.0137161 2
18.0298 0.611384 0.169431 -0.0133674 2
18.1543 0.61243 0.167671 -0.0121685 2
18.2692 0.613139 0.165716 -0.0137613 2
18.3837 0.613221 0.163572 -0.0123623 2
18.5151 0.613948 0.161261 -0.012062 2
18.6393 0.614753 0.158738 -0.0122741 2
18.7497 0.615482 0.156518 -0.0116666 2
18.8809 0.61628 0.15308 -0.0133366 2
19.0048 0.617088 0.150232 -0.0131024 2
19.1212 0.617938 0.147642 -0.0121855 2
19.2463 0.618845 0.144067 -0.011509 2
19.3822 0.619882 0.139873 -0.0120132 2
19.49 0.620559 0.136778 -0.0126326 2
19.632 0.621711 0.132784 -0.0110955 2
19.7464 0.622658 0.12919 -0.0111277 2
19.8777 0.623927 0.124891 -0.0113579 2
20.0141 0.624801 0.120287 -0.0109515 2
20.1489 0.625891 0.115089 -0.00940151 2
20.2638 0.626828 0.111513 -0.0113974 2
20.3841 0.62752 0.106273 -0.0107355 2
20.4896 0.628615 0.102582 -0.0112939 2
20.6249 0.629052 0.0975321 -0.0128657 2
20.7565 0.63051 0.0921343 -0.00819332 2
20.876 0.631143 0.0871032 -0.0106565 2
21.0198 0.631535 0.0839662 -0.0133168 2
21.1447 0.633302 0.0746339 -0.012327 2
21.2673 0.633629 0.0701001 -0.0098918 2
21.3965 0.634433 0.0650058 -0.0113035 2
21.5296 0.635075 0.0588454 -0.0111705 2
21.6536 0.635901 0.0529097 -0.00835255 2
21.7853 0.636242 0.0470878 -0.00887781 2
21.9095 0.636561 0.0410679 -0.0112615 2
22.0379 0.637892 0.0357558 -0.00860057 2
22.1616 0.637519 0.0293387 -0.010425 2
22.263 0.638275 0.0246737 -0.00899609 2
22.3857 0.638382 0.0189204 -0.0101314 2
22.5186 0.637814 0.0123989 -0.0124078 2
22.6409 0.638319 0.00614414 -0.0101697 2
22.7739 0.638688 -0.000291258 -0.00973624 2
22.8834 0.638938 -0.00612247 -0.00993376 2
23.0135 0.638683 -0.0120704 -0.0100573 2
23.1394 0.638632 -0.0188145 -0.0103483 2
23.2671 0.638525 -0.0245932 -0.0107092 2
23.3875 0.63838 -0.0307087 -0.0110385 2
23.5177 0.638087 -0.0370575 -0.0116164 2
23.6508 0.638008 -0.0438341 -0.010986 2
23.7914 0.637984 -0.0508647 -0.0102348 2
23.9326 0.637148 -0.0572212 -0.0113909 2
24.0481 0.636643 -0.0631554 -0.01172 2
24.1751 0.636369 -0.0695277 -0.0114067 2
24.2897 0.636416 -0.0759492 -0.0125027 2
24.4354 0.635301 -0.0822574 -0.0125915 2
24.5604 0.633964 -0.08829 -0.0127774 2
24.6928 0.633198 -0.0948539 -0.0102065 2
24.8027 0.632052 -0.0993629 -0.00835988 2
24.9471 0.631828 -0.105799 -0.00801837 2
25.0749 0.629796 -0.111162 -0.00612946 2
25.1883 0.628518 -0.116631 -0.00499117 2
25.3179 0.627775 -0.122002 -0.00469047 2
25.4341 0.626524 -0.125945 -0.00426079 2
25.571 0.626014 -0.132089 -0.00606389 2
25.7099 0.624356 -0.137398 -0.00490711 2
25.8104 0.623277 -0.141197 -0.00540594 2
25.9366 0.621959 -0.146344 -0.00618582 2
26.0611 0.621662 -0.150751 -0.00619003 2
26.18 0.620529 -0.154621 -0.00653007 2
26.3108 0.619885 -0.159815 -0.00617626 2
26.4405 0.618409 -0.163697 -0.00681257 2
26.5818 0.616988 -0.168691 -0.00699391 2
26.7112 0.616326 -0.172512 -0.00661233 2
26.8488 0.615041 -0.176465 -0.00792483 2
26.9998 0.614404 -0.18084 -0.00803643 2
27.1109 0.613482 -0.183565 -0.00796388 2
27.2189 0.612044 -0.186833 -0.00794103 2
27.3399 0.609976 -0.189058 -0.00882263 2
27.4511 0.609222 -0.191491 -0.0086518 2
27.5825 0.608673 -0.19471 -0.0087206 2
27.7041 0.607145 -0.19687 -0.0102643 2
27.8429 0.607358 -0.199385 -0.00897804 2
27.9725 0.606251 -0.201526 -0.00979119 2
28.0851 0.605747 -0.203072 -0.00958869 2
28.1937 0.606024 -0.204408 -0.00675211 2
28.3167 0.605657 -0.205942 -0.00729319 2
28.4522 0.605392 -0.206668 -0.00617256 3
28.5816 0.604238 -0.207468 -0.00722165 3
28.7039 0.604373 -0.20842 -0.00652888 3
28.8429 0.603766 -0.208707 -0.00704684 3
28.9605 0.603464 -0.209097 -0.00749331 3
29.0947 0.603904 -0.209027 -0.00690143 3
29.2382 0.603453 -0.208966 -0.00766199 3
29.3517 0.603642 -0.209244 -0.00655143 3
29.4854 0.603697 -0.208757 -0.00755372 3
29.6071 0.603252 -0.20875 -0.00785019 3
29.7172 0.603773 -0.208817 -0.00654065 3
29.8711 0.602781 -0.209227 -0.006796 3
29.9665 0.603816 -0.209464 -0.00604489 3
30.0975 0.603793 -0.209879 -0.00548875 3
30.1897 0.603464 -0.210153 -0.00574036 3
30.3139 0.60365 -0.210525 -0.00621934 3
30.4317 0.602518 -0.210775 -0.00537587 3
30.5575 0.603247 -0.210783 -0.00413012 3
30.6625 0.603087 -0.21131 -0.00316348 3
30.7922 0.602758 -0.211396 -0.00309287 3
30.934 0.603262 -0.211488 -0.00223454 3
31.0634 0.603387 -0.211796 -0.00235239 3
31.1611 0.603342 -0.211711 -0.00116897 3
31.2735 0.602946 -0.21197 -0.00164042 3
31.4038 0.60284 -0.2122 2.10702e-05 4
31.5237 0.603225 -0.211917 -5.52051e-05 4
31.6222 0.603003 -0.212224 -0.000291511 4
31.742 0.6037 -0.212329 -0.00015159 4
31.8611 0.603089 -0.212485 0.00102744 4
31.9861 0.602786 -0.212538 0.000571828 4
32.1176 0.602676 -0.212419 0.000999805 4
32.2734 0.603255 -0.21227 0.00145226 4
32.3982 0.602636 -0.212408 0.000913613 4
32.5293 0.602905 -0.211778 0.00071742 4
32.6642 0.602957 -0.210311 0.00160841 4
32.7885 0.602206 -0.208643 0.000163183 4
32.9072 0.60321 -0.206913 -0.000177108 4
33.032 0.602711 -0.204809 -0.000708677 4
33.1325 0.602834 -0.20289 -0.00101017 4
33.2508 0.603017 -0.200457 -0.000706624 4
33.3828 0.602618 -0.197397 4.18909e-05 4
33.5071 0.603021 -0.194063 -0.00116415 4
33.6144 0.60292 -0.191963 -0.00181807 4
33.7623 0.602929 -0.18843 -0.00337367 4
33.8908 0.603539 -0.185393 -0.0037969 4
33.9983 0.603267 -0.18346 -0.00446523 4
34.1178 0.604015 -0.181139 -0.00574287 4
34.2449 0.603941 -0.178541 -0.00773036 4
34.3679 0.603669 -0.175944 -0.00766526 4
34.4885 0.604026 -0.175241 -0.00975898 4
34.6044 0.60357 -0.173264 -0.00926978 4
34.7232 0.602487 -0.170599 -0.00890858 4
34.8593 0.602225 -0.169018 -0.00888474 4
34.9776 0.600845 -0.167799 -0.0080952 4
35.1058 0.60089 -0.167309 -0.00737076 5
35.2524 0.601235 -0.166654 -0.00616669 5
35.3959 0.601444 -0.166957 -0.00697351 5
35.4915 0.600753 -0.168658 -0.00666539 5
35.6318 0.601098 -0.169048 -0.00564538 5
35.7491 0.601607 -0.169743 -0.00653606 5
35.8761 0.60193 -0.169732 -0.00703284 5
36.0122 0.600985 -0.169697 -0.00645244 5
36.1066 0.601135 -0.169576 -0.00623764 5
36.2112 0.600398 -0.169701 -0.00690286 5
36.3427 0.600823 -0.169852 -0.00747389 5
36.4374 0.601007 -0.169856 -0.00724543 5
36.5666 0.600603 -0.170193 -0.00752416 5
36.6745 0.601356 -0.170192 -0.00720741 5
36.7927 0.60119 -0.169483 -0.00691923 5
36.9102 0.60161 -0.169958 -0.0073474 5
37.054 0.602023 -0.170023 -0.00787282 5
37.1687 0.601915 -0.170394 -0.00818528 5
37.284 0.601763 -0.170591 -0.0089379 5
37.3914 0.600921 -0.170624 -0.0088655 5
37.5153 0.601888 -0.170526 -0.0100292 5
37.6342 0.600975 -0.170013 -0.0100504 5
37.774 0.601023 -0.170115 -0.00998228 5
37.8874 0.601454 -0.170224 -0.0112077 5
37.9922 0.60199 -0.171276 -0.0103692 5
38.1271 0.601471 -0.171279 -0.0113559 5
38.2466 0.600687 -0.171463 -0.0116442 5
38.3623 0.601356 -0.170715 -0.0115919 5
38.4858 0.600985 -0.17044 -0.0125797 5
38.6259 0.601944 -0.170639 -0.01186 5
38.7131 0.601965 -0.171434 -0.0121793 5
38.8555 0.601847 -0.172026 -0.0135745 5
38.9436 0.602692 -0.172833 -0.0136193 5
39.0736 0.602137 -0.172253 -0.0139523 5
39.1965 0.602387 -0.171898 -0.0142096 5
39.3159 0.601544 -0.172174 -0.0154489 5
39.436 0.60241 -0.172475 -0.0150414 5
39.5713 0.60143 -0.172397 -0.0154815 5
39.6543 0.601858 -0.172319 -0.0151784 5
39.78 0.60162 -0.172736 -0.0161664 5
39.9111 0.601682 -0.172808 -0.0163939 5
40.0432 0.600879 -0.173014 -0.0174221 5
40.1502 0.601667 -0.173318 -0.0159203 5
40.2862 0.601985 -0.173738 -0.0157162 5
40.4121 0.601565 -0.173906 -0.0169481 5
40.5601 0.601664 -0.173971 -0.0169936 5
40.6739 0.602201 -0.174384 -0.0172338 5
40.8202 0.602227 -0.173912 -0.0170961 5
40.9348 0.602572 -0.173763 -0.0173177 5
41.0529 0.601723 -0.173449 -0.0172181 5
41.1479 0.602763 -0.174356 -0.0173839 5
41.2672 0.602598 -0.174032 -0.0167483 5
41.3822 0.602432 -0.174224 -0.017268 5
41.4948 0.602372 -0.174349 -0.0174306 5
41.5973 0.6024 -0.174409 -0.0167739 5
41.7261 0.602197 -0.174449 -0.0177552 5
41.8288 0.60228 -0.174444 -0.0168792 5
41.9555 0.602012 -0.174525 -0.0175212 5
42.0759 0.602534 -0.173882 -0.0171626 5
42.179 0.602445 -0.17428 -0.0183346 5
42.3164 0.601901 -0.174358 -0.0174992 5
42.4349 0.60224 -0.174565 -0.0175555 5
42.561 0.602408 -0.174502 -0.0168813 5
42.6831 0.602292 -0.17447 -0.0174786 5
42.7938 0.602407 -0.174294 -0.0167034 5
42.9183 0.602537 -0.174334 -0.0165981 5
43.0405 0.601939 -0.174066 -0.0172424 5
43.1812 0.602131 -0.174593 -0.0171534 5
43.3223 0.602602 -0.174481 -0.0169853 5
43.4375 0.602394 -0.174568 -0.0170144 5
43.5278 0.60245 -0.174285 -0.017743 5
43.6331 0.602507 -0.174358 -0.0171844 5
