9.36985e-05 0.301409 0.171084 -0.0691714 0
0.106 0.30145 0.171104 -0.0691139 0
0.203878 0.301398 0.171089 -0.0697477 0
0.306652 0.30136 0.170961 -0.0692478 0
0.404509 0.301198 0.170923 -0.0690038 0
0.503492 0.301267 0.170801 -0.0684538 0
0.603706 0.301222 0.170831 -0.0686187 0
0.708046 0.301279 0.170952 -0.0690992 0
0.807656 0.301307 0.170889 -0.0692065 0
0.919531 0.301377 0.171044 -0.0696191 0
1.01644 0.301369 0.171161 -0.0699957 0
1.11122 0.301403 0.171182 -0.0697331 0
1.23672 0.30137 0.171041 -0.069355 0
1.37798 0.301325 0.171052 -0.0690306 0
1.50368 0.301272 0.170967 -0.0693098 0
1.65212 0.301228 0.170899 -0.0690698 0
1.75029 0.301297 0.170887 -0.0695081 0
1.85643 0.30128 0.170932 -0.0692685 0
1.96135 0.301393 0.171011 -0.0695223 0
2.07967 0.301424 0.171045 -0.0695114 0
2.17376 0.301394 0.171076 -0.0690988 0
2.30045 0.301362 0.171063 -0.0696695 0
2.43707 0.301398 0.170961 -0.0687615 0
2.59775 0.301222 0.170868 -0.0686257 0
2.71633 0.301232 0.17087 -0.0698399 0
2.8461 0.301199 0.170891 -0.0687798 0
2.97252 0.301318 0.170948 -0.0692974 0
3.12365 0.301365 0.171038 -0.0690312 0
3.22113 0.301361 0.171174 -0.0702942 0
3.36289 0.301334 0.171038 -0.070073 0
3.52857 0.301346 0.171037 -0.0688047 0
3.65224 0.301421 0.171085 -0.0706887 0
3.80354 0.301317 0.170975 -0.0703755 0
3.95072 0.301233 0.170855 -0.0691954 0
4.06849 0.301268 0.170931 -0.0693084 0
4.19447 0.3013 0.170981 -0.0702198 0
4.29791 0.30136 0.170965 -0.0688507 0
4.43795 0.301438 0.171165 -0.069559 0
4.58367 0.301416 0.171136 -0.0696796 0
4.7312 0.30136 0.171002 -0.0694442 0
4.87505 0.301217 0.170854 -0.0693908 0
5.01247 0.301324 0.170997 -0.0701682 0
5.17069 0.301302 0.170875 -0.0689865 0
5.27526 0.301133 0.17089 -0.0692962 0
5.40497 0.301302 0.171003 -0.0694094 0
5.54411 0.301426 0.171054 -0.0693552 0
5.68453 0.301449 0.171109 -0.0698106 0
5.80639 0.301388 0.170977 -0.0691567 0
5.9316 0.301294 0.170947 -0.0694792 0
6.05681 0.301232 0.170954 -0.0696902 0
6.17942 0.301341 0.17096 -0.0690912 0
6.29321 0.301306 0.170993 -0.0697426 0
6.42595 0.30135 0.170952 -0.0694505 0
6.56741 0.301363 0.170963 -0.0688788 0
6.69739 0.301371 0.171111 -0.0691971 0
6.78926 0.301392 0.17109 -0.0699554 0
6.9074 0.301448 0.171083 -0.069218 0
7.03316 0.301639 0.171551 -0.0691058 0
7.1528 0.301674 0.171504 -0.0697112 0
7.28136 0.301846 0.171735 -0.0691211 0
7.40777 0.301788 0.171836 -0.0688609 0
7.52713 0.30215 0.172151 -0.0694552 0
7.67924 0.302418 0.172645 -0.06829 0
7.78423 0.30255 0.172745 -0.0667795 0
7.89539 0.302833 0.173046 -0.0674079 0
8.03952 0.303096 0.173425 -0.0666686 0
8.15079 0.303191 0.173448 -0.0645956 0
8.28089 0.302994 0.173829 -0.0637655 0
8.40154 0.299987 0.174435 -0.0649427 0
8.51789 0.300259 0.174634 -0.0648078 0
8.65079 0.300022 0.174733 -0.0625632 0
8.78035 0.300296 0.17497 -0.0613479 0
8.94034 0.300097 0.175392 -0.0601756 0
9.0387 0.300185 0.175526 -0.0584703 0
9.15215 0.30065 0.175018 -0.0557663 0
9.29305 0.30095 0.175385 -0.0542488 0
9.41287 0.301733 0.174979 -0.0514258 0
9.53722 0.302469 0.174972 -0.048974 0
9.66265 0.302164 0.175543 -0.0480811 0
9.78542 0.3025 0.176237 -0.0473969 0
9.88021 0.302962 0.176652 -0.0464241 0
9.97436 0.303194 0.177084 -0.0466265 0
10.0963 0.304261 0.177453 -0.0447309 0
10.2296 0.303954 0.177596 -0.0439205 0
10.3441 0.303669 0.17749 -0.0418249 0
10.4739 0.303913 0.177812 -0.0415421 0
10.6066 0.303971 0.177879 -0.0398847 0
10.728 0.303117 0.17787 -0.039837 0
10.832 0.302886 0.177847 -0.0380935 0
10.9362 0.303612 0.177505 -0.0354299 0
11.0627 0.302856 0.17766 -0.0362104 0
11.1905 0.303162 0.177432 -0.03326 1
11.3049 0.303541 0.177619 -0.0328199 1
11.4321 0.304097 0.177335 -0.0304264 1
11.5383 0.303304 0.177503 -0.0310883 1
11.6562 0.304313 0.177476 -0.0296254 1
11.7893 0.30435 0.177419 -0.0292365 1
11.9142 0.303439 0.177424 -0.0296956 1
12.0357 0.303844 0.177431 -0.028766 1
12.1681 0.304852 0.177681 -0.0296929 1
12.2841 0.305579 0.177794 -0.0286589 1
12.4037 0.305902 0.17763 -0.0279853 1
12.5262 0.307242 0.178045 -0.027875 1
12.6558 0.310519 0.178519 -0.026954 1
12.788 0.314539 0.178983 -0.0265863 1
12.913 0.316145 0.178997 -0.0264744 1
13.0332 0.321118 0.179536 -0.0250737 1
13.1601 0.326569 0.180296 -0.0238906 1
13.2905 0.328677 0.18035 -0.0248158 1
13.409 0.335065 0.180804 -0.0224068 1
13.5288 0.341211 0.181258 -0.0226145 1
13.656 0.347462 0.181468 -0.0209938 1
13.7839 0.353712 0.181743 -0.0196881 1
13.9111 0.361115 0.182093 -0.0180186 1
14.0379 0.367373 0.181896 -0.0179806 1
14.1379 0.372715 0.1821 -0.0169743 1
14.2642 0.377637 0.1818 -0.0166392 1
14.3846 0.385667 0.181817 -0.0149867 1
14.4983 0.392165 0.181827 -0.0146293 1
14.6222 0.399938 0.181649 -0.0141867 1
14.7453 0.40704 0.181301 -0.0149039 1
14.8655 0.412691 0.181072 -0.0141022 1
14.9838 0.420767 0.180809 -0.014058 1
15.1172 0.42538 0.179957 -0.0149931 1
15.2317 0.433901 0.179701 -0.0145916 1
15.3563 0.438379 0.178222 -0.0146966 1
15.4727 0.444841 0.17807 -0.0160708 1
15.581 0.449631 0.17717 -0.0162606 1
15.7145 0.454887 0.176688 -0.0151286 1
15.8371 0.461023 0.175782 -0.0146845 1
15.9471 0.46396 0.175337 -0.0167878 1
16.0527 0.467581 0.174671 -0.0158969 1
16.1899 0.471489 0.174038 -0.0170206 1
16.307 0.473328 0.173216 -0.0193704 1
16.4195 0.478619 0.172618 -0.0153139 1
16.5608 0.480579 0.172153 -0.0166401 1
16.6802 0.481735 0.171814 -0.0180752 2
16.7977 0.481044 0.171327 -0.0196634 2
16.9396 0.484492 0.171354 -0.0169625 2
17.0577 0.484224 0.171559 -0.0191168 2
17.1604 0.484384 0.171169 -0.019902 2
17.2841 0.484377 0.171181 -0.0216962 2
17.4212 0.485073 0.17028 -0.0180706 2
17.536 0.483637 0.169723 -0.0216961 2
17.6583 0.484913 0.168798 -0.0198019 2
17.774 0.485419 0.167635 -0.0184124 2
17.9251 0.48608 0.166139 -0.0188604 2
18.0298 0.486432 0.16472 -0.0167624 2
18.1543 0.487016 0.162994 -0.0160523 2
18.2692 0.486869 0.161236 -0.0187119 2
18.3837 0.487003 0.158349 -0.0171461 2
18.5151 0.487857 0.156189 -0.0166597 2
18.6393 0.489758 0.154002 -0.016165 2
18.7497 0.491073 0.151852 -0.015791 2
18.8809 0.491851 0.148842 -0.0163696 2
19.0048 0.491645 0.145421 -0.01778 2
19.1212 0.493594 0.14322 -0.015319 2
19.2463 0.493482 0.139768 -0.0166819 2
19.3822 0.494944 0.134999 -0.0135638 2
19.49 0.4943 0.132086 -0.01631 2
19.632 0.495626 0.127962 -0.0149711 2
19.7464 0.497915 0.124197 -0.0131663 2
19.8777 0.497691 0.120465 -0.0154738 2
20.0141 0.498389 0.11564 -0.0152069 2
20.1489 0.501485 0.110835 -0.0120503 2
20.2638 0.501248 0.107042 -0.0155024 2
20.3841 0.50228 0.101474 -0.0137549 2
20.4896 0.502189 0.0979951 -0.0179558 2
20.6249 0.503646 0.0924497 -0.0170042 2
20.7565 0.505826 0.0877147 -0.0105908 2
20.876 0.50458 0.0822144 -0.0159518 2
21.0198 0.505945 0.0791962 -0.0178165 2
21.1447 0.507494 0.0701837 -0.0179212 2
21.2673 0.507887 0.0653834 -0.0097366 2
21.3965 0.507994 0.0601001 -0.0154478 2
21.5296 0.510691 0.0543212 -0.0147949 2
21.6536 0.512045 0.0483736 -0.00973244 2
21.7853 0.511465 0.042486 -0.0107914 2
21.9095 0.511741 0.0362511 -0.0137554 2
22.0379 0.51383 0.0317895 -0.00792608 2
22.1616 0.513482 0.0249026 -0.00982223 2
22.263 0.513676 0.0203496 -0.00926821 2
22.3857 0.514003 0.0144665 -0.0120012 2
22.5186 0.512841 0.0072653 -0.0157453 2
22.6409 0.513979 0.00200853 -0.0136944 2
22.7739 0.51432 -0.00481215 -0.0119666 2
22.8834 0.515402 -0.0101466 -0.0134773 2
23.0135 0.514573 -0.0164272 -0.0136188 2
23.1394 0.514235 -0.023367 -0.0137241 2
23.2671 0.514042 -0.0292285 -0.0137474 2
23.3875 0.513783 -0.0352261 -0.0157458 2
23.5177 0.513193 -0.0418285 -0.0164551 2
23.6508 0.513849 -0.0482835 -0.016902 2
23.7914 0.512774 -0.0552658 -0.0173645 2
23.9326 0.512196 -0.0617213 -0.0172122 2
24.0481 0.511593 -0.0675243 -0.0197267 2
24.1751 0.510821 -0.0742641 -0.0202558 2
24.2897 0.510923 -0.0821012 -0.0178837 2
24.4354 0.509284 -0.0883422 -0.0177937 2
24.5604 0.508165 -0.0940325 -0.0186567 2
24.6928 0.507684 -0.100606 -0.0176378 2
24.8027 0.506165 -0.106326 -0.0122628 2
24.9471 0.506435 -0.112006 -0.0137481 2
25.0749 0.50399 -0.118168 -0.0109776 2
25.1883 0.503043 -0.122348 -0.0124659 2
25.3179 0.502326 -0.12701 -0.0113993 2
25.4341 0.501343 -0.130864 -0.011513 2
25.571 0.499832 -0.136843 -0.0147008 2
25.7099 0.499229 -0.142301 -0.0110135 2
25.8104 0.498326 -0.145961 -0.0141347 2
25.9366 0.496791 -0.151309 -0.0143337 2
26.0611 0.496165 -0.155144 -0.0149442 2
26.18 0.492988 -0.159245 -0.0159302 2
26.3108 0.492308 -0.16511 -0.0165479 2
26.4405 0.49063 -0.16902 -0.0191137 2
26.5818 0.489679 -0.173883 -0.0193039 2
26.7112 0.487507 -0.177047 -0.0190583 2
26.8488 0.485957 -0.181518 -0.0203675 2
26.9998 0.485199 -0.185362 -0.0189625 2
27.1109 0.484693 -0.188398 -0.0189883 2
27.2189 0.484056 -0.19137 -0.018866 2
27.3399 0.483404 -0.194403 -0.0189561 2
27.4511 0.48223 -0.197097 -0.0189959 2
27.5825 0.482242 -0.200056 -0.0179409 2
27.7041 0.481011 -0.201843 -0.0199661 2
27.8429 0.480429 -0.204638 -0.0180528 2
27.9725 0.477005 -0.206782 -0.0197842 2
28.0851 0.477055 -0.207884 -0.0199386 2
28.1937 0.475634 -0.209422 -0.016758 2
28.3167 0.474312 -0.210955 -0.0186135 2
28.4522 0.473889 -0.211968 -0.0184102 3
28.5816 0.472729 -0.212171 -0.0202481 3
28.7039 0.472831 -0.213477 -0.0187008 3
28.8429 0.472501 -0.213774 -0.0192302 3
28.9605 0.472284 -0.213978 -0.0190459 3
29.0947 0.471999 -0.214056 -0.0197723 3
29.2382 0.472096 -0.213889 -0.0197995 3
29.3517 0.471914 -0.214108 -0.021378 3
29.4854 0.471392 -0.213868 -0.0204934 3
29.6071 0.471758 -0.21352 -0.0200895 3
29.7172 0.471974 -0.213979 -0.0195226 3
29.8711 0.471761 -0.214008 -0.0202655 3
29.9665 0.471991 -0.214363 -0.0194672 3
30.0975 0.472196 -0.214923 -0.0199275 3
30.1897 0.470883 -0.215395 -0.0215954 3
30.3139 0.471173 -0.215339 -0.0211523 3
30.4317 0.470606 -0.21556 -0.0199742 3
30.5575 0.47276 -0.21596 -0.0169397 3
30.6625 0.472548 -0.216064 -0.0162333 3
30.7922 0.472948 -0.216117 -0.016266 3
30.934 0.474582 -0.216226 -0.0136052 3
31.0634 0.473838 -0.216914 -0.0130779 3
31.1611 0.474287 -0.216987 -0.0123942 3
31.2735 0.474168 -0.217044 -0.0114656 3
31.4038 0.474856 -0.217253 -0.00983057 4
31.5237 0.474679 -0.217359 -0.0097832 4
31.6222 0.474482 -0.217632 -0.00845034 4
31.742 0.47487 -0.217693 -0.00840686 4
31.8611 0.4748 -0.217798 -0.0054653 4
31.9861 0.474795 -0.217688 -0.00625434 4
32.1176 0.475132 -0.217845 -0.00540655 4
32.2734 0.474994 -0.217762 -0.00451784 4
32.3982 0.475114 -0.217665 -0.00554376 4
32.5293 0.474708 -0.21739 -0.00564652 4
32.6642 0.475347 -0.215933 -0.00515845 4
32.7885 0.475165 -0.214542 -0.00598132 4
32.9072 0.474963 -0.212495 -0.00769626 4
33.032 0.47517 -0.210614 -0.00726608 4
33.1325 0.474819 -0.208998 -0.00770927 4
33.2508 0.475413 -0.206195 -0.0082208 4
33.3828 0.47496 -0.202299 -0.00672605 4
33.5071 0.474909 -0.199411 -0.00837232 4
33.6144 0.474845 -0.197382 -0.00968269 4
33.7623 0.474054 -0.193948 -0.0122488 4
33.8908 0.474365 -0.190946 -0.0144346 4
33.9983 0.474395 -0.18912 -0.015127 4
34.1178 0.474779 -0.186387 -0.0164357 4
34.2449 0.473372 -0.183893 -0.0189116 4
34.3679 0.474615 -0.180935 -0.0183358 4
34.4885 0.474198 -0.179453 -0.0201199 4
34.6044 0.474199 -0.178422 -0.0212944 4
34.7232 0.474453 -0.176374 -0.022783 4
34.8593 0.473356 -0.174785 -0.0232367 4
34.9776 0.473518 -0.173888 -0.0225881 4
35.1058 0.472491 -0.172949 -0.022409 5
35.2524 0.471727 -0.172168 -0.0219075 5
35.3959 0.470361 -0.172859 -0.022961 5
35.4915 0.472131 -0.173812 -0.0204127 5
35.6318 0.471367 -0.174099 -0.0203798 5
35.7491 0.470464 -0.175381 -0.0220307 5
35.8761 0.472135 -0.175546 -0.0213126 5
36.0122 0.47223 -0.175402 -0.0216246 5
36.1066 0.47209 -0.175624 -0.0223817 5
36.2112 0.471668 -0.17555 -0.0232247 5
36.3427 0.472171 -0.175972 -0.0226133 5
36.4374 0.472469 -0.175894 -0.0220182 5
36.5666 0.472382 -0.175512 -0.0219838 5
36.6745 0.472471 -0.175763 -0.0219737 5
36.7927 0.472899 -0.175745 -0.021449 5
36.9102 0.472834 -0.175903 -0.0218889 5
37.054 0.473393 -0.175794 -0.0211166 5
37.1687 0.472963 -0.17645 -0.0225345 5
37.284 0.472425 -0.176691 -0.0225586 5
37.3914 0.472965 -0.176429 -0.0223416 5
37.5153 0.473243 -0.176401 -0.0227801 5
37.6342 0.472213 -0.176303 -0.0242218 5
37.774 0.473616 -0.176348 -0.0223398 5
37.8874 0.47291 -0.176416 -0.0233881 5
37.9922 0.472808 -0.176895 -0.0233404 5
38.1271 0.472049 -0.177435 -0.0236755 5
38.2466 0.472902 -0.177488 -0.0236102 5
38.3623 0.473017 -0.176502 -0.023432 5
38.4858 0.473251 -0.176824 -0.0245072 5
38.6259 0.473631 -0.176822 -0.0240082 5
38.7131 0.473214 -0.177827 -0.0242641 5
38.8555 0.472918 -0.177378 -0.0250686 5
38.9436 0.473666 -0.178196 -0.0251884 5
39.0736 0.473531 -0.177717 -0.0259663 5
39.1965 0.474136 -0.177247 -0.0254948 5
39.3159 0.473428 -0.177519 -0.0272936 5
39.436 0.474348 -0.177749 -0.0258322 5
39.5713 0.474444 -0.177561 -0.0266163 5
39.6543 0.475252 -0.177289 -0.0248983 5
39.78 0.474283 -0.177892 -0.0265458 5
39.9111 0.474145 -0.17785 -0.0264037 5
40.0432 0.475484 -0.177992 -0.0272216 5
40.1502 0.475501 -0.178227 -0.0269692 5
40.2862 0.475643 -0.178678 -0.0273344 5
40.4121 0.475169 -0.179097 -0.0281802 5
40.5601 0.475425 -0.178949 -0.0277167 5
40.6739 0.476715 -0.179204 -0.0279635 5
40.8202 0.476534 -0.178457 -0.0268722 5
40.9348 0.475895 -0.178891 -0.027253 5
41.0529 0.475711 -0.178167 -0.0278865 5
41.1479 0.476127 -0.179158 -0.0280216 5
41.2672 0.476624 -0.179108 -0.0281333 5
41.3822 0.476024 -0.178974 -0.028439 5
41.4948 0.475825 -0.178968 -0.0290802 5
41.5973 0.476082 -0.178921 -0.0280494 5
41.7261 0.47573 -0.179138 -0.0284347 5
41.8288 0.475953 -0.17907 -0.0285183 5
41.9555 0.47599 -0.179111 -0.0289074 5
42.0759 0.475907 -0.178978 -0.0283774 5
42.179 0.476 -0.17953 -0.0292238 5
42.3164 0.475895 -0.178949 -0.0284314 5
42.4349 0.475997 -0.178921 -0.0284255 5
42.561 0.476126 -0.178969 -0.0278962 5
42.6831 0.475997 -0.179205 -0.0288141 5
42.7938 0.476072 -0.179252 -0.0280973 5
42.9183 0.476259 -0.178872 -0.02777 5
43.0405 0.476215 -0.179146 -0.0281008 5
43.1812 0.475875 -0.179041 -0.0283697 5
43.3223 0.475957 -0.178897 -0.0284571 5
43.4375 0.476139 -0.179017 -0.0282913 5
43.5278 0.475879 -0.179092 -0.0292762 5
43.6331 0.476384 -0.17898 -0.0282297 5
