9.36985e-05 0.354777 0.0849146 0.168726 0 0
0.106 0.35479 0.0849005 0.168764 0 0
0.203878 0.354782 0.0849039 0.168744 0 0
0.306652 0.35477 0.0849079 0.168733 0 0
0.404509 0.354775 0.0849232 0.168742 0 0
0.503492 0.354779 0.0849023 0.168741 0 0
0.603706 0.35478 0.0849114 0.168728 0 0
0.708046 0.354783 0.084913 0.168742 0 0
0.807656 0.354775 0.0849145 0.16874 0 0
0.919531 0.354779 0.0849191 0.168734 0 0
1.01644 0.354768 0.0849032 0.168728 0 0
1.11122 0.354787 0.0849168 0.168742 0 0
1.23672 0.354776 0.0849041 0.168732 0 0
1.37798 0.354776 0.0849042 0.168748 0 0
1.50368 0.354772 0.0849163 0.168741 0 0
1.65212 0.354773 0.0849036 0.168733 0 0
1.75029 0.354772 0.0849089 0.168735 0 0
1.85643 0.354788 0.0849054 0.168757 0 0
1.96135 0.354797 0.0849238 0.168768 0 0
2.07967 0.354793 0.0849072 0.168749 0 0
2.17376 0.354786 0.0849159 0.168742 0 0
2.30045 0.354779 0.0849095 0.168726 0 0
2.43707 0.354768 0.0848968 0.168738 0 0
2.59775 0.354785 0.0849133 0.16875 0 0
2.71633 0.354776 0.0849007 0.168743 0 0
2.8461 0.354785 0.0849181 0.168751 0 0
2.97252 0.354778 0.0849092 0.168752 0 0
3.12365 0.354789 0.0849158 0.16874 0 0
3.22113 0.354794 0.0849038 0.168768 0 0
3.36289 0.354777 0.0849084 0.168718 0 0
3.52857 0.354784 0.0849141 0.168745 0 0
3.65224 0.354797 0.0849237 0.168762 0 0
3.80354 0.354778 0.0848896 0.168751 0 0
3.95072 0.354777 0.0849099 0.168736 0 0
4.06849 0.354787 0.0849196 0.168749 0 0
4.19447 0.354786 0.0849161 0.168752 0 0
4.29791 0.354773 0.0848972 0.168737 0 0
4.43795 0.354792 0.084931 0.168758 0 0
4.58367 0.354776 0.0849137 0.16875 0 0
4.7312 0.354769 0.084906 0.16873 0 0
4.87505 0.354772 0.0849115 0.16873 0 0
5.01247 0.354785 0.0849255 0.168739 0 0
5.17069 0.354783 0.0848996 0.16875 0 0
5.27526 0.354764 0.0848998 0.168722 0 0
5.40497 0.354767 0.0848974 0.168725 0 0
5.54411 0.35478 0.0849138 0.168751 0 0
5.68453 0.354795 0.0849157 0.168763 0 0
5.80639 0.354789 0.0848842 0.168753 0 0
5.9316 0.354782 0.0849173 0.168742 0 0
6.05681 0.35479 0.0849054 0.168743 0 0
6.17942 0.354797 0.0849095 0.168769 0 0
6.29321 0.354778 0.0849234 0.16875 0 0
6.42595 0.354774 0.0849067 0.168748 0 0
6.56741 0.354776 0.0848896 0.168723 0 0
6.69739 0.354787 0.0849182 0.168743 0 0
6.78926 0.354774 0.0849079 0.168742 0 0
6.9074 0.354806 0.0849278 0.168867 0 0
7.03316 0.354868 0.0849684 0.169386 0 0
7.1528 0.354931 0.0849848 0.169973 0 0
7.28136 0.355022 0.0850554 0.170825 0 0
7.40777 0.355119 0.0850803 0.171782 0 0
7.52713 0.355218 0.0851268 0.172798 0 0
7.67924 0.355394 0.0851831 0.17445 0 0
7.78423 0.355511 0.0852382 0.175629 0 0
7.89539 0.355646 0.0852775 0.177032 0 0
8.03952 0.355799 0.0853441 0.17905 0 0
8.15079 0.35591 0.0853751 0.180573 0 0
8.28089 0.356056 0.0854157 0.18267 0 0
8.40154 0.356221 0.0854793 0.184592 0 0
8.51789 0.356303 0.0855085 0.186432 0 0
8.65079 0.35644 0.0855529 0.188715 0 0
8.78035 0.35658 0.0855479 0.191115 0 0
8.94034 0.35668 0.0855832 0.194031 0 0
9.0387 0.356734 0.0855739 0.195768 0 0
9.15215 0.356803 0.0855917 0.197903 0 0
9.29305 0.356836 0.0855575 0.200592 0 0
9.41287 0.356839 0.0855103 0.202786 0 0
9.53722 0.356868 0.0855032 0.205059 0 0
9.66265 0.356847 0.0854166 0.207459 0 0
9.78542 0.356819 0.0853714 0.209599 0 0
9.88021 0.356791 0.085303 0.211308 0 0
9.97436 0.356796 0.0852735 0.213074 0 0
10.0963 0.356714 0.0852238 0.215111 0 0
10.2296 0.356633 0.0851133 0.217307 0 0
10.3441 0.356543 0.0850348 0.219018 0 0
10.4739 0.35645 0.0849404 0.221092 0 0
10.6066 0.356366 0.0848659 0.22288 0 0
10.728 0.356297 0.084784 0.22444 0 0
10.832 0.3562 0.0847061 0.225635 0 0
10.9362 0.356113 0.0846278 0.226765 0 0
11.0627 0.356055 0.084584 0.228047 0 0
11.1905 0.355967 0.0845144 0.22907 0 1
11.3049 0.355924 0.0844509 0.229825 0 1
11.4321 0.355867 0.0844126 0.230433 0 1
11.5383 0.355839 0.0843862 0.230819 0 1
11.6562 0.355822 0.0843797 0.231039 0 1
11.7893 0.355831 0.0843681 0.231091 0 1
11.9142 0.355837 0.0843718 0.231064 0 1
12.0357 0.356213 0.0844117 0.231238 0 1
12.1681 0.357391 0.0846103 0.23152 0 1
12.2841 0.359005 0.0848927 0.231856 0 1
12.4037 0.361106 0.0851806 0.232269 0 1
12.5262 0.363643 0.0855466 0.232801 0 1
12.6558 0.366925 0.0860595 0.233518 0 1
12.788 0.370895 0.0866898 0.234339 0 1
12.913 0.374821 0.087177 0.235053 0 1
13.0332 0.379087 0.0877067 0.235764 0 1
13.1601 0.384094 0.0883804 0.236678 0 1
13.2905 0.389408 0.0888311 0.237397 0 1
13.409 0.3947 0.089402 0.238168 0 1
13.5288 0.400285 0.0898566 0.238777 0 1
13.656 0.40646 0.0903676 0.239498 0 1
13.7839 0.412902 0.0907504 0.240076 0 1
13.9111 0.419477 0.0910952 0.240589 0 1
14.0379 0.425885 0.0913159 0.240929 0 1
14.1379 0.431396 0.0915103 0.241165 0 1
14.2642 0.438462 0.0916084 0.241396 0 1
14.3846 0.444994 0.0916859 0.241457 0 1
14.4983 0.451192 0.0915843 0.241495 0 1
14.6222 0.458156 0.091485 0.241305 0 1
14.7453 0.46473 0.091235 0.241105 0 1
14.8655 0.471202 0.0910212 0.240783 0 1
14.9838 0.477558 0.0905918 0.240452 0 1
15.1172 0.48451 0.0900974 0.23986 0 1
15.2317 0.490158 0.0895615 0.239386 0 1
15.3563 0.496239 0.0890373 0.238586 0 1
15.4727 0.501439 0.0884654 0.23807 0 1
15.581 0.506329 0.0879035 0.237318 0 1
15.7145 0.511897 0.0872076 0.236622 0 1
15.8371 0.516507 0.0865388 0.235914 0 1
15.9471 0.520408 0.0860405 0.235201 0 1
16.0527 0.523721 0.0855109 0.234607 0 1
16.1899 0.527626 0.0848446 0.233962 0 1
16.307 0.530496 0.0844145 0.233407 0 1
16.4195 0.532742 0.0840408 0.232848 0 1
16.5608 0.534936 0.0836555 0.232566 0 1
16.6802 0.536279 0.0833668 0.232303 0 2
16.7977 0.536913 0.0832744 0.232128 0 2
16.9396 0.536987 0.0832563 0.232076 0 2
17.0577 0.536994 0.0832511 0.232096 0 2
17.1604 0.537007 0.0831392 0.232087 0 2
17.2841 0.537191 0.0826918 0.232093 0 2
17.4212 0.537425 0.0820475 0.232062 0 2
17.536 0.537696 0.0812707 0.232109 0 2
17.6583 0.538047 0.080386 0.232111 0 2
17.774 0.538458 0.0792661 0.232133 0 2
17.9251 0.539108 0.0775242 0.232191 0 2
18.0298 0.53959 0.076149 0.232236 0 2
18.1543 0.540239 0.0743593 0.232276 0 2
18.2692 0.540843 0.0726454 0.232283 0 2
18.3837 0.541579 0.0705554 0.232304 0 2
18.5151 0.542392 0.0681354 0.232361 0 2
18.6393 0.543234 0.0656745 0.232378 0 2
18.7497 0.543974 0.063364 0.232428 0 2
18.8809 0.54494 0.0603291 0.232426 0 2
19.0048 0.545876 0.0574486 0.232458 0 2
19.1212 0.546717 0.0548279 0.232527 0 2
19.2463 0.547823 0.0512996 0.232582 0 2
19.3822 0.54893 0.047498 0.232624 0 2
19.49 0.549866 0.0442039 0.232643 0 2
19.632 0.551021 0.0401473 0.232693 0 2
19.7464 0.551984 0.0366376 0.232737 0 2
19.8777 0.553181 0.0323354 0.232852 0 2
20.0141 0.554356 0.027707 0.232859 0 2
20.1489 0.555549 0.0229021 0.232919 0 2
20.2638 0.556482 0.0189911 0.232968 0 2
20.3841 0.557563 0.0142251 0.233037 0 2
20.4896 0.558473 0.010312 0.233162 0 2
20.6249 0.559498 0.00539223 0.233175 0 2
20.7565 0.560586 8.2771e-05 0.233199 0 2
20.876 0.561515 -0.00484395 0.233161 0 2
21.0198 0.562058 -0.00779484 0.233226 0 2
21.1447 0.563704 -0.017142 0.233361 0 2
21.2673 0.564417 -0.0217736 0.233379 0 2
21.3965 0.565132 -0.0265133 0.233379 0 2
21.5296 0.566125 -0.0331435 0.233501 0 2
21.6536 0.566786 -0.0384344 0.23349 0 2
21.7853 0.567497 -0.0446246 0.233552 0 2
21.9095 0.568076 -0.0502515 0.233511 0 2
22.0379 0.568671 -0.0561946 0.233678 0 2
22.1616 0.569215 -0.0621082 0.233632 0 2
22.263 0.569539 -0.0667503 0.233706 0 2
22.3857 0.569935 -0.0729079 0.233701 0 2
22.5186 0.570316 -0.0790933 0.23378 0 2
22.6409 0.570594 -0.0852328 0.233767 0 2
22.7739 0.570783 -0.0915346 0.233785 0 2
22.8834 0.570929 -0.0969456 0.233806 0 2
23.0135 0.57103 -0.103192 0.233847 0 2
23.1394 0.571 -0.10956 0.233768 0 2
23.2671 0.570932 -0.115894 0.233808 0 2
23.3875 0.570818 -0.121814 0.233914 0 2
23.5177 0.570647 -0.128124 0.233892 0 2
23.6508 0.570303 -0.134814 0.233853 0 2
23.7914 0.569962 -0.141385 0.233854 0 2
23.9326 0.569558 -0.14802 0.233947 0 2
24.0481 0.569095 -0.153802 0.233939 0 2
24.1751 0.568506 -0.160042 0.233831 0 2
24.2897 0.56798 -0.165418 0.233841 0 2
24.4354 0.567264 -0.172236 0.233893 0 2
24.5604 0.566533 -0.178186 0.233869 0 2
24.6928 0.565678 -0.184505 0.233796 0 2
24.8027 0.565027 -0.189192 0.233801 0 2
24.9471 0.564036 -0.196058 0.23384 0 2
25.0749 0.563089 -0.201551 0.233867 0 2
25.1883 0.562184 -0.206753 0.23375 0 2
25.3179 0.561233 -0.212173 0.233763 0 2
25.4341 0.560316 -0.216946 0.233833 0 2
25.571 0.559113 -0.222901 0.233753 0 2
25.7099 0.558004 -0.228028 0.233703 0 2
25.8104 0.557101 -0.232137 0.23364 0 2
25.9366 0.555953 -0.237197 0.233662 0 2
26.0611 0.554934 -0.241632 0.233663 0 2
26.18 0.553851 -0.245977 0.233654 0 2
26.3108 0.552607 -0.250844 0.233586 0 2
26.4405 0.551491 -0.255122 0.233519 0 2
26.5818 0.550266 -0.259656 0.233554 0 2
26.7112 0.549075 -0.263971 0.233539 0 2
26.8488 0.547932 -0.268007 0.233505 0 2
26.9998 0.54667 -0.272197 0.233455 0 2
27.1109 0.545716 -0.275338 0.233403 0 2
27.2189 0.544824 -0.278143 0.233388 0 2
27.3399 0.543899 -0.281212 0.233443 0 2
27.4511 0.543188 -0.283568 0.233378 0 2
27.5825 0.542231 -0.286441 0.233396 0 2
27.7041 0.541424 -0.288883 0.233385 0 2
27.8429 0.540518 -0.29156 0.233308 0 2
27.9725 0.539814 -0.293531 0.233337 0 2
28.0851 0.539274 -0.295175 0.233337 0 2
28.1937 0.538768 -0.296603 0.23327 0 2
28.3167 0.538197 -0.298195 0.233253 0 2
28.4522 0.537763 -0.299458 0.233224 0 3
28.5816 0.537418 -0.300456 0.233261 0 3
28.7039 0.537188 -0.301156 0.233221 0 3
28.8429 0.537035 -0.301616 0.233253 0 3
28.9605 0.536982 -0.301847 0.233228 0 3
29.0947 0.536969 -0.301879 0.233245 0 3
29.2382 0.536961 -0.301882 0.233269 0 3
29.3517 0.537009 -0.301905 0.233519 0 3
29.4854 0.537029 -0.301966 0.234032 0 3
29.6071 0.537018 -0.302053 0.23462 0 3
29.7172 0.537044 -0.302102 0.235164 0 3
29.8711 0.537033 -0.302215 0.236144 0 3
29.9665 0.537023 -0.302304 0.236844 0 3
30.0975 0.537047 -0.302396 0.237829 0 3
30.1897 0.537047 -0.302482 0.238579 0 3
30.3139 0.537041 -0.302568 0.239593 0 3
30.4317 0.537049 -0.302691 0.240668 0 3
30.5575 0.537073 -0.302792 0.241831 0 3
30.6625 0.537067 -0.302908 0.242752 0 3
30.7922 0.53708 -0.303041 0.243905 0 3
30.934 0.537089 -0.303123 0.245146 0 3
31.0634 0.537032 -0.303278 0.246143 0 3
31.1611 0.537029 -0.303354 0.246906 0 3
31.2735 0.537011 -0.303459 0.247752 0 3
31.4038 0.537013 -0.303508 0.248576 0 4
31.5237 0.537005 -0.303584 0.249433 0 4
31.6222 0.536991 -0.303666 0.249864 0 4
31.742 0.536999 -0.303671 0.250393 0 4
31.8611 0.536991 -0.303708 0.250758 0 4
31.9861 0.53698 -0.303748 0.251039 0 4
32.1176 0.536965 -0.303769 0.251133 0 4
32.2734 0.536967 -0.303778 0.251102 0 4
32.3982 0.536936 -0.303644 0.251047 0 4
32.5293 0.536943 -0.302823 0.250632 0 4
32.6642 0.537033 -0.301531 0.249984 0 4
32.7885 0.53714 -0.300003 0.249355 0 4
32.9072 0.537282 -0.298345 0.248613 0 4
33.032 0.537354 -0.296405 0.247646 0 4
33.1325 0.537392 -0.29468 0.24682 0 4
33.2508 0.537455 -0.292516 0.245836 0 4
33.3828 0.537604 -0.289846 0.24463 0 4
33.5071 0.537674 -0.28723 0.243413 0 4
33.6144 0.537608 -0.284911 0.242285 0 4
33.7623 0.537669 -0.281716 0.240866 0 4
33.8908 0.537659 -0.278997 0.239556 0 4
33.9983 0.537614 -0.276667 0.238438 0 4
34.1178 0.537684 -0.274337 0.237474 0 4
34.2449 0.537601 -0.271755 0.236229 0 4
34.3679 0.537519 -0.269511 0.235174 0 4
34.4885 0.537451 -0.267438 0.23414 0 4
34.6044 0.537384 -0.265681 0.233251 0 4
34.7232 0.537319 -0.264113 0.232601 0 4
34.8593 0.537225 -0.262644 0.231898 0 4
34.9776 0.537199 -0.261701 0.231448 0 4
35.1058 0.53714 -0.260999 0.231138 0 5
35.2524 0.537158 -0.260739 0.231043 0 5
35.3959 0.537175 -0.260962 0.231094 0 5
35.4915 0.537324 -0.262989 0.231533 0 5
35.6318 0.537272 -0.263085 0.231481 0 5
35.7491 0.537477 -0.263575 0.23122 0 5
35.8761 0.537465 -0.263543 0.23116 0 5
36.0122 0.537319 -0.263675 0.230283 0 5
36.1066 0.537238 -0.263668 0.230267 0 5
36.2112 0.536877 -0.263592 0.230447 0 5
36.3427 0.536904 -0.263581 0.230423 0 5
36.4374 0.537256 -0.263692 0.229806 0 5
36.5666 0.53732 -0.263713 0.229733 0 5
36.6745 0.537395 -0.263814 0.228968 0 5
36.7927 0.537392 -0.263819 0.229064 0 5
36.9102 0.537648 -0.263774 0.228724 0 5
37.054 0.537606 -0.263987 0.228232 0 5
37.1687 0.537514 -0.264383 0.227376 0 5
37.284 0.537366 -0.26435 0.227126 0 5
37.3914 0.536966 -0.264329 0.226516 0 5
37.5153 0.536957 -0.264335 0.226446 0 5
37.6342 0.53693 -0.264348 0.226087 0 5
37.774 0.536814 -0.264422 0.225898 0 5
37.8874 0.536636 -0.264537 0.225729 0 5
37.9922 0.53678 -0.264842 0.225184 0 5
38.1271 0.537125 -0.265251 0.224392 0 5
38.2466 0.536989 -0.265219 0.224246 0 5
38.3623 0.536534 -0.264981 0.223594 0 5
38.4858 0.537097 -0.26514 0.22337 0 5
38.6259 0.53764 -0.265265 0.222956 0 5
38.7131 0.537673 -0.265874 0.222515 0 5
38.8555 0.537667 -0.266079 0.22231 0 5
38.9436 0.537594 -0.266279 0.220759 0 5
39.0736 0.537609 -0.266289 0.221081 0 5
39.1965 0.537647 -0.266219 0.221097 0 5
39.3159 0.537637 -0.266239 0.221067 0 5
39.436 0.537429 -0.266392 0.219438 0 5
39.5713 0.537453 -0.266367 0.219581 0 5
39.6543 0.537322 -0.266494 0.218786 0 5
39.78 0.537121 -0.266609 0.217724 0 5
39.9111 0.537277 -0.266861 0.217187 0 5
40.0432 0.537335 -0.266915 0.21702 0 5
40.1502 0.537444 -0.267047 0.216419 0 5
40.2862 0.537706 -0.267327 0.215157 0 5
40.4121 0.537919 -0.26734 0.213542 0 5
40.5601 0.537944 -0.267358 0.213167 0 5
40.6739 0.538485 -0.267357 0.210543 0 5
40.8202 0.538665 -0.267382 0.210003 0 5
40.9348 0.538687 -0.267252 0.207002 0 5
41.0529 0.538773 -0.267248 0.206582 0 5
41.1479 0.538937 -0.267575 0.205995 0 5
41.2672 0.538899 -0.267559 0.206089 0 5
41.3822 0.538895 -0.267559 0.206092 0 5
41.4948 0.538863 -0.267638 0.206121 0 5
41.5973 0.538858 -0.267649 0.206094 0 5
41.7261 0.538863 -0.267652 0.206028 0 5
41.8288 0.538871 -0.267655 0.206033 0 5
41.9555 0.538861 -0.267684 0.20601 0 5
42.0759 0.538876 -0.267677 0.206019 0 5
42.179 0.538858 -0.267688 0.206038 0 5
42.3164 0.538864 -0.267677 0.206028 0 5
42.4349 0.538866 -0.267688 0.206014 0 5
42.561 0.538852 -0.267692 0.206033 0 5
42.6831 0.538847 -0.267685 0.205974 0 5
42.7938 0.538858 -0.267674 0.206009 0 5
42.9183 0.538859 -0.267687 0.205984 0 5
43.0405 0.538862 -0.267705 0.205999 0 5
43.1812 0.538848 -0.267693 0.206018 0 5
43.3223 0.538852 -0.267695 0.206015 0 5
43.4375 0.538861 -0.267697 0.206029 0 5
43.5278 0.538857 -0.267696 0.206023 0 5
43.6331 0.538864 -0.267677 0.206002 0 5
