34.9776 34.9776 0 0 5
35.1058 34.9776 0 0.128226 5
35.2524 34.9776 0.128226 0.27479 5
35.3959 34.9776 0.27479 0.41831 5
35.4915 34.9776 0.41831 0.51386 5
35.6318 34.9776 0.51386 0.654188 5
35.7491 34.9776 0.654188 0.771522 5
35.8761 34.9776 0.771522 0.898494 5
36.0122 34.9776 0.898494 1.03462 5
36.1066 34.9776 1.03462 1.12902 5
36.2112 34.9776 1.12902 1.23354 5
36.3427 34.9776 1.23354 1.36508 5
36.4374 34.9776 1.36508 1.45981 5
36.5666 34.9776 1.45981 1.58893 5
36.6745 34.9776 1.58893 1.69689 5
36.7927 34.9776 1.69689 1.8151 5
36.9102 34.9776 1.8151 1.9326 5
37.054 34.9776 1.9326 2.07633 5
37.1687 34.9776 2.07633 2.19103 5
37.284 34.9776 2.19103 2.30633 5
37.3914 34.9776 2.30633 2.41375 5
37.5153 34.9776 2.41375 2.53766 5
37.6342 34.9776 2.53766 2.65654 5
37.774 34.9776 2.65654 2.7964 5
37.8874 34.9776 2.7964 2.90981 5
37.9922 34.9776 2.90981 3.01457 5
38.1271 34.9776 3.01457 3.14947 5
38.2466 34.9776 3.14947 3.26895 5
38.3623 34.9776 3.26895 3.38471 5
38.4858 34.9776 3.38471 3.50817 5
38.6259 34.9776 3.50817 3.64831 5
38.7131 34.9776 3.64831 3.73552 5
38.8555 34.9776 3.73552 3.87792 5
38.9436 34.9776 3.87792 3.96597 5
39.0736 34.9776 3.96597 4.09599 5
39.1965 34.9776 4.09599 4.21885 5
39.3159 34.9776 4.21885 4.33832 5
39.436 34.9776 4.33832 4.4584 5
39.5713 34.9776 4.4584 4.59367 5
39.6543 34.9776 4.59367 4.67664 5
39.78 34.9776 4.67664 4.80233 5
39.9111 34.9776 4.80233 4.93351 5
40.0432 34.9776 4.93351 5.0656 5
40.1502 34.9776 5.0656 5.17255 5
40.2862 34.9776 5.17255 5.30855 5
40.4121 34.9776 5.30855 5.43443 5
40.5601 34.9776 5.43443 5.58244 5
40.6739 34.9776 5.58244 5.69627 5
40.8202 34.9776 5.69627 5.8426 5
40.9348 34.9776 5.8426 5.95713 5
41.0529 34.9776 5.95713 6.07532 5
41.1479 34.9776 6.07532 6.1703 5
41.2672 34.9776 6.1703 6.28954 5
41.3822 34.9776 6.28954 6.40458 5
41.4948 34.9776 6.40458 6.51722 5
41.5973 34.9776 6.51722 6.61971 5
41.7261 34.9776 6.61971 6.74845 5
41.8288 34.9776 6.74845 6.8512 5
41.9555 34.9776 6.8512 6.97784 5
42.0759 34.9776 6.97784 7.09829 5
42.179 34.9776 7.09829 7.20142 5
42.3164 34.9776 7.20142 7.33873 5
42.4349 34.9776 7.33873 7.45725 5
42.561 34.9776 7.45725 7.58338 5
42.6831 34.9776 7.58338 7.70551 5
42.7938 34.9776 7.70551 7.81623 5
42.9183 34.9776 7.81623 7.94069 5
43.0405 34.9776 7.94069 8.06292 5
43.1812 34.9776 8.06292 8.20362 5
43.3223 34.9776 8.20362 8.34463 5
43.4375 34.9776 8.34463 8.45984 5
43.5278 34.9776 8.45984 8.55018 5
43.6331 34.9776 8.55018 8.65551 5
