5.14984e-05 0.298193 0.154661 -0.0941252 0
0.0961406 0.298161 0.154651 -0.0936725 0
0.191394 0.298138 0.154519 -0.0938777 0
0.298626 0.298081 0.154562 -0.0932846 0
0.407204 0.298214 0.154613 -0.0939375 0
0.50064 0.298149 0.154586 -0.0932796 0
0.603745 0.298192 0.154575 -0.0940681 0
0.697332 0.298141 0.154573 -0.0938863 0
0.802511 0.298069 0.154655 -0.0944902 0
0.886575 0.298188 0.154688 -0.0942431 0
1.00567 0.298127 0.154615 -0.0935413 0
1.10187 0.298143 0.154516 -0.0934703 0
1.21238 0.2982 0.154576 -0.0931487 0
1.30729 0.29822 0.154657 -0.0943287 0
1.41498 0.298111 0.154571 -0.0931932 0
1.51533 0.298204 0.154581 -0.0932093 0
1.61382 0.2982 0.154699 -0.0941814 0
1.71434 0.298204 0.154545 -0.0934254 0
1.81752 0.298157 0.154615 -0.0939513 0
1.91852 0.298172 0.154587 -0.0942321 0
2.04156 0.298146 0.154619 -0.0937189 0
2.12539 0.298176 0.154586 -0.0936221 0
2.22317 0.298139 0.154493 -0.0926365 0
2.32642 0.298173 0.154678 -0.0941953 0
2.43197 0.29816 0.154536 -0.093434 0
2.52899 0.298104 0.154572 -0.0938456 0
2.62724 0.298181 0.154627 -0.0934327 0
2.7214 0.298307 0.154899 -0.094067 0
2.81044 0.298416 0.154986 -0.0938059 0
2.91196 0.298444 0.154953 -0.0942151 0
3.01141 0.298508 0.155023 -0.0938866 0
3.10442 0.298493 0.155198 -0.0937608 0
3.21616 0.2986 0.155169 -0.0929725 0
3.3097 0.298709 0.155308 -0.091501 0
3.41152 0.298879 0.155488 -0.0910904 0
3.50049 0.298422 0.15558 -0.0899586 0
3.60604 0.297713 0.155877 -0.0899964 0
3.69083 0.29681 0.156016 -0.089761 0
3.79173 0.296536 0.1562 -0.0897809 0
3.88655 0.296751 0.156464 -0.0889738 0
4.0047 0.29664 0.156767 -0.0884568 0
4.07886 0.296434 0.156801 -0.0888723 0
4.17488 0.296159 0.156889 -0.0878874 0
4.28476 0.296331 0.157109 -0.0871625 0
4.37296 0.296594 0.157645 -0.0886962 0
4.47712 0.29657 0.157676 -0.0877825 0
4.58142 0.296094 0.157659 -0.0863284 0
4.68138 0.296801 0.157714 -0.084939 0
4.79361 0.297354 0.157933 -0.0832857 0
4.88966 0.29619 0.157837 -0.082911 0
4.98713 0.29652 0.157616 -0.0797296 0
5.08579 0.296554 0.157332 -0.0793864 0
5.18556 0.296565 0.157218 -0.0771 0
5.27876 0.296918 0.157212 -0.0760005 0
5.36918 0.297184 0.156629 -0.0712538 0
5.47746 0.297405 0.156982 -0.0725759 0
5.57175 0.296575 0.156938 -0.072038 0
5.67959 0.296934 0.157237 -0.0711872 0
5.78637 0.297193 0.156787 -0.0679806 0
5.87882 0.297337 0.15663 -0.0652648 0
5.97609 0.297854 0.156962 -0.0649503 0
6.06729 0.297491 0.15672 -0.0629679 0
6.17929 0.297415 0.157292 -0.0639262 0
6.2698 0.297118 0.157116 -0.0633078 0
6.36948 0.296876 0.156878 -0.0612289 0
6.47059 0.296298 0.157117 -0.0613659 0
6.56871 0.296232 0.156898 -0.0596073 0
6.6749 0.297133 0.156863 -0.0584524 0
6.76196 0.296175 0.156753 -0.0572076 0
6.87177 0.295738 0.156861 -0.0573204 0
6.96128 0.295999 0.156828 -0.0568023 1
7.06737 0.29498 0.157011 -0.0570625 1
7.15919 0.295579 0.156748 -0.0546412 1
7.27336 0.294484 0.156797 -0.0569741 1
7.36648 0.294856 0.157085 -0.0553101 1
7.47368 0.295418 0.156798 -0.0553621 1
7.58907 0.294974 0.156702 -0.0545282 1
7.67462 0.294903 0.156861 -0.0555217 1
7.77247 0.294824 0.157059 -0.0551378 1
7.87054 0.295774 0.156913 -0.0555895 1
7.97312 0.296774 0.15709 -0.0549382 1
8.06787 0.298386 0.157191 -0.0535616 1
8.17395 0.299758 0.157544 -0.0537481 1
8.26946 0.30214 0.15799 -0.0536879 1
8.36373 0.303971 0.157948 -0.0535531 1
8.47354 0.306266 0.158358 -0.0531314 1
8.57011 0.309635 0.158464 -0.0513239 1
8.67327 0.311843 0.158867 -0.0527168 1
8.77307 0.316394 0.158885 -0.0511265 1
8.87204 0.318764 0.159191 -0.0504794 1
8.97011 0.322506 0.15924 -0.0506956 1
9.07992 0.326216 0.159587 -0.0507225 1
9.16931 0.331451 0.159041 -0.0472458 1
9.27377 0.333854 0.159622 -0.0490752 1
9.37779 0.339275 0.160088 -0.0480969 1
9.47986 0.343594 0.160179 -0.0467193 1
9.57152 0.349185 0.160265 -0.04669 1
9.67787 0.353841 0.160266 -0.0458973 1
9.77185 0.359545 0.159993 -0.0437529 1
9.87528 0.364378 0.160506 -0.0447149 1
9.96458 0.372162 0.159887 -0.0407772 1
10.0702 0.376418 0.160179 -0.0422793 1
10.1643 0.382797 0.15979 -0.0424582 1
10.2804 0.386401 0.159563 -0.0399671 1
10.3679 0.393283 0.158932 -0.038119 1
10.4746 0.397645 0.158858 -0.0396187 1
10.5694 0.404297 0.158204 -0.037674 1
10.6751 0.408701 0.157376 -0.0357843 1
10.7747 0.413257 0.157472 -0.0398018 1
10.8731 0.419328 0.156547 -0.0361884 1
10.9838 0.423861 0.156147 -0.0373929 1
11.0835 0.427937 0.15525 -0.0367482 1
11.1846 0.433892 0.154456 -0.0363674 1
11.302 0.437305 0.154386 -0.0378589 1
11.3797 0.442082 0.154576 -0.0382275 1
11.4806 0.445911 0.153594 -0.0380925 1
11.5988 0.450054 0.15332 -0.0401485 1
11.689 0.452898 0.153326 -0.0412893 1
11.7886 0.457249 0.153196 -0.0427669 1
11.8846 0.459005 0.152841 -0.0430407 1
11.9855 0.462497 0.152437 -0.043491 1
12.0847 0.464021 0.152131 -0.043956 1
12.1846 0.466207 0.151626 -0.0446068 2
12.2902 0.46808 0.151648 -0.0453132 2
12.3961 0.469099 0.151339 -0.0448563 2
12.492 0.470727 0.151468 -0.0464554 2
12.593 0.470571 0.151204 -0.0463304 2
12.7107 0.470728 0.151418 -0.046913 2
12.7957 0.470768 0.151148 -0.0472353 2
12.8873 0.470957 0.151008 -0.0462868 2
12.9984 0.470844 0.150662 -0.0469826 2
13.0955 0.471544 0.150278 -0.0469714 2
13.199 0.471572 0.149309 -0.0455881 2
13.2865 0.470982 0.148868 -0.0466804 2
13.39 0.471464 0.147895 -0.0471239 2
13.4856 0.471659 0.146906 -0.0461047 2
13.5899 0.471712 0.145856 -0.047424 2
13.6872 0.47188 0.144827 -0.0476333 2
13.786 0.47307 0.143704 -0.0461567 2
13.8942 0.472722 0.14187 -0.0460812 2
13.9906 0.473067 0.140211 -0.0466566 2
14.0824 0.474228 0.138536 -0.0449061 2
14.1806 0.475011 0.137318 -0.0463319 2
14.2886 0.475236 0.134957 -0.0465868 2
14.386 0.476144 0.132815 -0.0464115 2
14.4816 0.476012 0.131147 -0.0444501 2
14.5843 0.476575 0.129037 -0.0455581 2
14.6905 0.476952 0.126485 -0.0448389 2
14.7919 0.47817 0.124386 -0.0438984 2
14.8919 0.478987 0.121709 -0.041748 2
15.0025 0.48016 0.118947 -0.0414474 2
15.0917 0.480832 0.116452 -0.0419359 2
15.1905 0.480978 0.1136 -0.0447565 2
15.287 0.482271 0.111178 -0.0418717 2
15.3954 0.482865 0.107274 -0.0452645 2
15.483 0.483524 0.105263 -0.0401821 2
15.5812 0.483593 0.101585 -0.0450818 2
15.6837 0.484353 0.098619 -0.0419839 2
15.7921 0.484273 0.0945831 -0.0423869 2
15.8898 0.485401 0.0920249 -0.0443786 2
15.9934 0.487094 0.0884261 -0.0412644 2
16.0965 0.487047 0.0840718 -0.0435926 2
16.1933 0.488792 0.0811146 -0.0426467 2
16.296 0.489852 0.0774694 -0.0409837 2
16.3955 0.490106 0.0737628 -0.0423504 2
16.5165 0.490277 0.0693513 -0.041592 2
16.6032 0.490999 0.0653484 -0.0419952 2
16.6894 0.491426 0.0618939 -0.0418976 2
16.7912 0.492094 0.0580391 -0.0418568 2
16.8925 0.492096 0.0539068 -0.042578 2
17.0059 0.492541 0.0495882 -0.0437724 2
17.1072 0.494231 0.0449731 -0.0398901 2
17.1943 0.494107 0.0412713 -0.0433818 2
17.2951 0.494938 0.0366579 -0.0392958 2
17.3958 0.495139 0.0326981 -0.0418678 2
17.5034 0.494855 0.0291547 -0.0410695 2
17.5981 0.495872 0.0263736 -0.0438638 2
17.6983 0.496485 0.0186167 -0.0397614 2
17.7938 0.49708 0.0146262 -0.0409028 2
17.8929 0.496334 0.0113424 -0.0368517 2
17.997 0.497876 0.00652874 -0.0412407 2
18.0935 0.497507 0.00132075 -0.0423029 2
18.1888 0.499258 -0.00274962 -0.0394039 2
18.2929 0.498844 -0.00729257 -0.0372096 2
18.3903 0.499031 -0.0120924 -0.0420129 2
18.4877 0.499176 -0.0163295 -0.0387967 2
18.5885 0.499256 -0.0211585 -0.0410752 2
18.6855 0.498388 -0.025465 -0.0410229 2
18.7863 0.498702 -0.0300016 -0.0437745 2
18.8903 0.498718 -0.0349154 -0.0428378 2
18.9978 0.497985 -0.0398913 -0.0441495 2
19.112 0.49831 -0.045691 -0.0412549 2
19.2105 0.498482 -0.0504125 -0.0441982 2
19.3067 0.497985 -0.0544145 -0.0430458 2
19.407 0.497361 -0.0590878 -0.0473712 2
19.5144 0.496947 -0.0637589 -0.0452315 2
19.6262 0.496925 -0.0688459 -0.0453787 2
19.7101 0.496628 -0.074176 -0.0453003 2
19.8179 0.49688 -0.0782021 -0.0422851 2
19.9217 0.495388 -0.0834134 -0.0412707 2
20.0165 0.494925 -0.0880538 -0.0426552 2
20.1244 0.493145 -0.0935057 -0.0380475 2
20.2206 0.493526 -0.0970492 -0.0376164 2
20.3085 0.493051 -0.100385 -0.0356559 2
20.416 0.493073 -0.104807 -0.0379885 2
20.51 0.492671 -0.108446 -0.0383517 2
20.6137 0.491802 -0.112602 -0.0381498 2
20.7158 0.491145 -0.116718 -0.0353238 2
20.8199 0.490499 -0.120105 -0.0388682 2
20.9089 0.48962 -0.123253 -0.0385919 2
21.0281 0.488154 -0.127909 -0.0419673 2
21.1231 0.487785 -0.132063 -0.0416457 2
21.2211 0.486803 -0.134794 -0.0425335 2
21.3219 0.486023 -0.139384 -0.043466 2
21.4212 0.484997 -0.14288 -0.0415232 2
21.5263 0.484814 -0.146847 -0.0429255 2
21.6262 0.48365 -0.151176 -0.0431344 2
21.7251 0.482623 -0.154468 -0.0418995 2
21.8186 0.481692 -0.157292 -0.041937 2
21.9145 0.481 -0.161012 -0.0428103 2
22.0143 0.480197 -0.163334 -0.0434273 2
22.1234 0.479204 -0.167462 -0.04255 2
22.24 0.477168 -0.169996 -0.0424972 2
22.3484 0.476108 -0.173546 -0.0439441 2
22.447 0.475703 -0.176609 -0.0418162 2
22.5361 0.474535 -0.179891 -0.0432583 2
22.6458 0.473812 -0.181598 -0.0443404 2
22.7363 0.473423 -0.184225 -0.0435616 2
22.8255 0.4726 -0.185883 -0.043393 2
22.9207 0.471668 -0.189106 -0.0420276 2
23.0133 0.47067 -0.190158 -0.0408947 2
23.1247 0.470784 -0.192799 -0.0407285 2
23.229 0.469241 -0.195438 -0.0410695 2
23.3251 0.468927 -0.196441 -0.0409603 2
23.4201 0.46841 -0.19814 -0.0408941 2
23.5202 0.467423 -0.19994 -0.0399265 2
23.621 0.466883 -0.201875 -0.0400036 2
23.7237 0.466681 -0.203128 -0.0397932 2
23.8289 0.466126 -0.203905 -0.0396427 2
23.922 0.465359 -0.204864 -0.0404862 2
24.0208 0.464987 -0.206128 -0.0405277 3
24.1249 0.464704 -0.207121 -0.0403093 3
24.2309 0.464324 -0.207928 -0.0403912 3
24.3353 0.464065 -0.208671 -0.0409281 3
24.4293 0.463702 -0.208599 -0.0398303 3
24.5275 0.463467 -0.209415 -0.041184 3
24.625 0.463422 -0.209176 -0.0412859 3
24.7402 0.463841 -0.209255 -0.0404907 3
24.8343 0.463646 -0.20909 -0.0409024 3
24.9486 0.463855 -0.209203 -0.0402229 3
25.0596 0.463887 -0.209297 -0.0405253 3
25.1441 0.463573 -0.209141 -0.0407105 3
25.227 0.463978 -0.209286 -0.0411585 3
25.331 0.463399 -0.209075 -0.0414495 3
25.4341 0.463451 -0.208947 -0.0403179 3
25.5228 0.463652 -0.209582 -0.0409349 3
25.6263 0.463817 -0.20978 -0.040698 3
25.7245 0.463487 -0.209574 -0.0403121 3
25.819 0.463658 -0.210021 -0.0400874 3
25.9441 0.463724 -0.209836 -0.0400701 3
26.0436 0.463514 -0.210187 -0.0398938 3
26.1344 0.463857 -0.210299 -0.0388304 3
26.229 0.4638 -0.210272 -0.039249 3
26.3175 0.464155 -0.210755 -0.0394299 3
26.4153 0.4642 -0.210673 -0.0388114 3
26.5154 0.463446 -0.210938 -0.0390859 3
26.6175 0.464028 -0.211094 -0.0386768 3
26.7296 0.464417 -0.211508 -0.0378817 3
26.8198 0.46408 -0.211325 -0.0364353 3
26.9218 0.464239 -0.211803 -0.0372369 3
27.0147 0.464189 -0.212211 -0.0368327 4
27.1192 0.463576 -0.212152 -0.0364613 4
27.2137 0.464427 -0.212556 -0.0350338 4
27.3321 0.4642 -0.212573 -0.0344775 4
27.4209 0.464149 -0.21284 -0.0341234 4
27.5198 0.464646 -0.212708 -0.033327 4
27.6172 0.464464 -0.212752 -0.0348433 4
27.7167 0.464136 -0.212852 -0.0347233 4
27.8235 0.464151 -0.213211 -0.0333179 4
27.9193 0.463888 -0.213388 -0.0337289 4
28.0081 0.464071 -0.213029 -0.0333011 4
28.1083 0.464101 -0.212627 -0.0340537 4
28.1954 0.464012 -0.212039 -0.0334287 4
28.2971 0.46438 -0.211212 -0.033406 4
28.4023 0.464222 -0.209714 -0.0341196 4
28.5154 0.464642 -0.207811 -0.0340555 4
28.6041 0.464316 -0.206118 -0.0352453 4
28.7031 0.465003 -0.204745 -0.0347592 4
28.796 0.464745 -0.203279 -0.0348951 4
28.8899 0.464948 -0.201141 -0.0363717 4
28.9964 0.464993 -0.198299 -0.0353193 4
29.0969 0.465068 -0.195908 -0.036573 4
29.1968 0.464673 -0.193758 -0.0363928 4
29.2882 0.464973 -0.191498 -0.0357014 4
29.4024 0.465556 -0.189278 -0.037553 4
29.5023 0.465229 -0.187291 -0.0385064 4
29.5954 0.464989 -0.186037 -0.0401494 4
29.6842 0.465033 -0.183175 -0.0393327 4
29.7708 0.465108 -0.181293 -0.0399058 4
29.8546 0.465859 -0.179959 -0.0397071 4
29.947 0.465566 -0.178188 -0.0402884 4
30.0438 0.465034 -0.17623 -0.0413892 4
30.1361 0.46506 -0.17544 -0.0418141 4
30.2382 0.465162 -0.174076 -0.0427114 4
30.3266 0.46493 -0.173475 -0.0432542 4
30.4357 0.465401 -0.172027 -0.0426973 4
30.5215 0.464862 -0.17197 -0.044026 4
30.6325 0.464912 -0.170644 -0.0433668 5
30.7417 0.464924 -0.170427 -0.043909 5
30.8549 0.464822 -0.17043 -0.0438176 5
30.9733 0.46474 -0.17031 -0.0453494 5
31.0702 0.465216 -0.172476 -0.0449415 5
31.193 0.464826 -0.174174 -0.0431325 5
31.2739 0.464777 -0.174275 -0.0444226 5
31.372 0.464406 -0.173915 -0.043903 5
31.4767 0.464739 -0.173902 -0.0435584 5
31.5818 0.464723 -0.173649 -0.0429506 5
31.6776 0.46492 -0.173605 -0.042812 5
31.8142 0.465047 -0.173649 -0.0414578 5
31.8982 0.465163 -0.173744 -0.0433454 5
32.0112 0.46541 -0.173897 -0.0438627 5
32.1095 0.46602 -0.173836 -0.0425997 5
32.2068 0.466267 -0.173812 -0.0426891 5
32.3016 0.466439 -0.173499 -0.042194 5
32.3921 0.466335 -0.173513 -0.0428158 5
32.4814 0.466446 -0.173537 -0.0429803 5
32.5684 0.466531 -0.173499 -0.0430036 5
32.6694 0.467318 -0.173667 -0.0434957 5
32.7724 0.466497 -0.173482 -0.0420154 5
32.8908 0.466785 -0.174263 -0.0417439 5
32.9855 0.466412 -0.17369 -0.0427353 5
33.0776 0.466362 -0.173877 -0.043032 5
33.1679 0.466445 -0.173913 -0.0427824 5
33.2585 0.46615 -0.173936 -0.0439021 5
33.3622 0.466122 -0.173894 -0.0430773 5
33.469 0.466445 -0.174052 -0.0426738 5
33.5996 0.466694 -0.174033 -0.04269 5
33.6783 0.467266 -0.174412 -0.0426056 5
33.7948 0.467192 -0.174422 -0.0418776 5
33.8854 0.467641 -0.174085 -0.0418308 5
33.9765 0.46772 -0.174249 -0.0424328 5
34.0764 0.467795 -0.174236 -0.0418899 5
34.184 0.46815 -0.174778 -0.0429601 5
34.2738 0.468319 -0.174458 -0.0430011 5
34.3882 0.469162 -0.174729 -0.0421408 5
34.5293 0.468856 -0.174577 -0.0425235 5
34.6217 0.469892 -0.175033 -0.0422139 5
34.7132 0.469302 -0.175111 -0.041868 5
34.8473 0.470516 -0.174746 -0.042321 5
34.9559 0.470393 -0.174585 -0.0425722 5
35.056 0.470399 -0.174721 -0.043184 5
35.1591 0.470593 -0.174705 -0.0433486 5
35.2535 0.470928 -0.17534 -0.0424573 5
35.3619 0.471011 -0.175024 -0.043408 5
35.4478 0.470835 -0.175232 -0.0430829 5
35.554 0.470823 -0.175132 -0.0435139 5
35.6331 0.471129 -0.174982 -0.0430249 6
35.735 0.47107 -0.175057 -0.0437706 6
35.838 0.470928 -0.175049 -0.0433397 6
35.9274 0.470837 -0.175101 -0.0432125 6
36.0402 0.470922 -0.175267 -0.043144 6
36.1439 0.471316 -0.174649 -0.0432622 6
36.2543 0.471023 -0.174616 -0.0423921 6
36.346 0.470966 -0.175085 -0.0435578 6
36.4376 0.470788 -0.175137 -0.0426324 6
36.5401 0.471183 -0.175045 -0.0436168 6
36.67 0.471218 -0.174905 -0.0431261 6
36.7519 0.470902 -0.175133 -0.0443706 6
36.8755 0.471414 -0.175125 -0.0441713 6
36.97 0.470948 -0.175215 -0.0438168 6
37.0738 0.470863 -0.17516 -0.0434788 6
37.2069 0.470762 -0.174831 -0.0436164 6
37.3259 0.471165 -0.174866 -0.043427 6
37.4498 0.471086 -0.175062 -0.0431902 6
37.5715 0.470941 -0.174793 -0.0430418 6
37.6902 0.470989 -0.175015 -0.043833 6
37.7904 0.470847 -0.175101 -0.0442996 6
37.8822 0.471096 -0.175209 -0.0439971 6
37.9826 0.470854 -0.1752 -0.0435137 6
38.0696 0.470847 -0.175333 -0.0443556 6
38.1852 0.470807 -0.175009 -0.0433454 6
38.2752 0.47121 -0.174828 -0.0433254 6
38.3826 0.470885 -0.175322 -0.0441797 6
38.4941 0.47094 -0.175106 -0.0440861 6
38.5851 0.47123 -0.174901 -0.0444109 6
38.6939 0.471014 -0.175255 -0.0440587 6
38.7901 0.471 -0.174967 -0.0433347 6
38.9008 0.470642 -0.175105 -0.0440915 6
39.0055 0.47087 -0.175189 -0.0440552 6
39.1045 0.470983 -0.175119 -0.0436387 6
39.2109 0.471003 -0.175525 -0.0444046 6
39.3244 0.471165 -0.174787 -0.0433893 6
39.4358 0.470911 -0.174953 -0.0434958 6
