5.14984e-05 0.426704 0.152251 -0.0861524 0
0.0961406 0.426697 0.152292 -0.0863565 0
0.191394 0.426667 0.152116 -0.0859777 0
0.298626 0.426628 0.152213 -0.086173 0
0.407204 0.426734 0.152199 -0.0861281 0
0.50064 0.426582 0.152196 -0.0854212 0
0.603745 0.426659 0.152178 -0.0856179 0
0.697332 0.426642 0.152185 -0.0862592 0
0.802511 0.426716 0.152249 -0.0865586 0
0.886575 0.426703 0.152279 -0.0862947 0
1.00567 0.42661 0.152208 -0.0857325 0
1.10187 0.426654 0.15218 -0.0861011 0
1.21238 0.426707 0.152165 -0.0851086 0
1.30729 0.426726 0.152265 -0.0862709 0
1.41498 0.426672 0.152217 -0.085933 0
1.51533 0.426666 0.152179 -0.0853651 0
1.61382 0.426731 0.152328 -0.086529 0
1.71434 0.426686 0.15217 -0.0859064 0
1.81752 0.426699 0.152236 -0.0863401 0
1.91852 0.426689 0.152201 -0.0863734 0
2.04156 0.426626 0.152186 -0.0854338 0
2.12539 0.426571 0.152156 -0.0850706 0
2.22317 0.426657 0.15217 -0.0857506 0
2.32642 0.426692 0.15234 -0.0867147 0
2.43197 0.426661 0.152167 -0.0859337 0
2.52899 0.426652 0.152226 -0.0863214 0
2.62724 0.426706 0.152226 -0.0856007 0
2.7214 0.426844 0.152503 -0.0860754 0
2.81044 0.426939 0.152572 -0.0855514 0
2.91196 0.426977 0.152571 -0.0865235 0
3.01141 0.427043 0.152658 -0.0867125 0
3.10442 0.427045 0.152823 -0.0859341 0
3.21616 0.42714 0.15282 -0.0859267 0
3.3097 0.427399 0.153097 -0.0869887 0
3.41152 0.427501 0.153372 -0.0867847 0
3.50049 0.427445 0.153438 -0.085743 0
3.60604 0.427669 0.153799 -0.0861063 0
3.69083 0.427787 0.153874 -0.0849149 0
3.79173 0.427837 0.154096 -0.0853139 0
3.88655 0.427975 0.154283 -0.083749 0
4.0047 0.428158 0.154619 -0.0828119 0
4.07886 0.428148 0.154613 -0.0826404 0
4.17488 0.428278 0.154652 -0.0809511 0
4.28476 0.428458 0.154872 -0.0797962 0
4.37296 0.428743 0.155302 -0.0811477 0
4.47712 0.428583 0.155316 -0.0798741 0
4.58142 0.428714 0.155198 -0.0780678 0
4.68138 0.428663 0.155444 -0.0772124 0
4.79361 0.428823 0.155582 -0.0740795 0
4.88966 0.428566 0.155605 -0.0749629 0
4.98713 0.428518 0.155474 -0.0711036 0
5.08579 0.428535 0.155209 -0.0711754 0
5.18556 0.428245 0.155308 -0.0686347 0
5.27876 0.427921 0.155316 -0.0688253 0
5.36918 0.427922 0.155213 -0.066566 0
5.47746 0.428108 0.154987 -0.0658871 0
5.57175 0.42805 0.154654 -0.0639387 0
5.67959 0.428061 0.155051 -0.0640803 0
5.78637 0.427827 0.15488 -0.0616606 0
5.87882 0.427723 0.155063 -0.061668 0
5.97609 0.427759 0.155083 -0.0600023 0
6.06729 0.427604 0.154655 -0.0570166 0
6.17929 0.427288 0.155005 -0.0590656 0
6.2698 0.427319 0.154959 -0.0571883 0
6.36948 0.427236 0.154724 -0.0557887 0
6.47059 0.427245 0.154793 -0.0553387 0
6.56871 0.427185 0.154713 -0.0542704 0
6.6749 0.426951 0.154647 -0.0546156 0
6.76196 0.42667 0.154526 -0.0536043 0
6.87177 0.426592 0.154446 -0.0526117 0
6.96128 0.426561 0.154213 -0.0524368 1
7.06737 0.426446 0.154304 -0.0518917 1
7.15919 0.426269 0.154156 -0.0506242 1
7.27336 0.425967 0.154087 -0.052274 1
7.36648 0.42626 0.153999 -0.0492502 1
7.47368 0.426397 0.153923 -0.0493578 1
7.58907 0.426082 0.154006 -0.0502292 1
7.67462 0.426329 0.154028 -0.0498207 1
7.77247 0.427025 0.154067 -0.0493728 1
7.87054 0.427736 0.154004 -0.049483 1
7.97312 0.42892 0.154031 -0.0492421 1
8.06787 0.430264 0.154312 -0.0499195 1
8.17395 0.432279 0.154507 -0.0489748 1
8.26946 0.4343 0.154715 -0.048636 1
8.36373 0.43687 0.154889 -0.0475341 1
8.47354 0.439483 0.154956 -0.0472218 1
8.57011 0.443251 0.155209 -0.0456325 1
8.67327 0.445516 0.155679 -0.0460282 1
8.77307 0.449622 0.155908 -0.0452566 1
8.87204 0.452521 0.155957 -0.0449 1
8.97011 0.456515 0.155558 -0.0434046 1
9.07992 0.459899 0.155602 -0.042229 1
9.16931 0.465515 0.155879 -0.0403772 1
9.27377 0.468652 0.156518 -0.0427489 1
9.37779 0.473593 0.156869 -0.0446961 1
9.47986 0.479285 0.156356 -0.0402814 1
9.57152 0.483317 0.155996 -0.0421436 1
9.67787 0.489826 0.1568 -0.0373618 1
9.77185 0.494282 0.156436 -0.0383703 1
9.87528 0.498749 0.156662 -0.0405613 1
9.96458 0.503847 0.15624 -0.038525 1
10.0702 0.508528 0.155721 -0.0379066 1
10.1643 0.515888 0.155453 -0.0369635 1
10.2804 0.520735 0.155247 -0.0365481 1
10.3679 0.52548 0.155359 -0.0363907 1
10.4746 0.530316 0.155828 -0.0387022 1
10.5694 0.536243 0.155794 -0.0373734 1
10.6751 0.540301 0.15528 -0.0367259 1
10.7747 0.545783 0.154593 -0.0413148 1
10.8731 0.550861 0.154384 -0.0373065 1
10.9838 0.556345 0.153705 -0.0382647 1
11.0835 0.560058 0.153392 -0.0375448 1
11.1846 0.564906 0.152597 -0.0367802 1
11.302 0.56878 0.152162 -0.0375595 1
11.3797 0.573805 0.152545 -0.0382432 1
11.4806 0.57709 0.151649 -0.037024 1
11.5988 0.581573 0.151441 -0.0391994 1
11.689 0.584365 0.15091 -0.0379681 1
11.7886 0.587556 0.150759 -0.0379277 1
11.8846 0.589812 0.150516 -0.037622 1
11.9855 0.592498 0.149868 -0.0377036 1
12.0847 0.59473 0.14932 -0.0361274 1
12.1846 0.596002 0.149201 -0.0379276 2
12.2902 0.597403 0.149037 -0.0372676 2
12.3961 0.598163 0.148782 -0.0376211 2
12.492 0.598774 0.148943 -0.0387064 2
12.593 0.599126 0.148938 -0.0386843 2
12.7107 0.599371 0.148635 -0.037955 2
12.7957 0.599563 0.148754 -0.0389541 2
12.8873 0.599675 0.148412 -0.0382321 2
12.9984 0.599585 0.148076 -0.0384403 2
13.0955 0.599819 0.147597 -0.0383372 2
13.199 0.599852 0.146973 -0.0380193 2
13.2865 0.600004 0.14645 -0.0374832 2
13.39 0.600083 0.14563 -0.0384525 2
13.4856 0.600243 0.144626 -0.0380584 2
13.5899 0.600767 0.143458 -0.0376024 2
13.6872 0.601356 0.142138 -0.0379888 2
13.786 0.601626 0.141209 -0.0380224 2
13.8942 0.602163 0.139562 -0.0374428 2
13.9906 0.602401 0.137914 -0.0376652 2
14.0824 0.602677 0.136359 -0.037719 2
14.1806 0.603417 0.134789 -0.0373623 2
14.2886 0.603846 0.132713 -0.0379156 2
14.386 0.605126 0.130151 -0.0366205 2
14.4816 0.605297 0.128717 -0.0362914 2
14.5843 0.605756 0.126609 -0.0368662 2
14.6905 0.60616 0.124224 -0.0365314 2
14.7919 0.607306 0.121633 -0.0352643 2
14.8919 0.6079 0.118714 -0.0344273 2
15.0025 0.608248 0.116537 -0.0358554 2
15.0917 0.60848 0.114043 -0.0359021 2
15.1905 0.609215 0.111244 -0.0372219 2
15.287 0.610215 0.108607 -0.0355381 2
15.3954 0.611068 0.10458 -0.0359422 2
15.483 0.611584 0.102671 -0.0339435 2
15.5812 0.612101 0.0992539 -0.0364518 2
15.6837 0.613082 0.0957929 -0.0349784 2
15.7921 0.613409 0.0924394 -0.0362474 2
15.8898 0.614505 0.0889933 -0.0347729 2
15.9934 0.615655 0.0857151 -0.0338213 2
16.0965 0.615987 0.0818484 -0.0352913 2
16.1933 0.616214 0.0786355 -0.0353724 2
16.296 0.617622 0.0748297 -0.0336897 2
16.3955 0.617801 0.0715291 -0.0346349 2
16.5165 0.618215 0.0667582 -0.0343699 2
16.6032 0.618769 0.0630883 -0.0359114 2
16.6894 0.619066 0.0598662 -0.0351615 2
16.7912 0.619838 0.0557593 -0.0346344 2
16.8925 0.620276 0.0517182 -0.0345532 2
17.0059 0.620908 0.0468972 -0.0352225 2
17.1072 0.622143 0.0425619 -0.0314735 2
17.1943 0.622492 0.0385601 -0.0342331 2
17.2951 0.622598 0.0343353 -0.0326862 2
17.3958 0.623343 0.0303331 -0.034501 2
17.5034 0.623432 0.0265529 -0.0344472 2
17.5981 0.624495 0.0240223 -0.0352475 2
17.6983 0.624341 0.0164705 -0.0339534 2
17.7938 0.62467 0.0124973 -0.0337451 2
17.8929 0.625193 0.00906095 -0.0314836 2
17.997 0.625707 0.00440434 -0.0355193 2
18.0935 0.625779 -0.000911087 -0.0349839 2
18.1888 0.626738 -0.00488758 -0.0332151 2
18.2929 0.626687 -0.00944006 -0.0326424 2
18.3903 0.627031 -0.0145656 -0.0327357 2
18.4877 0.626826 -0.0185248 -0.032993 2
18.5885 0.627343 -0.0233103 -0.0338472 2
18.6855 0.626529 -0.0276548 -0.0335774 2
18.7863 0.627562 -0.0325798 -0.0338178 2
18.8903 0.627044 -0.0374256 -0.0335991 2
18.9978 0.627061 -0.0427107 -0.0345616 2
19.112 0.6269 -0.0476087 -0.0332327 2
19.2105 0.627239 -0.0523714 -0.0340167 2
19.3067 0.626896 -0.0566127 -0.0345774 2
19.407 0.626582 -0.0613913 -0.0356336 2
19.5144 0.626105 -0.0660806 -0.0346049 2
19.6262 0.626113 -0.0714803 -0.033177 2
19.7101 0.625456 -0.0765141 -0.0302289 2
19.8179 0.625658 -0.0804134 -0.0285676 2
19.9217 0.624648 -0.0846375 -0.0281646 2
20.0165 0.624191 -0.089592 -0.0274972 2
20.1244 0.623079 -0.0939904 -0.0265144 2
20.2206 0.622996 -0.0977868 -0.0257041 2
20.3085 0.622505 -0.101244 -0.025168 2
20.416 0.622089 -0.105975 -0.0247161 2
20.51 0.622039 -0.109598 -0.0236306 2
20.6137 0.620636 -0.114011 -0.0248627 2
20.7158 0.620538 -0.117886 -0.0241979 2
20.8199 0.619576 -0.121528 -0.0244112 2
20.9089 0.618426 -0.125441 -0.0255269 2
21.0281 0.617689 -0.13009 -0.0259835 2
21.1231 0.617091 -0.134381 -0.0244632 2
21.2211 0.616485 -0.137403 -0.0249163 2
21.3219 0.615424 -0.142056 -0.0255302 2
21.4212 0.614336 -0.145017 -0.0250342 2
21.5263 0.614042 -0.149325 -0.0258879 2
21.6262 0.613151 -0.152691 -0.0268198 2
21.7251 0.612017 -0.155989 -0.0266626 2
21.8186 0.610971 -0.159592 -0.0264564 2
21.9145 0.609903 -0.16271 -0.0267169 2
22.0143 0.609305 -0.165358 -0.0271928 2
22.1234 0.609144 -0.169344 -0.0260172 2
22.24 0.608502 -0.172253 -0.0268143 2
22.3484 0.607652 -0.175721 -0.0275224 2
22.447 0.607444 -0.178003 -0.0266864 2
22.5361 0.606839 -0.1814 -0.0282483 2
22.6458 0.606274 -0.184072 -0.0285863 2
22.7363 0.606136 -0.186342 -0.0281745 2
22.8255 0.605582 -0.188331 -0.0283058 2
22.9207 0.60534 -0.191234 -0.026809 2
23.0133 0.605282 -0.193111 -0.0262718 2
23.1247 0.605143 -0.195457 -0.0260631 2
23.229 0.603322 -0.197705 -0.0261786 2
23.3251 0.602352 -0.198556 -0.0263742 2
23.4201 0.601406 -0.200319 -0.0265785 2
23.5202 0.601237 -0.202395 -0.0268518 2
23.621 0.599819 -0.203804 -0.0252206 2
23.7237 0.600163 -0.205017 -0.0248688 2
23.8289 0.599777 -0.205822 -0.0257372 2
23.922 0.59927 -0.206958 -0.0256881 2
24.0208 0.598951 -0.208094 -0.0247536 3
24.1249 0.5993 -0.209171 -0.025231 3
24.2309 0.598645 -0.209774 -0.0244018 3
24.3353 0.598976 -0.209953 -0.025481 3
24.4293 0.598107 -0.210651 -0.0248838 3
24.5275 0.597714 -0.210992 -0.0262882 3
24.625 0.597721 -0.211026 -0.0257631 3
24.7402 0.597654 -0.21111 -0.0254287 3
24.8343 0.597117 -0.211024 -0.0254833 3
24.9486 0.597264 -0.210887 -0.0258766 3
25.0596 0.597416 -0.211069 -0.0259132 3
25.1441 0.59723 -0.210888 -0.0254513 3
25.227 0.597799 -0.211465 -0.0266578 3
25.331 0.596621 -0.210984 -0.0264536 3
25.4341 0.597418 -0.211045 -0.0249518 3
25.5228 0.596924 -0.211542 -0.0259883 3
25.6263 0.597166 -0.211746 -0.0254379 3
25.7245 0.597619 -0.212132 -0.0259448 3
25.819 0.59682 -0.212238 -0.0248374 3
25.9441 0.597376 -0.212299 -0.0250019 3
26.0436 0.597383 -0.212536 -0.0247441 3
26.1344 0.597629 -0.212679 -0.0232794 3
26.229 0.597789 -0.212732 -0.0235102 3
26.3175 0.597534 -0.212985 -0.0236153 3
26.4153 0.597654 -0.21296 -0.0223225 3
26.5154 0.597602 -0.213376 -0.0220589 3
26.6175 0.597499 -0.213304 -0.0222712 3
26.7296 0.597594 -0.21357 -0.0213654 3
26.8198 0.597302 -0.21369 -0.0205953 3
26.9218 0.596976 -0.213719 -0.0205682 3
27.0147 0.596861 -0.214029 -0.0195719 4
27.1192 0.597043 -0.213911 -0.0198246 4
27.2137 0.597599 -0.214189 -0.0186355 4
27.3321 0.597056 -0.214163 -0.0186324 4
27.4209 0.59664 -0.214387 -0.0169908 4
27.5198 0.596847 -0.21447 -0.0171875 4
27.6172 0.597081 -0.214418 -0.0176983 4
27.7167 0.596866 -0.21453 -0.0165287 4
27.8235 0.596979 -0.214709 -0.0177004 4
27.9193 0.596439 -0.214695 -0.0169907 4
28.0081 0.596491 -0.214444 -0.0164593 4
28.1083 0.596769 -0.213773 -0.0164776 4
28.1954 0.597094 -0.213475 -0.0174017 4
28.2971 0.595943 -0.21222 -0.0170945 4
28.4023 0.596631 -0.210854 -0.0179891 4
28.5154 0.596784 -0.209244 -0.0187342 4
28.6041 0.596726 -0.207395 -0.0181743 4
28.7031 0.596301 -0.205957 -0.0183273 4
28.796 0.596079 -0.20444 -0.0186258 4
28.8899 0.596832 -0.202221 -0.0190033 4
28.9964 0.597066 -0.199332 -0.0186489 4
29.0969 0.596739 -0.197115 -0.0195069 4
29.1968 0.597049 -0.194961 -0.0194985 4
29.2882 0.597631 -0.193273 -0.0192529 4
29.4024 0.597737 -0.19023 -0.0203672 4
29.5023 0.597195 -0.188672 -0.0215086 4
29.5954 0.597707 -0.187014 -0.0222942 4
29.6842 0.597501 -0.184774 -0.0227955 4
29.7708 0.597468 -0.183264 -0.0225665 4
29.8546 0.597164 -0.182094 -0.0235534 4
29.947 0.597773 -0.180858 -0.0246476 4
30.0438 0.597352 -0.17903 -0.0254854 4
30.1361 0.597462 -0.177567 -0.0258272 4
30.2382 0.597297 -0.176039 -0.0269305 4
30.3266 0.597327 -0.175168 -0.0275877 4
30.4357 0.596817 -0.174241 -0.0273634 4
30.5215 0.596763 -0.17413 -0.0284617 4
30.6325 0.597129 -0.173044 -0.0286648 5
30.7417 0.596881 -0.172273 -0.0284841 5
30.8549 0.596735 -0.172155 -0.0282692 5
30.9733 0.596994 -0.171949 -0.0287299 5
31.0702 0.597269 -0.174478 -0.0280776 5
31.193 0.597161 -0.176622 -0.0275222 5
31.2739 0.596974 -0.175918 -0.027044 5
31.372 0.596301 -0.175853 -0.027421 5
31.4767 0.596213 -0.175707 -0.0278896 5
31.5818 0.596635 -0.176185 -0.0278033 5
31.6776 0.596436 -0.176323 -0.0275582 5
31.8142 0.597758 -0.176342 -0.0267608 5
31.8982 0.597127 -0.175999 -0.0276643 5
32.0112 0.596884 -0.175969 -0.0284024 5
32.1095 0.597638 -0.176228 -0.027917 5
32.2068 0.598437 -0.176156 -0.0278731 5
32.3016 0.599112 -0.176323 -0.026783 5
32.3921 0.599549 -0.176011 -0.0277915 5
32.4814 0.599817 -0.176008 -0.0268938 5
32.5684 0.599683 -0.176305 -0.0275882 5
32.6694 0.600165 -0.175964 -0.0272717 5
32.7724 0.600205 -0.17606 -0.0275867 5
32.8908 0.599979 -0.175978 -0.0274322 5
32.9855 0.599257 -0.176571 -0.0274981 5
33.0776 0.599709 -0.176492 -0.0275726 5
33.1679 0.599812 -0.17627 -0.0274643 5
33.2585 0.598868 -0.17671 -0.0278736 5
33.3622 0.599063 -0.176425 -0.0274677 5
33.469 0.59909 -0.176461 -0.0276071 5
33.5996 0.599762 -0.17628 -0.0284375 5
33.6783 0.600006 -0.176791 -0.0279515 5
33.7948 0.600126 -0.176848 -0.0275499 5
33.8854 0.600305 -0.176538 -0.0278581 5
33.9765 0.600385 -0.176548 -0.0279591 5
34.0764 0.600683 -0.176647 -0.0280506 5
34.184 0.600851 -0.177082 -0.027639 5
34.2738 0.601365 -0.177021 -0.0275577 5
34.3882 0.601163 -0.176972 -0.0277045 5
34.5293 0.602102 -0.177245 -0.0275378 5
34.6217 0.602078 -0.177106 -0.0275063 5
34.7132 0.603093 -0.176639 -0.0272516 5
34.8473 0.601887 -0.176945 -0.0284179 5
34.9559 0.602134 -0.176643 -0.0280313 5
35.056 0.602048 -0.176583 -0.028691 5
35.1591 0.603042 -0.176668 -0.0285332 5
35.2535 0.603212 -0.177361 -0.0282121 5
35.3619 0.603078 -0.176971 -0.029091 5
35.4478 0.602877 -0.177258 -0.029229 5
35.554 0.603716 -0.177122 -0.0288101 5
35.6331 0.603381 -0.177032 -0.0282976 6
35.735 0.60333 -0.17689 -0.028927 6
35.838 0.603198 -0.176793 -0.0291831 6
35.9274 0.603381 -0.177108 -0.028624 6
36.0402 0.603423 -0.176787 -0.0285504 6
36.1439 0.603421 -0.176953 -0.0284073 6
36.2543 0.603325 -0.17699 -0.0288405 6
36.346 0.602931 -0.17715 -0.0294749 6
36.4376 0.603309 -0.176692 -0.028338 6
36.5401 0.603541 -0.176775 -0.0285147 6
36.67 0.603491 -0.176786 -0.0278502 6
36.7519 0.603192 -0.177094 -0.0288294 6
36.8755 0.603375 -0.176768 -0.0288494 6
36.97 0.603013 -0.177127 -0.0297804 6
37.0738 0.603281 -0.176816 -0.0287427 6
37.2069 0.603242 -0.176892 -0.0287246 6
37.3259 0.603119 -0.176787 -0.0289624 6
37.4498 0.603052 -0.176992 -0.0289326 6
37.5715 0.603442 -0.176908 -0.0283803 6
37.6902 0.60325 -0.176751 -0.0287579 6
37.7904 0.603199 -0.176944 -0.0289204 6
37.8822 0.603418 -0.176699 -0.0280245 6
37.9826 0.603263 -0.176849 -0.0287184 6
38.0696 0.603028 -0.177012 -0.029539 6
38.1852 0.603542 -0.176825 -0.0286104 6
38.2752 0.603139 -0.176861 -0.0288703 6
38.3826 0.603142 -0.176854 -0.0291672 6
38.4941 0.603455 -0.176872 -0.0288273 6
38.5851 0.602672 -0.177089 -0.0292571 6
38.6939 0.603186 -0.177103 -0.0290501 6
38.7901 0.603562 -0.176838 -0.028468 6
38.9008 0.603073 -0.176839 -0.0287644 6
39.0055 0.603042 -0.176609 -0.0286835 6
39.1045 0.602996 -0.17663 -0.0280075 6
39.2109 0.603226 -0.176612 -0.0288413 6
39.3244 0.603736 -0.176854 -0.0286091 6
39.4358 0.603222 -0.176812 -0.0288078 6
