5.14984e-05 0.362142 0.0600277 0.165761 0 0
0.0961406 0.362141 0.0600301 0.165745 0 0
0.191394 0.362115 0.0600118 0.165713 0 0
0.298626 0.362121 0.0600012 0.165738 0 0
0.407204 0.362137 0.0600158 0.16575 0 0
0.50064 0.362121 0.0600257 0.165743 0 0
0.603745 0.36212 0.0600177 0.165721 0 0
0.697332 0.362113 0.0600283 0.165713 0 0
0.802511 0.362125 0.0600171 0.165747 0 0
0.886575 0.362126 0.0600385 0.165745 0 0
1.00567 0.362125 0.060017 0.16574 0 0
1.10187 0.362127 0.0600075 0.165737 0 0
1.21238 0.362136 0.0600245 0.16575 0 0
1.30729 0.362132 0.0600347 0.165743 0 0
1.41498 0.36213 0.060015 0.16574 0 0
1.51533 0.362127 0.0600158 0.165743 0 0
1.61382 0.36212 0.0600227 0.165747 0 0
1.71434 0.362115 0.0600143 0.165736 0 0
1.81752 0.362127 0.0600355 0.165746 0 0
1.91852 0.36212 0.0600191 0.165736 0 0
2.04156 0.362137 0.0600147 0.165743 0 0
2.12539 0.362112 0.0600115 0.165734 0 0
2.22317 0.362133 0.0600246 0.165731 0 0
2.32642 0.362139 0.0600088 0.165753 0 0
2.43197 0.362116 0.0600125 0.165736 0 0
2.52899 0.362119 0.0599975 0.165725 0 0
2.62724 0.362161 0.060052 0.16589 0 0
2.7214 0.362184 0.060042 0.166218 0 0
2.81044 0.362241 0.0600718 0.166619 0 0
2.91196 0.362309 0.0601038 0.16721 0 0
3.01141 0.36237 0.0601151 0.16785 0 0
3.10442 0.362473 0.0601525 0.168633 0 0
3.21616 0.362563 0.0601919 0.169628 0 0
3.3097 0.362691 0.0602286 0.170535 0 0
3.41152 0.362809 0.0602765 0.171712 0 0
3.50049 0.362917 0.0602973 0.172767 0 0
3.60604 0.363063 0.0603475 0.174248 0 0
3.69083 0.363178 0.0603971 0.175351 0 0
3.79173 0.363312 0.0604293 0.176853 0 0
3.88655 0.363431 0.060446 0.178342 0 0
4.0047 0.363565 0.0605007 0.180142 0 0
4.07886 0.363641 0.0605177 0.181304 0 0
4.17488 0.363775 0.0605543 0.182943 0 0
4.28476 0.363873 0.0605739 0.184915 0 0
4.37296 0.364019 0.0606047 0.186584 0 0
4.47712 0.364115 0.0606178 0.18848 0 0
4.58142 0.364205 0.0606202 0.190455 0 0
4.68138 0.364241 0.0606074 0.192459 0 0
4.79361 0.364349 0.0606316 0.194654 0 0
4.88966 0.36438 0.0606131 0.196486 0 0
4.98713 0.36441 0.0606063 0.198387 0 0
5.08579 0.364396 0.0605777 0.200236 0 0
5.18556 0.364424 0.0605523 0.202296 0 0
5.27876 0.364427 0.0605131 0.20418 0 0
5.36918 0.364413 0.0604841 0.205899 0 0
5.47746 0.36438 0.0604147 0.207863 0 0
5.57175 0.36435 0.0603757 0.209701 0 0
5.67959 0.364306 0.0603213 0.211802 0 0
5.78637 0.36426 0.0602744 0.213675 0 0
5.87882 0.364192 0.0601955 0.215346 0 0
5.97609 0.364112 0.0601467 0.216978 0 0
6.06729 0.364025 0.0600875 0.218431 0 0
6.17929 0.363926 0.0600057 0.220176 0 0
6.2698 0.363866 0.0599418 0.221615 0 0
6.36948 0.363764 0.0598847 0.222953 0 0
6.47059 0.363661 0.0597911 0.224365 0 0
6.56871 0.363592 0.0597253 0.22556 0 0
6.6749 0.363505 0.0596659 0.226701 0 0
6.76196 0.363446 0.0596099 0.227609 0 0
6.87177 0.36335 0.0595769 0.228626 0 0
6.96128 0.363308 0.0595275 0.229304 0 1
7.06737 0.363256 0.0594642 0.229983 0 1
7.15919 0.363204 0.0594572 0.230445 0 1
7.27336 0.36316 0.0594296 0.230778 0 1
7.36648 0.363145 0.0594133 0.230981 0 1
7.47368 0.363132 0.0594038 0.231069 0 1
7.58907 0.363141 0.0594164 0.231061 0 1
7.67462 0.363346 0.059417 0.231158 0 1
7.77247 0.364013 0.0595227 0.23135 0 1
7.87054 0.365136 0.0596557 0.231604 0 1
7.97312 0.366455 0.0598315 0.231808 0 1
8.06787 0.368055 0.0600698 0.232162 0 1
8.17395 0.370161 0.0603691 0.232553 0 1
8.26946 0.372421 0.0606413 0.233108 0 1
8.36373 0.374954 0.0609076 0.233597 0 1
8.47354 0.378207 0.0613057 0.234238 0 1
8.57011 0.381225 0.0616666 0.234741 0 1
8.67327 0.384755 0.06209 0.235369 0 1
8.77307 0.388324 0.0623796 0.236014 0 1
8.87204 0.392377 0.0627891 0.236589 0 1
8.97011 0.39625 0.0631693 0.237081 0 1
9.07992 0.400685 0.0635206 0.237731 0 1
9.16931 0.404945 0.0637887 0.238173 0 1
9.27377 0.409329 0.0641142 0.23862 0 1
9.37779 0.414719 0.0644851 0.239288 0 1
9.47986 0.419778 0.0646913 0.239582 0 1
9.57152 0.424124 0.0648746 0.239966 0 1
9.67787 0.42947 0.0650551 0.240282 0 1
9.77185 0.434369 0.0651283 0.240416 0 1
9.87528 0.439798 0.0652904 0.24074 0 1
9.96458 0.444384 0.0653063 0.240716 0 1
10.0702 0.44985 0.0652765 0.240825 0 1
10.1643 0.45491 0.0653322 0.240812 0 1
10.2804 0.4612 0.0650962 0.24065 0 1
10.3679 0.46542 0.0649842 0.240577 0 1
10.4746 0.471223 0.0648246 0.240293 0 1
10.5694 0.476099 0.0645341 0.240153 0 1
10.6751 0.481385 0.0643014 0.23979 0 1
10.7747 0.486394 0.0639933 0.239311 0 1
10.8731 0.491016 0.0635893 0.238959 0 1
10.9838 0.496231 0.063234 0.23834 0 1
11.0835 0.50049 0.062829 0.23787 0 1
11.1846 0.504992 0.0623825 0.237422 0 1
11.302 0.509549 0.0619192 0.236697 0 1
11.3797 0.512645 0.0616102 0.236285 0 1
11.4806 0.516455 0.0610771 0.235748 0 1
11.5988 0.520595 0.0606075 0.235109 0 1
11.689 0.523314 0.0602394 0.234555 0 1
11.7886 0.526045 0.059918 0.234102 0 1
11.8846 0.528521 0.0595322 0.233719 0 1
11.9855 0.5309 0.0591384 0.233258 0 1
12.0847 0.532885 0.0588421 0.232855 0 1
12.1846 0.534409 0.0586491 0.232514 0 2
12.2902 0.535675 0.0584592 0.232282 0 2
12.3961 0.536504 0.0583111 0.232062 0 2
12.492 0.536896 0.0583069 0.232038 0 2
12.593 0.536947 0.058282 0.232037 0 2
12.7107 0.536946 0.0582518 0.232036 0 2
12.7957 0.536948 0.0582411 0.232011 0 2
12.8873 0.537004 0.0580086 0.232006 0 2
12.9984 0.537201 0.0575598 0.23205 0 2
13.0955 0.537353 0.0571148 0.232053 0 2
13.199 0.537574 0.0564877 0.232067 0 2
13.2865 0.537812 0.0558315 0.232077 0 2
13.39 0.538104 0.0549594 0.232142 0 2
13.4856 0.538395 0.0540522 0.23213 0 2
13.5899 0.53877 0.052971 0.232129 0 2
13.6872 0.539197 0.0517589 0.232204 0 2
13.786 0.539625 0.0505514 0.232217 0 2
13.8942 0.540126 0.0489943 0.232211 0 2
13.9906 0.540643 0.0473967 0.232239 0 2
14.0824 0.541115 0.0459171 0.232243 0 2
14.1806 0.541637 0.0443262 0.232247 0 2
14.2886 0.542308 0.0421824 0.232325 0 2
14.386 0.542909 0.0402644 0.232361 0 2
14.4816 0.543527 0.0383092 0.232423 0 2
14.5843 0.544231 0.0360726 0.232486 0 2
14.6905 0.544916 0.0336727 0.23248 0 2
14.7919 0.545611 0.0313328 0.23251 0 2
14.8919 0.546317 0.0288597 0.232556 0 2
15.0025 0.54712 0.0260205 0.232629 0 2
15.0917 0.547742 0.0237384 0.232626 0 2
15.1905 0.548453 0.0210546 0.232643 0 2
15.287 0.549283 0.0181747 0.232721 0 2
15.3954 0.550045 0.0151 0.232737 0 2
15.483 0.550733 0.0124841 0.232766 0 2
15.5812 0.55152 0.00924934 0.232827 0 2
15.6837 0.552263 0.0062405 0.232916 0 2
15.7921 0.55309 0.0025798 0.232872 0 2
15.8898 0.553849 -0.000556696 0.232982 0 2
15.9934 0.5546 -0.00411964 0.23304 0 2
16.0965 0.555373 -0.0076555 0.233017 0 2
16.1933 0.55608 -0.0111193 0.233114 0 2
16.296 0.556831 -0.0147798 0.233184 0 2
16.3955 0.557521 -0.0184183 0.233213 0 2
16.5165 0.558335 -0.0229113 0.233276 0 2
16.6032 0.558914 -0.0262971 0.233264 0 2
16.6894 0.559507 -0.0296344 0.233324 0 2
16.7912 0.560131 -0.0334536 0.233318 0 2
16.8925 0.560772 -0.0376245 0.233372 0 2
17.0059 0.561446 -0.0420774 0.233408 0 2
17.1072 0.562037 -0.0464242 0.233472 0 2
17.1943 0.562518 -0.0500196 0.233498 0 2
17.2951 0.563038 -0.0543911 0.233465 0 2
17.3958 0.563547 -0.0584606 0.233545 0 2
17.5034 0.563878 -0.0618222 0.233626 0 2
17.5981 0.564197 -0.0645909 0.233608 0 2
17.6983 0.564915 -0.0723049 0.233673 0 2
17.7938 0.565274 -0.0765672 0.233623 0 2
17.8929 0.565484 -0.0796673 0.233727 0 2
17.997 0.565807 -0.0843433 0.233755 0 2
18.0935 0.566074 -0.0891884 0.233755 0 2
18.1888 0.566264 -0.0934361 0.233781 0 2
18.2929 0.566507 -0.0978518 0.233779 0 2
18.3903 0.56668 -0.102358 0.233825 0 2
18.4877 0.5668 -0.107206 0.23384 0 2
18.5885 0.566897 -0.111461 0.233883 0 2
18.6855 0.566898 -0.115877 0.233842 0 2
18.7863 0.566934 -0.120677 0.233916 0 2
18.8903 0.56692 -0.125363 0.233836 0 2
18.9978 0.566816 -0.130257 0.233862 0 2
19.112 0.56668 -0.135775 0.233859 0 2
19.2105 0.56657 -0.140076 0.23391 0 2
19.3067 0.56638 -0.144551 0.233911 0 2
19.407 0.566154 -0.148961 0.233891 0 2
19.5144 0.565893 -0.153628 0.233905 0 2
19.6262 0.565528 -0.158823 0.233899 0 2
19.7101 0.56527 -0.1628 0.233967 0 2
19.8179 0.564913 -0.167438 0.233981 0 2
19.9217 0.56447 -0.172115 0.233937 0 2
20.0165 0.563995 -0.176674 0.233865 0 2
20.1244 0.563538 -0.181314 0.233916 0 2
20.2206 0.563045 -0.185546 0.233884 0 2
20.3085 0.562654 -0.188964 0.233825 0 2
20.416 0.562007 -0.193866 0.233863 0 2
20.51 0.561512 -0.19749 0.233808 0 2
20.6137 0.560816 -0.202321 0.23381 0 2
20.7158 0.560246 -0.206292 0.23382 0 2
20.8199 0.55958 -0.210509 0.233815 0 2
20.9089 0.558933 -0.214174 0.233793 0 2
21.0281 0.55815 -0.218906 0.233782 0 2
21.1231 0.557433 -0.222768 0.233784 0 2
21.2211 0.556752 -0.226391 0.233789 0 2
21.3219 0.555933 -0.230459 0.233726 0 2
21.4212 0.555193 -0.234031 0.233694 0 2
21.5263 0.554379 -0.23788 0.233677 0 2
21.6262 0.553572 -0.241561 0.23361 0 2
21.7251 0.552873 -0.244984 0.233618 0 2
21.8186 0.552107 -0.24825 0.233575 0 2
21.9145 0.551308 -0.251574 0.233597 0 2
22.0143 0.550529 -0.254858 0.233571 0 2
22.1234 0.549657 -0.258258 0.2335 0 2
22.24 0.548759 -0.261894 0.233523 0 2
22.3484 0.54788 -0.265345 0.233514 0 2
22.447 0.547187 -0.268 0.233446 0 2
22.5361 0.546481 -0.270523 0.233415 0 2
22.6458 0.545694 -0.273322 0.233384 0 2
22.7363 0.54511 -0.275489 0.233364 0 2
22.8255 0.544399 -0.277928 0.233381 0 2
22.9207 0.543709 -0.280254 0.233336 0 2
23.0133 0.543088 -0.28236 0.233345 0 2
23.1247 0.542387 -0.284684 0.233361 0 2
23.229 0.541711 -0.286887 0.233319 0 2
23.3251 0.5412 -0.28864 0.233261 0 2
23.4201 0.540659 -0.290356 0.233273 0 2
23.5202 0.540051 -0.292204 0.233251 0 2
23.621 0.53953 -0.293821 0.233262 0 2
23.7237 0.539131 -0.295169 0.233259 0 2
23.8289 0.538707 -0.296454 0.233235 0 2
23.922 0.538327 -0.297615 0.233231 0 2
24.0208 0.537953 -0.298711 0.233179 0 3
24.1249 0.537647 -0.299602 0.233169 0 3
24.2309 0.537398 -0.300398 0.233197 0 3
24.3353 0.537195 -0.300991 0.23319 0 3
24.4293 0.53707 -0.301397 0.233141 0 3
24.5275 0.536986 -0.301685 0.233142 0 3
24.625 0.53694 -0.301846 0.233146 0 3
24.7402 0.536958 -0.301861 0.233157 0 3
24.8343 0.536937 -0.301874 0.233157 0 3
24.9486 0.536979 -0.301891 0.233236 0 3
25.0596 0.536998 -0.301896 0.233524 0 3
25.1441 0.537027 -0.301911 0.23383 0 3
25.227 0.537007 -0.301986 0.23421 0 3
25.331 0.537029 -0.302035 0.234717 0 3
25.4341 0.537039 -0.302106 0.235296 0 3
25.5228 0.537019 -0.302188 0.235888 0 3
25.6263 0.537018 -0.302276 0.236592 0 3
25.7245 0.537035 -0.302331 0.237249 0 3
25.819 0.53702 -0.302435 0.238058 0 3
25.9441 0.537035 -0.302537 0.239109 0 3
26.0436 0.537024 -0.302629 0.239928 0 3
26.1344 0.537019 -0.302695 0.240746 0 3
26.229 0.537041 -0.302795 0.241664 0 3
26.3175 0.537043 -0.302865 0.242425 0 3
26.4153 0.537055 -0.302973 0.24331 0 3
26.5154 0.537039 -0.303045 0.244158 0 3
26.6175 0.537032 -0.303148 0.245089 0 3
26.7296 0.537032 -0.303244 0.245944 0 3
26.8198 0.537021 -0.303299 0.246687 0 3
26.9218 0.537006 -0.303378 0.247491 0 3
27.0147 0.536988 -0.303438 0.248118 0 4
27.1192 0.536989 -0.303509 0.248838 0 4
27.2137 0.536991 -0.303563 0.249401 0 4
27.3321 0.536996 -0.303623 0.25002 0 4
27.4209 0.536961 -0.303682 0.250425 0 4
27.5198 0.536934 -0.303714 0.25072 0 4
27.6172 0.536949 -0.303715 0.250989 0 4
27.7167 0.536941 -0.303715 0.251044 0 4
27.8235 0.536892 -0.303773 0.251084 0 4
27.9193 0.536931 -0.303743 0.251096 0 4
28.0081 0.536891 -0.303644 0.251103 0 4
28.1083 0.536904 -0.303137 0.250969 0 4
28.1954 0.536922 -0.302429 0.250753 0 4
28.2971 0.536975 -0.301345 0.250494 0 4
28.4023 0.537045 -0.300109 0.250214 0 4
28.5154 0.537125 -0.298597 0.249902 0 4
28.6041 0.537194 -0.297108 0.249567 0 4
28.7031 0.537262 -0.295475 0.249154 0 4
28.796 0.537289 -0.293816 0.248729 0 4
28.8899 0.537358 -0.292002 0.248365 0 4
28.9964 0.537436 -0.289871 0.247942 0 4
29.0969 0.537467 -0.287687 0.247431 0 4
29.1968 0.537466 -0.285954 0.246973 0 4
29.2882 0.537508 -0.283878 0.246506 0 4
29.4024 0.537539 -0.281362 0.245868 0 4
29.5023 0.537489 -0.279172 0.245313 0 4
29.5954 0.537484 -0.277366 0.244912 0 4
29.6842 0.537513 -0.275321 0.244522 0 4
29.7708 0.537481 -0.273627 0.244119 0 4
29.8546 0.537448 -0.271978 0.243759 0 4
29.947 0.537425 -0.270388 0.243393 0 4
30.0438 0.537392 -0.26867 0.242982 0 4
30.1361 0.53734 -0.267037 0.242553 0 4
30.2382 0.537287 -0.265467 0.242155 0 4
30.3266 0.537249 -0.264329 0.241905 0 4
30.4357 0.537192 -0.263089 0.241589 0 4
30.5215 0.537145 -0.262333 0.241386 0 4
30.6325 0.537126 -0.261475 0.241173 0 5
30.7417 0.537109 -0.260985 0.241098 0 5
30.8549 0.53711 -0.260776 0.241068 0 5
30.9733 0.537115 -0.260789 0.241087 0 5
31.0702 0.537312 -0.262695 0.241568 0 5
31.193 0.537373 -0.264518 0.241989 0 5
31.2739 0.537216 -0.264053 0.242073 0 5
31.372 0.537219 -0.26414 0.242048 0 5
31.4767 0.537346 -0.26413 0.241847 0 5
31.5818 0.537347 -0.264117 0.241787 0 5
31.6776 0.538015 -0.264292 0.241961 0 5
31.8142 0.538386 -0.264375 0.242048 0 5
31.8982 0.539037 -0.264108 0.241869 0 5
32.0112 0.538984 -0.264118 0.241913 0 5
32.1095 0.539398 -0.264182 0.241816 0 5
32.2068 0.5395 -0.264215 0.241894 0 5
32.3016 0.540044 -0.264302 0.242319 0 5
32.3921 0.540183 -0.264316 0.242449 0 5
32.4814 0.540001 -0.264212 0.241933 0 5
32.5684 0.539913 -0.264268 0.241771 0 5
32.6694 0.539892 -0.26424 0.241786 0 5
32.7724 0.539594 -0.264289 0.241271 0 5
32.8908 0.539547 -0.264349 0.241226 0 5
32.9855 0.539393 -0.264414 0.241071 0 5
33.0776 0.539403 -0.264421 0.241026 0 5
33.1679 0.539447 -0.264593 0.240795 0 5
33.2585 0.539446 -0.264674 0.240663 0 5
33.3622 0.539491 -0.264745 0.240589 0 5
33.469 0.539734 -0.264764 0.240272 0 5
33.5996 0.539854 -0.264777 0.240222 0 5
33.6783 0.540686 -0.264932 0.239745 0 5
33.7948 0.5407 -0.264941 0.239769 0 5
33.8854 0.541283 -0.265147 0.240044 0 5
33.9765 0.541273 -0.265183 0.240059 0 5
34.0764 0.541682 -0.265299 0.239887 0 5
34.184 0.542164 -0.265345 0.239555 0 5
34.2738 0.542478 -0.265459 0.23952 0 5
34.3882 0.542635 -0.265454 0.23943 0 5
34.5293 0.543077 -0.265458 0.238737 0 5
34.6217 0.543051 -0.265497 0.238715 0 5
34.7132 0.543169 -0.265476 0.23846 0 5
34.8473 0.543551 -0.265299 0.237583 0 5
34.9559 0.543438 -0.26543 0.237514 0 5
35.056 0.543285 -0.265579 0.237285 0 5
35.1591 0.543347 -0.26557 0.237251 0 5
35.2535 0.544082 -0.26578 0.236686 0 5
35.3619 0.544053 -0.265758 0.236732 0 5
35.4478 0.543816 -0.265862 0.236712 0 5
35.554 0.543846 -0.265885 0.236735 0 5
35.6331 0.544004 -0.265825 0.236843 0 6
35.735 0.544003 -0.265833 0.236815 0 6
35.838 0.543937 -0.265807 0.23679 0 6
35.9274 0.543716 -0.265838 0.23666 0 6
36.0402 0.543725 -0.265822 0.236659 0 6
36.1439 0.543637 -0.265854 0.236607 0 6
36.2543 0.543629 -0.26585 0.236581 0 6
36.346 0.543581 -0.265855 0.23654 0 6
36.4376 0.543569 -0.265882 0.236564 0 6
36.5401 0.543527 -0.26588 0.236532 0 6
36.67 0.543527 -0.265872 0.236566 0 6
36.7519 0.543499 -0.265912 0.236571 0 6
36.8755 0.543492 -0.26589 0.236592 0 6
36.97 0.543488 -0.265896 0.236539 0 6
37.0738 0.543457 -0.265893 0.236538 0 6
37.2069 0.543477 -0.265898 0.236553 0 6
37.3259 0.543481 -0.265893 0.236545 0 6
37.4498 0.543456 -0.265923 0.236529 0 6
37.5715 0.543468 -0.265911 0.236548 0 6
37.6902 0.543458 -0.265905 0.23657 0 6
37.7904 0.543462 -0.265902 0.236563 0 6
37.8822 0.543448 -0.26595 0.236565 0 6
37.9826 0.543445 -0.265944 0.236558 0 6
38.0696 0.543451 -0.265917 0.236536 0 6
38.1852 0.543459 -0.265915 0.236537 0 6
38.2752 0.543451 -0.265913 0.236553 0 6
38.3826 0.543466 -0.265917 0.236518 0 6
38.4941 0.54346 -0.26593 0.236571 0 6
38.5851 0.543456 -0.265894 0.236535 0 6
38.6939 0.543447 -0.26593 0.236562 0 6
38.7901 0.54345 -0.265928 0.236554 0 6
38.9008 0.543464 -0.265918 0.236548 0 6
39.0055 0.543463 -0.265915 0.236564 0 6
39.1045 0.54344 -0.26593 0.236539 0 6
39.2109 0.543463 -0.265901 0.23655 0 6
39.3244 0.543435 -0.265931 0.236531 0 6
39.4358 0.543453 -0.265919 0.236563 0 6
