30.5215 30.5215 0 0 5
30.6325 30.5215 0 0.111 5
30.7417 30.5215 0.111 0.220175 5
30.8549 30.5215 0.220175 0.333392 5
30.9733 30.5215 0.333392 0.451755 5
31.0702 30.5215 0.451755 0.548647 5
31.193 30.5215 0.548647 0.67145 5
31.2739 30.5215 0.67145 0.752378 5
31.372 30.5215 0.752378 0.850444 5
31.4767 30.5215 0.850444 0.955171 5
31.5818 30.5215 0.955171 1.06021 5
31.6776 30.5215 1.06021 1.1561 5
31.8142 30.5215 1.1561 1.29266 5
31.8982 30.5215 1.29266 1.3766 5
32.0112 30.5215 1.3766 1.4897 5
32.1095 30.5215 1.4897 1.58799 5
32.2068 30.5215 1.58799 1.68523 5
32.3016 30.5215 1.68523 1.78004 5
32.3921 30.5215 1.78004 1.87053 5
32.4814 30.5215 1.87053 1.95986 5
32.5684 30.5215 1.95986 2.0469 5
32.6694 30.5215 2.0469 2.14787 5
32.7724 30.5215 2.14787 2.25084 5
32.8908 30.5215 2.25084 2.36926 5
32.9855 30.5215 2.36926 2.46399 5
33.0776 30.5215 2.46399 2.55601 5
33.1679 30.5215 2.55601 2.64632 5
33.2585 30.5215 2.64632 2.73691 5
33.3622 30.5215 2.73691 2.84061 5
33.469 30.5215 2.84061 2.94743 5
33.5996 30.5215 2.94743 3.07807 5
33.6783 30.5215 3.07807 3.15671 5
33.7948 30.5215 3.15671 3.27324 5
33.8854 30.5215 3.27324 3.36381 5
33.9765 30.5215 3.36381 3.45493 5
34.0764 30.5215 3.45493 3.55484 5
34.184 30.5215 3.55484 3.66245 5
34.2738 30.5215 3.66245 3.75229 5
34.3882 30.5215 3.75229 3.86661 5
34.5293 30.5215 3.86661 4.00774 5
34.6217 30.5215 4.00774 4.1001 5
34.7132 30.5215 4.1001 4.19166 5
34.8473 30.5215 4.19166 4.3258 5
34.9559 30.5215 4.3258 4.43434 5
35.056 30.5215 4.43434 4.53448 5
35.1591 30.5215 4.53448 4.63757 5
35.2535 30.5215 4.63757 4.73195 5
35.3619 30.5215 4.73195 4.8404 5
35.4478 30.5215 4.8404 4.92629 5
35.554 30.5215 4.92629 5.03248 5
