7.03335e-05 0.38967 0.152336 -0.0855999 0
0.0894992 0.389619 0.152415 -0.0858423 0
0.186642 0.389751 0.15242 -0.085839 0
0.298697 0.389317 0.152481 -0.0865495 0
0.404278 0.389446 0.152428 -0.08708 0
0.509885 0.389527 0.152478 -0.0866182 0
0.59994 0.389359 0.152497 -0.0867352 0
0.702706 0.38971 0.152478 -0.08589 0
0.802687 0.389501 0.152508 -0.0864601 0
0.90344 0.389516 0.152448 -0.086582 0
1.00464 0.389656 0.152473 -0.085588 0
1.11564 0.389525 0.152392 -0.0858638 0
1.20903 0.388516 0.152491 -0.0872055 0
1.32264 0.389513 0.152462 -0.0866279 0
1.41278 0.389641 0.152295 -0.0852343 0
1.51727 0.389603 0.152363 -0.0857007 0
1.60814 0.388739 0.152486 -0.0866098 0
1.73289 0.389634 0.152384 -0.0856462 0
1.83875 0.389497 0.152447 -0.0863076 0
1.93747 0.389649 0.152366 -0.0858288 0
2.06245 0.38945 0.152453 -0.0866041 0
2.14257 0.389617 0.152343 -0.0853457 0
2.23575 0.389639 0.152348 -0.0858628 0
2.33966 0.389336 0.152437 -0.0866607 0
2.43776 0.389457 0.152396 -0.0862632 0
2.54843 0.389422 0.152551 -0.0866241 0
2.6456 0.389487 0.152471 -0.0861025 0
2.74424 0.38953 0.152257 -0.0853009 0
2.84597 0.389436 0.152524 -0.0869064 0
2.95034 0.389696 0.152791 -0.0858625 0
3.0518 0.389694 0.152839 -0.0864654 0
3.15519 0.38991 0.152881 -0.0855834 0
3.24742 0.389578 0.152843 -0.086485 0
3.34869 0.389809 0.153119 -0.0856201 0
3.45029 0.388026 0.153559 -0.0871018 0
3.54805 0.388479 0.153663 -0.0856964 0
3.64498 0.389415 0.153814 -0.0842793 0
3.74181 0.388508 0.154204 -0.0855792 0
3.8445 0.388649 0.15451 -0.0855991 0
3.95215 0.388984 0.154654 -0.0842323 0
4.04322 0.388243 0.15469 -0.0842896 0
4.14578 0.389543 0.154896 -0.0826913 0
4.24375 0.390633 0.155266 -0.0820197 0
4.34814 0.388198 0.155796 -0.0833062 0
4.44826 0.38805 0.155511 -0.0806383 0
4.55068 0.388879 0.156002 -0.0823153 0
4.64717 0.389029 0.15632 -0.0816818 0
4.75116 0.388107 0.156587 -0.0807713 0
4.84385 0.388414 0.156613 -0.0794847 0
4.95035 0.388166 0.157004 -0.0782145 0
5.05676 0.388293 0.156916 -0.0782203 0
5.14989 0.387506 0.156802 -0.0760408 0
5.24908 0.388291 0.156579 -0.073291 0
5.34957 0.383858 0.15729 -0.077683 0
5.44485 0.386937 0.157428 -0.0739412 0
5.54579 0.386987 0.157411 -0.0724828 0
5.64024 0.387536 0.157478 -0.0720273 0
5.73939 0.388055 0.157337 -0.0689808 0
5.84256 0.38816 0.157105 -0.067965 0
5.95019 0.387609 0.157409 -0.068306 0
6.03627 0.388734 0.157308 -0.065869 0
6.12544 0.389252 0.157025 -0.0625054 0
6.22996 0.389546 0.157498 -0.062423 0
6.31876 0.388952 0.157371 -0.0603922 0
6.42173 0.38842 0.157722 -0.0606374 0
6.51141 0.387774 0.157478 -0.0594564 0
6.60888 0.389437 0.157092 -0.0575514 0
6.70563 0.388911 0.157169 -0.0562558 0
6.80949 0.389314 0.157112 -0.0554758 0
6.90755 0.388828 0.157485 -0.0554689 0
7.00177 0.389417 0.157491 -0.0542043 1
7.09944 0.389448 0.157369 -0.0536445 1
7.19798 0.390064 0.15754 -0.0512694 1
7.31565 0.390277 0.157208 -0.0507262 1
7.41893 0.389412 0.156922 -0.0502026 1
7.53227 0.389127 0.157284 -0.0517685 1
7.64029 0.389222 0.156919 -0.0503722 1
7.75077 0.389359 0.157181 -0.0500216 1
7.85971 0.389569 0.157268 -0.050152 1
7.96241 0.38991 0.157051 -0.0487491 1
8.04748 0.389806 0.156994 -0.0500232 1
8.14858 0.391235 0.15676 -0.0479934 1
8.23292 0.391553 0.156977 -0.0485097 1
8.33888 0.392469 0.157095 -0.0484934 1
8.43397 0.392917 0.157159 -0.0490834 1
8.53546 0.394073 0.157392 -0.0500029 1
8.63097 0.395237 0.15741 -0.0489909 1
8.72506 0.397865 0.157359 -0.0483594 1
8.83115 0.398184 0.157493 -0.0492271 1
8.92916 0.400694 0.157629 -0.0492402 1
9.03942 0.402532 0.157402 -0.047329 1
9.1412 0.405333 0.157512 -0.0469522 1
9.2314 0.406276 0.15776 -0.0481867 1
9.32229 0.409509 0.157323 -0.0459627 1
9.43148 0.408518 0.157322 -0.0483332 1
9.52122 0.413864 0.157308 -0.0455691 1
9.63035 0.415322 0.157043 -0.0448283 1
9.70841 0.417478 0.156956 -0.0453813 1
9.81557 0.419376 0.157318 -0.0458797 1
9.90493 0.421062 0.156847 -0.04553 1
10.0018 0.422378 0.156918 -0.0463238 1
10.0919 0.426282 0.156587 -0.0438612 1
10.1809 0.428453 0.156557 -0.0441417 1
10.2769 0.430987 0.156242 -0.0433069 1
10.3698 0.4322 0.156805 -0.0468096 1
10.4683 0.436968 0.15636 -0.0432997 1
10.5658 0.438058 0.156504 -0.0436295 1
10.6658 0.441056 0.156156 -0.0433295 1
10.7651 0.442337 0.156101 -0.0451087 1
10.8549 0.446277 0.156142 -0.0438759 1
10.9724 0.448725 0.155887 -0.043517 1
11.0699 0.451087 0.156046 -0.0438758 1
11.1641 0.454346 0.155729 -0.043129 1
11.2626 0.453964 0.155801 -0.0454908 1
11.3648 0.455282 0.155337 -0.0461896 1
11.4605 0.460001 0.1554 -0.0445093 1
11.5587 0.461029 0.1554 -0.0456952 1
11.6491 0.462634 0.155557 -0.0460321 1
11.7466 0.464914 0.15513 -0.0444572 1
11.8351 0.465753 0.154955 -0.0449063 1
11.9391 0.466896 0.155032 -0.0459318 1
12.0409 0.467975 0.154969 -0.0470553 1
12.1414 0.470553 0.154769 -0.0453424 2
12.238 0.470739 0.154534 -0.0472427 2
12.3481 0.470928 0.154266 -0.0466482 2
12.4398 0.47211 0.154368 -0.0462138 2
12.541 0.472848 0.154394 -0.0476864 2
12.6394 0.473415 0.154684 -0.0470635 2
12.7566 0.473845 0.154702 -0.0476925 2
12.8521 0.473571 0.15441 -0.04709 2
12.9532 0.474138 0.154138 -0.0472145 2
13.0504 0.474275 0.153941 -0.0470437 2
13.1499 0.474839 0.153194 -0.0458578 2
13.242 0.474476 0.152461 -0.0450846 2
13.335 0.474264 0.152214 -0.0465228 2
13.4308 0.474891 0.150987 -0.0442716 2
13.5188 0.47482 0.15034 -0.0454955 2
13.6286 0.474837 0.149203 -0.0461277 2
13.7357 0.474683 0.147995 -0.0454555 2
13.8303 0.474761 0.146834 -0.0469551 2
13.9328 0.477199 0.145066 -0.0443521 2
14.0368 0.476564 0.143779 -0.0457488 2
14.1338 0.477912 0.142038 -0.0445963 2
14.2353 0.476321 0.140285 -0.0470191 2
14.3315 0.478145 0.138332 -0.0445128 2
14.4349 0.476922 0.136225 -0.0467721 2
14.5324 0.479627 0.134072 -0.0449406 2
14.6255 0.479084 0.132614 -0.0457372 2
14.7156 0.479932 0.130451 -0.045143 2
14.8172 0.480909 0.128121 -0.0445122 2
14.9248 0.481483 0.125469 -0.0430122 2
15.0312 0.481631 0.12269 -0.0442499 2
15.1324 0.482181 0.11966 -0.0443078 2
15.2122 0.483575 0.117548 -0.0444741 2
15.317 0.483711 0.114672 -0.0438033 2
15.4314 0.484323 0.111079 -0.0439954 2
15.5335 0.486184 0.108121 -0.0427682 2
15.6272 0.486108 0.10561 -0.0445566 2
15.7172 0.487151 0.102268 -0.044057 2
15.8074 0.487976 0.0996854 -0.0441457 2
15.9161 0.487903 0.0957902 -0.0421656 2
16.0151 0.488975 0.092586 -0.0450123 2
16.1107 0.489828 0.088924 -0.0431579 2
16.2119 0.490388 0.0856645 -0.0434023 2
16.3144 0.490928 0.0818828 -0.0424603 2
16.3986 0.492298 0.0786887 -0.0428655 2
16.5004 0.49251 0.0751788 -0.0429747 2
16.5943 0.493232 0.071051 -0.042181 2
16.6889 0.494511 0.0676857 -0.0423882 2
16.7836 0.49486 0.0638967 -0.0425617 2
16.8948 0.494387 0.0592644 -0.0419344 2
16.9839 0.49541 0.0557168 -0.042811 2
17.0787 0.496202 0.0521506 -0.0416465 2
17.1775 0.49671 0.0474133 -0.0407014 2
17.281 0.496375 0.0435608 -0.0439456 2
17.3812 0.496548 0.0388761 -0.0420153 2
17.4913 0.496611 0.0342586 -0.0445883 2
17.5851 0.497561 0.0302298 -0.0434672 2
17.6875 0.497797 0.0262832 -0.0427023 2
17.7855 0.498159 0.0215453 -0.0436583 2
17.8843 0.498593 0.0167135 -0.0409753 2
17.9794 0.498764 0.0127961 -0.0442103 2
18.0769 0.500023 0.00827438 -0.0402231 2
18.1724 0.500492 0.0041441 -0.0407647 2
18.2789 0.500722 -0.00110212 -0.0415525 2
18.3677 0.499348 -0.00504643 -0.0438917 2
18.4654 0.500992 -0.00966349 -0.0406825 2
18.5656 0.501867 -0.0136794 -0.038709 2
18.67 0.501192 -0.0189688 -0.0437202 2
18.7646 0.501661 -0.0228374 -0.0433774 2
18.8602 0.501261 -0.028065 -0.0435331 2
18.9622 0.500546 -0.032655 -0.0457577 2
19.0662 0.500769 -0.0369213 -0.0428471 2
19.1588 0.499956 -0.0418207 -0.0455637 2
19.2457 0.500565 -0.0457532 -0.0459695 2
19.3472 0.50031 -0.050255 -0.0446335 2
19.4501 0.500239 -0.0550035 -0.045614 2
19.5445 0.499652 -0.0593063 -0.0452333 2
19.6454 0.499264 -0.063639 -0.045905 2
19.7471 0.500054 -0.0695152 -0.040111 2
19.8471 0.498975 -0.0733786 -0.0439194 2
19.9527 0.498053 -0.0780116 -0.0446588 2
20.0446 0.497245 -0.0820944 -0.0474691 2
20.1395 0.497076 -0.086016 -0.046735 2
20.2476 0.496812 -0.0909078 -0.0471328 2
20.3417 0.496334 -0.0949267 -0.0459172 2
20.4457 0.495041 -0.0999849 -0.0438041 2
20.5378 0.494782 -0.103072 -0.0434679 2
20.6401 0.494135 -0.107608 -0.0429164 2
20.7407 0.493409 -0.11135 -0.0415269 2
20.8366 0.493072 -0.114912 -0.0393102 2
20.956 0.491302 -0.119186 -0.0399045 2
21.0622 0.491607 -0.123626 -0.0389989 2
21.1626 0.489457 -0.127481 -0.0403912 2
21.2566 0.488894 -0.130519 -0.040262 2
21.3719 0.487798 -0.134868 -0.0414573 2
21.4763 0.487706 -0.138738 -0.0408596 2
21.5797 0.486714 -0.1423 -0.0405554 2
21.6896 0.486008 -0.146405 -0.0400663 2
21.7816 0.485417 -0.149456 -0.0407874 2
21.8911 0.484489 -0.153567 -0.0390578 2
21.9824 0.483113 -0.156195 -0.038983 2
22.0836 0.481502 -0.159328 -0.041331 2
22.1861 0.480496 -0.16226 -0.0419311 2
22.2797 0.479795 -0.165629 -0.0426269 2
22.3922 0.479683 -0.168392 -0.0412213 2
22.4831 0.479269 -0.171204 -0.0412725 2
22.5886 0.478197 -0.174356 -0.0415963 2
22.6912 0.477219 -0.177159 -0.0406488 2
22.7912 0.476804 -0.17915 -0.04042 2
22.8982 0.475789 -0.181856 -0.040604 2
22.9884 0.47567 -0.184131 -0.0402534 2
23.0895 0.474824 -0.186473 -0.0391627 2
23.1911 0.474255 -0.188205 -0.0384838 2
23.2932 0.473103 -0.190428 -0.039297 2
23.3841 0.473001 -0.19249 -0.0385042 2
23.4929 0.472537 -0.194006 -0.0380603 2
23.5895 0.471781 -0.195455 -0.0383208 2
23.7015 0.47134 -0.197297 -0.038339 2
23.8148 0.469989 -0.199079 -0.0383639 2
23.914 0.469552 -0.199946 -0.0394358 2
24.023 0.46925 -0.200932 -0.0374046 2
24.1295 0.467701 -0.201907 -0.0370165 3
24.2308 0.467759 -0.203038 -0.0379645 3
24.3313 0.468056 -0.203275 -0.036626 3
24.4258 0.467143 -0.203292 -0.0365194 3
24.521 0.467379 -0.204081 -0.0373513 3
24.6276 0.467562 -0.204379 -0.0367281 3
24.7373 0.467408 -0.204818 -0.0373213 3
24.8669 0.467062 -0.204499 -0.0372112 3
24.9565 0.466605 -0.20507 -0.0374907 3
25.0517 0.465911 -0.20491 -0.0376966 3
25.1442 0.466535 -0.205198 -0.0375808 3
25.2442 0.467108 -0.205019 -0.0371695 3
25.3552 0.466926 -0.204794 -0.0377333 3
25.4761 0.466772 -0.205191 -0.037406 3
25.5741 0.466651 -0.205136 -0.0378077 3
25.6741 0.467092 -0.205561 -0.0373664 3
25.7686 0.467007 -0.205928 -0.0372301 3
25.8619 0.466409 -0.205798 -0.0376222 3
25.9501 0.466947 -0.206022 -0.0371221 3
26.0532 0.466914 -0.205832 -0.0360702 3
26.1371 0.466507 -0.205892 -0.036449 3
26.2338 0.4668 -0.206329 -0.0355534 3
26.3364 0.466703 -0.206462 -0.0358594 3
26.4282 0.466369 -0.206507 -0.0358654 3
26.5135 0.466236 -0.206668 -0.0349848 3
26.6095 0.466183 -0.20739 -0.035044 3
26.7222 0.466033 -0.207343 -0.0348803 3
26.8197 0.466515 -0.207479 -0.0334074 3
26.9307 0.46627 -0.20739 -0.0338484 3
27.0276 0.466138 -0.207732 -0.0334293 4
27.1158 0.466094 -0.208305 -0.0330462 4
27.2073 0.466201 -0.207773 -0.0327109 4
27.3025 0.466055 -0.208643 -0.0326252 4
27.4025 0.466682 -0.208903 -0.0320521 4
27.4998 0.465989 -0.208745 -0.031656 4
27.5959 0.466393 -0.208979 -0.0302211 4
27.6948 0.466556 -0.209358 -0.0309347 4
27.8206 0.465867 -0.20947 -0.0303777 4
27.9312 0.466468 -0.209543 -0.0299056 4
28.024 0.465408 -0.209481 -0.0306049 4
28.1057 0.465838 -0.209584 -0.0282259 4
28.2157 0.466249 -0.209055 -0.0290159 4
28.3067 0.466683 -0.207932 -0.0298497 4
28.4067 0.466402 -0.206707 -0.0303709 4
28.5107 0.466581 -0.204736 -0.0318001 4
28.6079 0.46679 -0.203446 -0.0326767 4
28.7272 0.466579 -0.200886 -0.033292 4
28.8132 0.467234 -0.199717 -0.031635 4
28.9236 0.466614 -0.197553 -0.0341 4
29.0209 0.466919 -0.194168 -0.0339256 4
29.1247 0.466929 -0.192304 -0.0350171 4
29.2168 0.46706 -0.189452 -0.0347572 4
29.3134 0.46678 -0.187623 -0.0360453 4
29.4048 0.466986 -0.186149 -0.0379358 4
29.5015 0.466755 -0.183305 -0.0384392 4
29.6093 0.46738 -0.18159 -0.0388941 4
29.702 0.467861 -0.179099 -0.0384757 4
29.7932 0.467746 -0.177627 -0.0392513 4
29.8912 0.466782 -0.175487 -0.0410017 4
29.9986 0.467182 -0.1733 -0.0411784 4
30.0868 0.467725 -0.170726 -0.0392069 4
30.183 0.467284 -0.168664 -0.0383368 4
30.2699 0.467244 -0.16655 -0.0371241 4
30.3749 0.467365 -0.164685 -0.0359105 4
30.4817 0.466628 -0.163376 -0.0359503 4
30.5839 0.466951 -0.162018 -0.0340607 4
30.6735 0.466183 -0.161806 -0.0355356 5
30.7699 0.466528 -0.161233 -0.0342667 5
30.8862 0.466514 -0.161032 -0.0349042 5
31.0121 0.466367 -0.160648 -0.0345159 5
31.098 0.466727 -0.163263 -0.0347148 5
31.2048 0.466319 -0.164731 -0.0338724 5
31.3018 0.466475 -0.164853 -0.0341339 5
31.4266 0.466862 -0.164489 -0.0347331 5
31.5112 0.467153 -0.164607 -0.0346813 5
31.6195 0.466995 -0.164956 -0.0346636 5
31.7103 0.467016 -0.165101 -0.0351993 5
31.8272 0.46753 -0.165236 -0.0340186 5
31.9239 0.467568 -0.165303 -0.0340083 5
32.056 0.467628 -0.165259 -0.0349635 5
32.1372 0.467637 -0.165879 -0.034618 5
32.2476 0.4681 -0.165846 -0.033737 5
32.3405 0.467738 -0.167061 -0.0348043 5
32.4675 0.468098 -0.166866 -0.0338142 5
32.56 0.467787 -0.167472 -0.0355281 5
32.6842 0.46763 -0.167486 -0.0354641 5
32.776 0.468267 -0.168041 -0.0358792 5
32.8843 0.468063 -0.167843 -0.0358668 5
32.9978 0.468592 -0.168489 -0.0350752 5
33.1215 0.468139 -0.16905 -0.0363972 5
33.2152 0.469294 -0.169944 -0.0358823 5
33.3373 0.470246 -0.169906 -0.0375376 5
33.4321 0.470175 -0.170722 -0.0373136 5
33.5265 0.471168 -0.170563 -0.036622 5
33.6316 0.471453 -0.171089 -0.0364803 5
33.7401 0.471269 -0.171367 -0.037246 5
33.8485 0.470971 -0.171809 -0.0373677 5
33.966 0.472009 -0.172008 -0.0358424 5
34.0602 0.472424 -0.172698 -0.037899 5
34.1878 0.472719 -0.173318 -0.0376504 5
34.2783 0.473671 -0.173836 -0.0358422 5
34.3871 0.47422 -0.174277 -0.0372943 5
34.4952 0.474454 -0.173851 -0.0366981 5
34.6178 0.474483 -0.175134 -0.0386645 5
34.7231 0.474245 -0.174503 -0.0377651 5
34.825 0.4747 -0.174855 -0.0388123 5
34.9272 0.474866 -0.175303 -0.0382731 5
35.0234 0.474917 -0.175789 -0.0385393 5
35.132 0.47453 -0.175604 -0.0389069 5
35.238 0.474759 -0.174826 -0.038598 5
35.3423 0.474749 -0.174894 -0.0382113 5
35.4399 0.474456 -0.174748 -0.038006 5
35.561 0.474945 -0.175227 -0.0378088 5
35.6595 0.474676 -0.176162 -0.0374379 5
35.7822 0.475069 -0.176233 -0.0369728 6
35.873 0.475083 -0.175817 -0.0370132 6
35.975 0.474781 -0.175823 -0.0372525 6
36.09 0.475161 -0.175619 -0.0373041 6
36.1918 0.475097 -0.176163 -0.0377544 6
36.2969 0.475063 -0.176088 -0.0360151 6
36.4261 0.474742 -0.176142 -0.0368209 6
36.5139 0.474721 -0.175663 -0.0364484 6
36.6177 0.474901 -0.175905 -0.0371369 6
36.7105 0.474679 -0.175918 -0.0378869 6
36.8231 0.475063 -0.175789 -0.0366098 6
36.9329 0.475091 -0.175725 -0.0365658 6
37.0569 0.474953 -0.175866 -0.0362767 6
37.1554 0.475114 -0.175829 -0.0358075 6
37.2665 0.474853 -0.17585 -0.0371474 6
37.3749 0.474726 -0.176076 -0.0368949 6
37.4686 0.475145 -0.175971 -0.0368142 6
37.5783 0.474765 -0.175536 -0.0362592 6
37.6822 0.475115 -0.175603 -0.0366533 6
37.7772 0.474848 -0.1758 -0.0370016 6
37.8659 0.474709 -0.175689 -0.0362547 6
37.963 0.475027 -0.1754 -0.0367285 6
38.0639 0.475251 -0.175679 -0.0357213 6
