30.5839 30.5839 0 0 5
30.6735 30.5839 0 0.0895219 5
30.7699 30.5839 0.0895219 0.18599 5
30.8862 30.5839 0.18599 0.302238 5
31.0121 30.5839 0.302238 0.428121 5
31.098 30.5839 0.428121 0.51405 5
31.2048 30.5839 0.51405 0.620864 5
31.3018 30.5839 0.620864 0.717823 5
31.4266 30.5839 0.717823 0.842662 5
31.5112 30.5839 0.842662 0.927294 5
31.6195 30.5839 0.927294 1.03559 5
31.7103 30.5839 1.03559 1.12632 5
31.8272 30.5839 1.12632 1.24322 5
31.9239 30.5839 1.24322 1.33997 5
32.056 30.5839 1.33997 1.4721 5
32.1372 30.5839 1.4721 1.55324 5
32.2476 30.5839 1.55324 1.66371 5
32.3405 30.5839 1.66371 1.75656 5
32.4675 30.5839 1.75656 1.88353 5
32.56 30.5839 1.88353 1.97611 5
32.6842 30.5839 1.97611 2.10024 5
32.776 30.5839 2.10024 2.19206 5
32.8843 30.5839 2.19206 2.3004 5
32.9978 30.5839 2.3004 2.41388 5
33.1215 30.5839 2.41388 2.5376 5
33.2152 30.5839 2.5376 2.63122 5
33.3373 30.5839 2.63122 2.75335 5
33.4321 30.5839 2.75335 2.8482 5
33.5265 30.5839 2.8482 2.94254 5
33.6316 30.5839 2.94254 3.04765 5
33.7401 30.5839 3.04765 3.15618 5
33.8485 30.5839 3.15618 3.26456 5
33.966 30.5839 3.26456 3.3821 5
34.0602 30.5839 3.3821 3.47629 5
34.1878 30.5839 3.47629 3.60383 5
34.2783 30.5839 3.60383 3.69435 5
34.3871 30.5839 3.69435 3.80312 5
34.4952 30.5839 3.80312 3.91125 5
34.6178 30.5839 3.91125 4.0339 5
34.7231 30.5839 4.0339 4.13918 5
34.825 30.5839 4.13918 4.24106 5
34.9272 30.5839 4.24106 4.34326 5
35.0234 30.5839 4.34326 4.43941 5
35.132 30.5839 4.43941 4.5481 5
35.238 30.5839 4.5481 4.6541 5
35.3423 30.5839 4.6541 4.75837 5
35.4399 30.5839 4.75837 4.85592 5
35.561 30.5839 4.85592 4.97711 5
35.6595 30.5839 4.97711 5.07551 5
