-2.38419e-07 0.334198 0.112272 -0.0770304
0.0887427 0.334141 0.112151 -0.0765062
0.190548 0.334131 0.112188 -0.0767365
0.303188 0.334209 0.112262 -0.0765242
0.403249 0.334189 0.11219 -0.0767841
0.496753 0.334161 0.112182 -0.0765552
0.593697 0.334145 0.112145 -0.0767634
0.701958 0.334172 0.112246 -0.076713
0.773591 0.334184 0.112208 -0.077616
0.872191 0.334156 0.11214 -0.0772038
0.958946 0.334127 0.112225 -0.0762217
1.05933 0.334173 0.11218 -0.0769812
1.14688 0.334176 0.112168 -0.0767361
1.2406 0.334172 0.112245 -0.0774833
1.35156 0.334231 0.112193 -0.0766502
1.43709 0.334266 0.112231 -0.0770242
1.5478 0.334258 0.112175 -0.0773962
1.62646 0.33415 0.112239 -0.0771968
1.73017 0.334129 0.112161 -0.0770289
1.8268 0.334118 0.112244 -0.0777365
1.95825 0.334019 0.11213 -0.0768864
2.03388 0.334151 0.112174 -0.0762078
2.14561 0.334154 0.112239 -0.0762622
2.23837 0.334296 0.11227 -0.0774988
2.34054 0.334177 0.112225 -0.0769429
2.43245 0.334225 0.11224 -0.0768469
2.54599 0.334135 0.112227 -0.0763132
2.63551 0.333946 0.112216 -0.0772622
2.74074 0.334046 0.112098 -0.0776467
2.82366 0.334108 0.112277 -0.0773971
2.92361 0.334424 0.112551 -0.0760342
3.01503 0.334489 0.112583 -0.0770277
3.11149 0.33419 0.112511 -0.076294
3.20769 0.334557 0.112793 -0.0767624
3.31378 0.334616 0.112911 -0.076631
3.41232 0.33454 0.112912 -0.0756784
3.50275 0.334701 0.113105 -0.0754552
3.60693 0.335005 0.113285 -0.0748948
3.70009 0.334704 0.113354 -0.0746628
3.80628 0.334947 0.113588 -0.0739634
3.89265 0.335235 0.113685 -0.0729562
4.01463 0.33519 0.11404 -0.0732856
4.12813 0.335709 0.114188 -0.0720915
4.21275 0.335615 0.114278 -0.0714542
4.30414 0.33577 0.11455 -0.0700618
4.41117 0.335965 0.114543 -0.068789
4.50245 0.335779 0.114864 -0.0678181
4.59341 0.336103 0.114865 -0.0662763
4.68627 0.336385 0.115133 -0.0650868
4.78716 0.336277 0.115294 -0.0643998
4.88018 0.336286 0.115171 -0.0633872
4.97163 0.335465 0.115465 -0.0628218
5.07635 0.334114 0.115727 -0.0630484
5.15957 0.334137 0.116221 -0.0641946
5.26761 0.333758 0.116301 -0.0630313
5.35749 0.33467 0.116367 -0.061238
5.44952 0.335793 0.116486 -0.0593241
5.55225 0.33482 0.116451 -0.0589928
5.64848 0.334736 0.116492 -0.057349
5.7432 0.33446 0.116721 -0.057606
5.82416 0.334295 0.116463 -0.0550641
5.92731 0.33468 0.116743 -0.0547314
6.02292 0.335207 0.116888 -0.052038
6.11655 0.335185 0.116923 -0.0506663
6.20793 0.335239 0.11699 -0.0515528
6.30991 0.335045 0.116909 -0.0494635
6.40402 0.334567 0.117128 -0.0500728
6.49116 0.335937 0.116886 -0.0464515
6.58801 0.335891 0.116924 -0.0445283
6.67756 0.334455 0.116763 -0.0455586
6.76526 0.334389 0.116711 -0.0442329
6.87324 0.33499 0.116675 -0.0417299
6.96115 0.335281 0.116864 -0.041103
7.05673 0.334224 0.116869 -0.0424537
7.1454 0.333809 0.11704 -0.0427705
7.26525 0.333905 0.116938 -0.0414378
7.3728 0.33491 0.116729 -0.0398476
7.45666 0.334705 0.116889 -0.0391946
7.55166 0.33403 0.116716 -0.038844
7.6589 0.335284 0.116794 -0.0382212
7.75692 0.3336 0.116783 -0.0404965
7.85776 0.335538 0.116782 -0.0382365
7.93617 0.335202 0.116967 -0.0389065
8.03484 0.335899 0.116873 -0.0380342
8.13445 0.336798 0.116911 -0.0388165
8.22535 0.339203 0.116647 -0.0357577
8.3244 0.34051 0.116912 -0.0360544
8.41515 0.342773 0.116877 -0.0358759
8.51095 0.344832 0.11727 -0.0352767
8.6115 0.345275 0.117043 -0.0350294
8.70652 0.348161 0.117187 -0.0343884
8.80342 0.352024 0.117511 -0.0323464
8.89215 0.354061 0.117795 -0.0344088
8.99454 0.357996 0.117647 -0.0328073
9.08323 0.361569 0.118321 -0.0323112
9.18392 0.364916 0.118359 -0.0322496
9.27705 0.369953 0.11833 -0.0303633
9.36863 0.372792 0.117963 -0.0286807
9.47491 0.37533 0.118243 -0.0301218
9.56102 0.379895 0.118101 -0.0289299
9.66855 0.384498 0.118016 -0.0274816
9.74873 0.387956 0.117942 -0.0267983
9.84251 0.392377 0.118021 -0.0253088
9.93793 0.394729 0.118223 -0.0273502
10.029 0.400121 0.118292 -0.0257835
10.1345 0.403018 0.117921 -0.0242054
10.2215 0.408826 0.117718 -0.0234371
10.3242 0.410509 0.117375 -0.0245152
10.4144 0.417905 0.117803 -0.0230318
10.5098 0.421121 0.117595 -0.0234971
10.6097 0.424044 0.117289 -0.023706
10.6991 0.42778 0.116815 -0.0235464
10.806 0.432933 0.117129 -0.0224163
10.9095 0.437028 0.116666 -0.024047
11.0047 0.439329 0.116326 -0.0235351
11.0917 0.442214 0.116162 -0.0242313
11.1976 0.446951 0.115905 -0.0256416
11.2852 0.451838 0.115647 -0.0242065
11.3869 0.454277 0.11518 -0.0251132
11.4881 0.457097 0.115236 -0.0245101
11.588 0.460748 0.114741 -0.0238387
11.6803 0.462956 0.114425 -0.025066
11.7658 0.465776 0.114159 -0.026667
11.8759 0.469339 0.114026 -0.0243017
11.9656 0.470881 0.113616 -0.0256015
12.069 0.472987 0.113582 -0.0259262
12.1541 0.473531 0.113076 -0.0283228
12.2488 0.475079 0.113094 -0.0285167
12.3538 0.475923 0.11314 -0.0296423
12.4453 0.47811 0.113009 -0.0281622
12.5445 0.477618 0.112844 -0.0292124
12.6516 0.478308 0.112763 -0.0277226
12.7525 0.477427 0.112579 -0.0312944
12.8454 0.478549 0.112563 -0.0296891
12.9404 0.478038 0.112148 -0.0306848
13.0264 0.477881 0.112045 -0.0307963
13.1235 0.478929 0.111633 -0.028859
13.2201 0.478757 0.111124 -0.0266695
13.3113 0.478728 0.110304 -0.0286338
13.4148 0.479111 0.10961 -0.0295875
13.5148 0.478897 0.108583 -0.0275682
13.6159 0.478993 0.107507 -0.0292287
13.7276 0.479212 0.106428 -0.0281154
13.823 0.479491 0.105794 -0.0297273
13.9159 0.480504 0.10342 -0.0247531
14.023 0.48048 0.10239 -0.0259019
14.1189 0.481342 0.10107 -0.0291403
14.2254 0.481885 0.0994165 -0.0268351
14.3122 0.482356 0.0982851 -0.0275672
14.4138 0.482861 0.0958928 -0.0272363
14.5132 0.483721 0.0946093 -0.0251348
14.6171 0.483264 0.0923834 -0.0266794
14.715 0.483714 0.0902861 -0.0263561
14.8172 0.484149 0.0875848 -0.0242
14.903 0.485199 0.0863096 -0.0240604
15.0043 0.48534 0.0839668 -0.0261291
15.0941 0.486251 0.0815087 -0.0253151
15.1921 0.48694 0.0796078 -0.0253715
15.2879 0.486191 0.0760787 -0.0255679
15.3901 0.487261 0.073847 -0.0265688
15.4921 0.487856 0.0710948 -0.0269975
15.5867 0.488833 0.0683372 -0.0234901
15.6865 0.487726 0.0651513 -0.0267886
15.7806 0.489634 0.0628395 -0.0235161
15.8768 0.489489 0.0595616 -0.0251003
15.9857 0.489975 0.0563825 -0.0231292
16.0789 0.490227 0.0535506 -0.0261695
16.1616 0.491614 0.0513768 -0.0235436
16.2611 0.492462 0.0474401 -0.021275
16.3554 0.491966 0.0446818 -0.0264823
16.4502 0.493832 0.0411738 -0.0220786
16.5476 0.493615 0.0384063 -0.0239513
16.651 0.494081 0.0346391 -0.0240145
16.751 0.494477 0.030968 -0.0255675
16.8494 0.494312 0.0268478 -0.024143
16.9423 0.494402 0.024171 -0.0256697
17.0413 0.49452 0.0200432 -0.0280975
17.1482 0.495498 0.0167952 -0.0283257
17.2453 0.496072 0.0127796 -0.0266628
17.3554 0.496992 0.00897856 -0.0237267
17.456 0.496454 0.00450298 -0.026403
17.5519 0.49729 0.000949949 -0.0295778
17.6514 0.497659 -0.0030333 -0.0282492
17.7523 0.497627 -0.00713888 -0.0274929
17.8502 0.498365 -0.0115275 -0.0246631
17.96 0.498044 -0.0155949 -0.026753
18.0524 0.497819 -0.0187953 -0.028775
18.1604 0.498858 -0.0237429 -0.0263259
18.2553 0.498735 -0.0277188 -0.0272929
18.3567 0.49865 -0.0316776 -0.027017
18.458 0.499089 -0.0357122 -0.0283086
18.5618 0.498718 -0.0400808 -0.0264071
18.666 0.499231 -0.0445335 -0.0252116
18.7695 0.498476 -0.0489622 -0.0291535
18.8687 0.498301 -0.0533986 -0.0282337
18.968 0.499248 -0.0565052 -0.0226196
19.0711 0.499134 -0.0612815 -0.0260148
19.1747 0.498634 -0.0656366 -0.0258503
19.2758 0.499855 -0.0707761 -0.0221668
19.3693 0.497974 -0.0759327 -0.0221974
19.4801 0.498377 -0.079675 -0.0234449
19.5757 0.497481 -0.083786 -0.0233207
19.6741 0.49747 -0.0876945 -0.0218527
19.7709 0.497084 -0.0916523 -0.0242149
19.8654 0.496691 -0.0954573 -0.0237005
19.9768 0.496018 -0.099729 -0.0210157
20.0719 0.495541 -0.103524 -0.0226115
20.168 0.495073 -0.107431 -0.0169493
20.283 0.494794 -0.110901 -0.018801
20.3909 0.493869 -0.115348 -0.0212048
20.4814 0.493235 -0.119114 -0.0214079
20.5629 0.493082 -0.121672 -0.0200264
20.6576 0.492618 -0.124765 -0.018773
20.7671 0.491948 -0.128642 -0.0189614
20.8594 0.49137 -0.131178 -0.0200656
20.9683 0.490223 -0.135816 -0.019374
21.0616 0.490156 -0.138354 -0.0220477
21.1646 0.489935 -0.143239 -0.02294
21.2609 0.488538 -0.145849 -0.0240694
21.3626 0.488085 -0.149608 -0.0249952
21.4702 0.486945 -0.152302 -0.025901
21.56 0.486353 -0.155839 -0.0271639
21.6583 0.484948 -0.159252 -0.0282519
21.7564 0.484902 -0.161724 -0.0256097
21.8561 0.485077 -0.165209 -0.0258664
21.9491 0.483771 -0.167852 -0.0249817
22.045 0.482257 -0.170839 -0.027815
22.132 0.482533 -0.172543 -0.0237948
22.2305 0.48174 -0.176086 -0.025047
22.3209 0.481551 -0.177942 -0.0257664
22.424 0.480767 -0.180735 -0.023875
22.5114 0.480236 -0.182975 -0.02392
22.6142 0.48003 -0.185966 -0.0247385
22.7052 0.479297 -0.188105 -0.0240513
22.7929 0.476556 -0.189354 -0.0263723
22.9002 0.47748 -0.191745 -0.024924
22.9871 0.476151 -0.193203 -0.0241286
23.086 0.475233 -0.195604 -0.0260551
23.1896 0.475237 -0.197224 -0.0238733
23.2896 0.47365 -0.199021 -0.0256925
23.3854 0.474457 -0.200778 -0.0235025
23.4881 0.47182 -0.20244 -0.0248751
23.5867 0.472138 -0.203354 -0.0233279
23.6927 0.471939 -0.204667 -0.0224166
23.7903 0.471604 -0.205858 -0.0241685
23.8803 0.470988 -0.206927 -0.023199
23.9831 0.470602 -0.208079 -0.0244983
24.0718 0.471026 -0.209217 -0.0224824
24.168 0.470468 -0.20947 -0.0223428
24.2853 0.470312 -0.210357 -0.0239368
24.379 0.470319 -0.210272 -0.0229354
24.4808 0.469883 -0.21104 -0.0246418
24.5733 0.470065 -0.211538 -0.0262989
24.6723 0.469634 -0.212009 -0.0261073
24.7625 0.469487 -0.212 -0.0259176
24.8934 0.47019 -0.211983 -0.0257133
24.9791 0.470048 -0.211768 -0.0258097
25.0787 0.470155 -0.211954 -0.0244106
25.1767 0.470266 -0.212063 -0.0257015
25.2721 0.469805 -0.21216 -0.0267051
25.3689 0.469986 -0.211608 -0.0251545
25.4634 0.469756 -0.212212 -0.0257968
25.5703 0.469332 -0.212019 -0.0253718
25.6586 0.469443 -0.212572 -0.0257077
25.7551 0.469587 -0.212296 -0.0254633
25.8504 0.469655 -0.212834 -0.0250993
25.9555 0.469287 -0.213184 -0.0249257
26.0473 0.469399 -0.21331 -0.0245607
26.1373 0.469409 -0.213091 -0.0229066
26.2367 0.469394 -0.213303 -0.0239844
26.3345 0.468937 -0.213411 -0.0238361
26.443 0.469208 -0.213817 -0.0229794
26.5332 0.469306 -0.213877 -0.02254
26.6404 0.468772 -0.214291 -0.021837
26.7262 0.469513 -0.214662 -0.0216379
26.8267 0.469284 -0.214895 -0.0209238
26.9158 0.469893 -0.21496 -0.0196097
27.0118 0.468814 -0.214909 -0.0200935
27.1078 0.470231 -0.215319 -0.0177003
27.2083 0.468657 -0.215323 -0.0192571
27.3092 0.470043 -0.215554 -0.0170549
27.4078 0.469905 -0.215672 -0.0167918
27.4998 0.470343 -0.215637 -0.0137322
27.6024 0.469532 -0.215968 -0.0154922
27.701 0.470402 -0.215599 -0.0137148
27.7901 0.469818 -0.216056 -0.0147909
27.8909 0.470313 -0.215575 -0.0135775
27.9826 0.46999 -0.215758 -0.013324
28.0827 0.469915 -0.21578 -0.0128059
28.1911 0.469855 -0.215155 -0.0149003
28.2992 0.470924 -0.214333 -0.0134642
28.3949 0.469125 -0.213575 -0.0167464
28.5049 0.471424 -0.211568 -0.0125105
28.5957 0.469825 -0.210851 -0.0161692
28.7016 0.471463 -0.208377 -0.0145013
28.8131 0.471123 -0.207042 -0.0162591
28.907 0.470682 -0.205129 -0.0191427
28.993 0.470696 -0.202961 -0.0177314
29.0931 0.470637 -0.199393 -0.0166825
29.1858 0.470149 -0.197164 -0.0181515
29.2812 0.470629 -0.194918 -0.0176985
29.3848 0.470669 -0.191709 -0.0195841
29.4813 0.470503 -0.189002 -0.0215236
29.5745 0.470999 -0.187647 -0.0217004
29.6643 0.47087 -0.185718 -0.0243446
29.7642 0.470981 -0.183877 -0.0250541
29.86 0.471329 -0.181332 -0.0248687
29.9532 0.470763 -0.180382 -0.0278359
30.0471 0.471205 -0.179129 -0.0291534
30.1425 0.471116 -0.176979 -0.0276158
30.2468 0.471092 -0.174914 -0.0278756
30.3426 0.471385 -0.173795 -0.0280794
30.4364 0.47146 -0.172575 -0.0289861
30.5474 0.47119 -0.170994 -0.0279024
30.6281 0.471366 -0.1705 -0.0273154
30.7226 0.470872 -0.169313 -0.026693
30.8246 0.470855 -0.169726 -0.0281571
30.934 0.470801 -0.168097 -0.0251691
31.0415 0.469677 -0.142334 -0.0328121
31.1801 0.570539 0.244041 -0.113219
31.278 0.474542 -0.119873 -0.0427914
31.3621 0.472543 -0.119666 -0.0778588
31.4314 0.504264 -0.146594 0.0220577
31.5377 0.476809 -0.115027 -0.0435536
31.634 0.470532 -0.128074 -0.0517775
31.7451 0.471268 -0.134429 -0.0481572
31.8253 0.476039 -0.128049 -0.05487
31.9184 0.476004 -0.134854 -0.0489643
32.0125 0.478415 -0.131086 -0.0484393
32.1131 0.474882 -0.12924 -0.0532986
32.2094 0.47529 -0.129584 -0.0523052
32.3023 0.474285 -0.129436 -0.0503146
32.3997 0.477667 -0.134232 -0.0506306
32.5118 0.471511 -0.13039 -0.0462166
32.6016 0.474799 -0.129402 -0.0504552
32.7012 0.473662 -0.131188 -0.0497122
32.7997 0.475173 -0.126861 -0.049392
32.9062 0.473817 -0.132789 -0.0515661
33.0057 0.474415 -0.137104 -0.0497702
33.0937 0.477957 -0.1312 -0.0467948
33.1856 0.479988 -0.132792 -0.044017
33.2836 0.472476 -0.13292 -0.0515013
33.3725 0.474181 -0.131471 -0.0477102
33.4663 0.473673 -0.135857 -0.0495869
33.5741 0.471179 -0.130118 -0.049614
33.6725 0.475738 -0.132196 -0.0519265
33.7606 0.475328 -0.132432 -0.0543195
33.8521 0.471687 -0.125243 -0.0480657
33.9386 0.473452 -0.134738 -0.0497538
34.0132 0.47493 -0.131144 -0.0476419
34.0977 0.478454 -0.132974 -0.0512493
34.1935 0.474855 -0.13031 -0.0533739
34.2996 0.478084 -0.13287 -0.0515722
34.3827 0.473989 -0.128523 -0.0539663
34.4809 0.479122 -0.132077 -0.0485162
34.5743 0.475623 -0.127795 -0.0523466
34.6614 0.479617 -0.127969 -0.0526468
34.7609 0.475384 -0.127233 -0.0542909
34.8588 0.47816 -0.132572 -0.0487572
34.9432 0.472519 -0.130551 -0.052226
35.0407 0.472993 -0.129288 -0.0513528
35.1286 0.473364 -0.127812 -0.0528232
35.2442 0.473272 -0.130937 -0.0479046
35.3387 0.4751 -0.12917 -0.052333
35.4134 0.471362 -0.125966 -0.053339
35.497 0.472347 -0.128752 -0.0501484
35.6365 0.477948 -0.132085 -0.0527983
35.7345 0.475171 -0.127477 -0.0549703
35.8303 0.475957 -0.131089 -0.0540722
35.9223 0.476714 -0.132038 -0.0493234
35.9988 0.472231 -0.131002 -0.054643
36.1059 0.472038 -0.130946 -0.0518075
36.1994 0.475042 -0.130543 -0.0500377
36.2994 0.473234 -0.130261 -0.054766
36.3899 0.478655 -0.13232 -0.0526233
36.4946 0.477346 -0.134777 -0.0563367
36.6017 0.475563 -0.133598 -0.0542389
36.6885 0.472718 -0.129355 -0.0497137
36.7911 0.47074 -0.132119 -0.0531942
36.8862 0.472563 -0.130137 -0.0541524
36.9689 0.476548 -0.135421 -0.0532236
37.0575 0.472221 -0.130479 -0.0518238
37.1534 0.479443 -0.131733 -0.0534089
37.246 0.477775 -0.128511 -0.0510941
37.3267 0.472549 -0.131432 -0.0503438
37.4237 0.473738 -0.130366 -0.0526168
37.5185 0.471015 -0.123879 -0.0516209
37.6219 0.470377 -0.127417 -0.0518696
37.7142 0.473068 -0.129356 -0.0539681
37.7945 0.478346 -0.129911 -0.0565576
37.8802 0.471467 -0.126923 -0.0510097
37.9738 0.476881 -0.133467 -0.048898
