-2.38419e-07 0.463426 0.112914 -0.0674642
0.0887427 0.463348 0.112826 -0.0674273
0.190548 0.463427 0.112857 -0.0680154
0.303188 0.463393 0.112883 -0.0669374
0.403249 0.463495 0.112934 -0.0684725
0.496753 0.46336 0.112811 -0.0669831
0.593697 0.463373 0.112839 -0.067536
0.701958 0.463407 0.112903 -0.0676248
0.773591 0.463462 0.112921 -0.068582
0.872191 0.463396 0.112807 -0.0681082
0.958946 0.463382 0.112894 -0.0673081
1.05933 0.463395 0.112878 -0.0681554
1.14688 0.463405 0.112886 -0.0679651
1.2406 0.463457 0.112892 -0.0677896
1.35156 0.46341 0.112848 -0.0671484
1.43709 0.463461 0.112913 -0.0680754
1.5478 0.463488 0.112832 -0.0682691
1.62646 0.46348 0.112894 -0.067859
1.73017 0.46342 0.112831 -0.0681222
1.8268 0.463456 0.112858 -0.0675119
1.95825 0.463381 0.112782 -0.0673328
2.03388 0.463389 0.112872 -0.0676426
2.14561 0.463416 0.11292 -0.0679369
2.23837 0.463517 0.112923 -0.0685607
2.34054 0.463472 0.112913 -0.0684402
2.43245 0.463376 0.11285 -0.0669105
2.54599 0.463358 0.11291 -0.0675745
2.63551 0.463441 0.112899 -0.0680988
2.74074 0.463456 0.112779 -0.0687012
2.82366 0.463461 0.112913 -0.0675093
2.92361 0.463661 0.113236 -0.0674333
3.01503 0.463697 0.113249 -0.0675209
3.11149 0.463781 0.113187 -0.0673085
3.20769 0.463965 0.113477 -0.0672678
3.31378 0.464087 0.113548 -0.0667016
3.41232 0.46396 0.113518 -0.0654788
3.50275 0.464134 0.113746 -0.0654013
3.60693 0.464383 0.113899 -0.0646417
3.70009 0.464579 0.113988 -0.0639339
3.80628 0.464832 0.114321 -0.0634975
3.89265 0.464901 0.114312 -0.0616082
4.01463 0.465183 0.114704 -0.061919
4.12813 0.465374 0.114836 -0.06039
4.21275 0.465438 0.115068 -0.0597551
4.30414 0.465723 0.115294 -0.0589256
4.41117 0.465506 0.115315 -0.0576575
4.50245 0.465771 0.115511 -0.0562137
4.59341 0.465771 0.115701 -0.0544954
4.68627 0.466009 0.115853 -0.0525898
4.78716 0.466151 0.116022 -0.0518525
4.88018 0.46595 0.115914 -0.051663
4.97163 0.465984 0.115971 -0.0498613
5.07635 0.466343 0.116061 -0.048777
5.15957 0.466897 0.116067 -0.0491741
5.26761 0.467024 0.116414 -0.0480688
5.35749 0.467185 0.116489 -0.0465122
5.44952 0.467103 0.116583 -0.0447291
5.55225 0.466998 0.116514 -0.0440527
5.64848 0.466907 0.116732 -0.0435048
5.7432 0.467075 0.116876 -0.042416
5.82416 0.466819 0.116789 -0.0412955
5.92731 0.467152 0.117018 -0.0403351
6.02292 0.467155 0.117016 -0.0387796
6.11655 0.46723 0.117187 -0.0374638
6.20793 0.467038 0.116859 -0.0366031
6.30991 0.46714 0.116971 -0.036251
6.40402 0.467047 0.116993 -0.0355766
6.49116 0.467056 0.117025 -0.0343406
6.58801 0.466812 0.117243 -0.0340117
6.67756 0.466682 0.117047 -0.0346811
6.76526 0.466566 0.117087 -0.0330115
6.87324 0.466652 0.117095 -0.0315719
6.96115 0.466646 0.11687 -0.0310752
7.05673 0.466465 0.117049 -0.031551
7.1454 0.466536 0.117077 -0.0319225
7.26525 0.466527 0.117021 -0.0311734
7.3728 0.46631 0.116759 -0.0299248
7.45666 0.466563 0.116865 -0.0287075
7.55166 0.466306 0.116665 -0.028624
7.6589 0.466294 0.116606 -0.0293958
7.75692 0.46666 0.116701 -0.0291057
7.85776 0.46693 0.116751 -0.0288347
7.93617 0.467812 0.116812 -0.0287046
8.03484 0.468799 0.116721 -0.0280231
8.13445 0.470132 0.116603 -0.0290418
8.22535 0.471352 0.116621 -0.0278163
8.3244 0.473082 0.117129 -0.0298937
8.41515 0.474661 0.11704 -0.0302689
8.51095 0.476752 0.117696 -0.0315424
8.6115 0.478974 0.11748 -0.0285168
8.70652 0.481409 0.117908 -0.0286774
8.80342 0.48454 0.117798 -0.0285886
8.89215 0.48695 0.117693 -0.0291767
8.99454 0.49068 0.117948 -0.0286561
9.08323 0.494263 0.11822 -0.0273041
9.18392 0.498147 0.117934 -0.0263758
9.27705 0.502203 0.117771 -0.0271958
9.36863 0.504866 0.118037 -0.0253078
9.47491 0.508374 0.118318 -0.0266658
9.56102 0.511979 0.118231 -0.0247331
9.66855 0.516128 0.118196 -0.0239136
9.74873 0.519871 0.118329 -0.0223115
9.84251 0.524313 0.11877 -0.0219316
9.93793 0.528256 0.118383 -0.0228326
10.029 0.531857 0.118187 -0.0219008
10.1345 0.535784 0.117498 -0.0210589
10.2215 0.540115 0.116897 -0.0221706
10.3242 0.543546 0.116939 -0.0216593
10.4144 0.54859 0.116673 -0.0190383
10.5098 0.552322 0.116804 -0.0204829
10.6097 0.555772 0.116537 -0.0215504
10.6991 0.560064 0.116694 -0.0191521
10.806 0.563584 0.116565 -0.0188766
10.9095 0.567846 0.116277 -0.0212348
11.0047 0.571209 0.116231 -0.0220075
11.0917 0.574382 0.115769 -0.0181117
11.1976 0.578295 0.115963 -0.0185531
11.2852 0.581824 0.115455 -0.0195874
11.3869 0.584734 0.115198 -0.0183648
11.4881 0.588039 0.11516 -0.0181371
11.588 0.590989 0.115192 -0.0200254
11.6803 0.59366 0.114581 -0.0185598
11.7658 0.596002 0.114258 -0.0207108
11.8759 0.598283 0.114154 -0.0204862
11.9656 0.600027 0.11361 -0.0215099
12.069 0.602008 0.113641 -0.0201287
12.1541 0.603798 0.113343 -0.0210981
12.2488 0.605107 0.11325 -0.0201488
12.3538 0.606527 0.113199 -0.0197806
12.4453 0.60686 0.113338 -0.0219225
12.5445 0.607082 0.11343 -0.0218433
12.6516 0.607181 0.113255 -0.021493
12.7525 0.607051 0.113187 -0.0213652
12.8454 0.607399 0.112896 -0.0214332
12.9404 0.60727 0.112668 -0.0213117
13.0264 0.607439 0.112253 -0.0211412
13.1235 0.607472 0.111972 -0.0208648
13.2201 0.607549 0.111523 -0.0205065
13.3113 0.607648 0.110807 -0.021424
13.4148 0.608041 0.1101 -0.0210138
13.5148 0.608094 0.109332 -0.0214354
13.6159 0.608263 0.108517 -0.0218218
13.7276 0.608773 0.106886 -0.0211308
13.823 0.609363 0.106002 -0.0222644
13.9159 0.609431 0.104758 -0.019473
14.023 0.610083 0.102889 -0.0190259
14.1189 0.610259 0.101596 -0.02125
14.2254 0.61092 0.100082 -0.0197801
14.3122 0.611097 0.0985665 -0.0203148
14.4138 0.611536 0.0966143 -0.0207399
14.5132 0.612555 0.09439 -0.0181414
14.6171 0.612718 0.0926743 -0.0198493
14.715 0.613235 0.0907923 -0.0186607
14.8172 0.613293 0.0887073 -0.0188519
14.903 0.614393 0.0867139 -0.0189135
15.0043 0.61497 0.0842064 -0.0198649
15.0941 0.615283 0.0819203 -0.0194458
15.1921 0.616317 0.0797055 -0.0181787
15.2879 0.616099 0.0771551 -0.0184889
15.3901 0.616574 0.074488 -0.0204213
15.4921 0.617215 0.0714729 -0.0188195
15.5867 0.617582 0.0688326 -0.0170673
15.6865 0.618067 0.0662445 -0.0189873
15.7806 0.618711 0.0631479 -0.0186539
15.8768 0.619113 0.0600431 -0.018815
15.9857 0.619808 0.0571063 -0.017208
16.0789 0.620212 0.0539997 -0.0187552
16.1616 0.620766 0.0513769 -0.016645
16.2611 0.621653 0.0478856 -0.0172611
16.3554 0.621721 0.0451866 -0.0189819
16.4502 0.622803 0.0414247 -0.0165648
16.5476 0.623162 0.0386035 -0.0170234
16.651 0.62387 0.0351383 -0.0166429
16.751 0.623555 0.0314782 -0.0189279
16.8494 0.624127 0.0277672 -0.0181194
16.9423 0.624727 0.0246592 -0.0182913
17.0413 0.624873 0.0209603 -0.0181063
17.1482 0.625443 0.0170578 -0.0189584
17.2453 0.62572 0.0135595 -0.0194766
17.3554 0.62657 0.00872436 -0.0161949
17.456 0.62645 0.00512882 -0.0184271
17.5519 0.626983 0.000846013 -0.0187073
17.6514 0.626947 -0.00281946 -0.0185036
17.7523 0.626983 -0.00654827 -0.01911
17.8502 0.627266 -0.0108232 -0.0174333
17.96 0.627111 -0.0151186 -0.0181203
18.0524 0.627637 -0.0188793 -0.0183479
18.1604 0.627352 -0.0232314 -0.0170732
18.2553 0.627948 -0.0272637 -0.0183622
18.3567 0.627822 -0.0312222 -0.0192404
18.458 0.627981 -0.0351596 -0.0194157
18.5618 0.627642 -0.0396363 -0.0187535
18.666 0.6279 -0.0439611 -0.0182139
18.7695 0.628197 -0.0481234 -0.017866
18.8687 0.62787 -0.052438 -0.0181016
18.968 0.627939 -0.0562032 -0.0175995
19.0711 0.627806 -0.0607283 -0.0190701
19.1747 0.627609 -0.0650066 -0.0175757
19.2758 0.628104 -0.0700313 -0.0150291
19.3693 0.626938 -0.0739886 -0.0172801
19.4801 0.626829 -0.0779286 -0.0179671
19.5757 0.626578 -0.0822511 -0.0190204
19.6741 0.626194 -0.0857554 -0.017843
19.7709 0.625702 -0.0898022 -0.0178131
19.8654 0.625476 -0.0934518 -0.017629
19.9768 0.625019 -0.0976695 -0.0158315
20.0719 0.624534 -0.101615 -0.0159615
20.168 0.623865 -0.105679 -0.0148453
20.283 0.6234 -0.109383 -0.014624
20.3909 0.623028 -0.113705 -0.0136469
20.4814 0.622571 -0.117308 -0.013284
20.5629 0.622023 -0.120194 -0.0136403
20.6576 0.621191 -0.123064 -0.0119845
20.7671 0.620722 -0.12718 -0.0122347
20.8594 0.620443 -0.130762 -0.0126237
20.9683 0.61978 -0.134867 -0.0114343
21.0616 0.619367 -0.138061 -0.0115675
21.1646 0.618988 -0.141865 -0.0106068
21.2609 0.618091 -0.144847 -0.0120463
21.3626 0.617611 -0.148383 -0.0120935
21.4702 0.617465 -0.151066 -0.0113602
21.56 0.617164 -0.15459 -0.011103
21.6583 0.616865 -0.158237 -0.0122682
21.7564 0.615742 -0.1606 -0.0123027
21.8561 0.615502 -0.16378 -0.0123909
21.9491 0.615123 -0.166789 -0.0133253
22.045 0.613831 -0.168947 -0.0127637
22.132 0.613244 -0.171906 -0.0137209
22.2305 0.612233 -0.175173 -0.0137414
22.3209 0.611076 -0.176709 -0.0135125
22.424 0.61106 -0.179774 -0.0135857
22.5114 0.610428 -0.182088 -0.014244
22.6142 0.610129 -0.184921 -0.0140821
22.7052 0.608224 -0.186477 -0.0119967
22.7929 0.60755 -0.188382 -0.012895
22.9002 0.607387 -0.190881 -0.0133789
22.9871 0.606588 -0.192446 -0.0127531
23.086 0.606327 -0.194502 -0.0135016
23.1896 0.606072 -0.196141 -0.012988
23.2896 0.605467 -0.197988 -0.0137459
23.3854 0.605181 -0.199616 -0.0131808
23.4881 0.605484 -0.200966 -0.0116356
23.5867 0.605154 -0.202371 -0.0110187
23.6927 0.605065 -0.203835 -0.0108915
23.7903 0.604242 -0.204989 -0.0117133
23.8803 0.604049 -0.206217 -0.0115645
23.9831 0.604101 -0.207113 -0.0110031
24.0718 0.603638 -0.208226 -0.0111854
24.168 0.603661 -0.208474 -0.0108879
24.2853 0.603015 -0.209603 -0.0117031
24.379 0.602844 -0.209708 -0.0111948
24.4808 0.602983 -0.210222 -0.0115941
24.5733 0.602556 -0.210518 -0.012622
24.6723 0.602847 -0.210801 -0.0120619
24.7625 0.602827 -0.211255 -0.0127874
24.8934 0.602456 -0.211125 -0.0128201
24.9791 0.602561 -0.211344 -0.0130872
25.0787 0.602797 -0.211051 -0.0116999
25.1767 0.602668 -0.211069 -0.0124745
25.2721 0.602783 -0.211127 -0.012333
25.3689 0.602523 -0.210601 -0.0117518
25.4634 0.602741 -0.211354 -0.0122116
25.5703 0.602405 -0.211405 -0.0126152
25.6586 0.602652 -0.211772 -0.0119865
25.7551 0.602082 -0.211793 -0.0125671
25.8504 0.602437 -0.212068 -0.0118815
25.9555 0.60291 -0.212067 -0.0108787
26.0473 0.602489 -0.212474 -0.0108706
26.1373 0.602344 -0.212491 -0.00949382
26.2367 0.602685 -0.212708 -0.0103892
26.3345 0.601522 -0.212808 -0.00962719
26.443 0.6024 -0.213075 -0.00874016
26.5332 0.60255 -0.212897 -0.00867452
26.6404 0.602241 -0.213112 -0.00733528
26.7262 0.601935 -0.213348 -0.00686906
26.8267 0.601879 -0.213292 -0.0069726
26.9158 0.602149 -0.213452 -0.0057834
27.0118 0.602331 -0.213645 -0.00542924
27.1078 0.602151 -0.213825 -0.00471132
27.2083 0.601891 -0.213808 -0.00428309
27.3092 0.601861 -0.21403 -0.00452047
27.4078 0.601992 -0.213988 -0.00396691
27.4998 0.602046 -0.213999 -0.00295737
27.6024 0.601764 -0.21423 -0.00337238
27.701 0.601988 -0.214113 -0.00267979
27.7901 0.60168 -0.214233 -0.00356074
27.8909 0.601867 -0.214277 -0.00244694
27.9826 0.601899 -0.21409 -0.0026008
28.0827 0.60197 -0.21411 -0.00291432
28.1911 0.602181 -0.213579 -0.0032593
28.2992 0.601697 -0.212695 -0.00350934
28.3949 0.60195 -0.211469 -0.0034443
28.5049 0.602261 -0.209827 -0.0031206
28.5957 0.602252 -0.208554 -0.00458422
28.7016 0.602243 -0.206748 -0.00445858
28.8131 0.602547 -0.204446 -0.00466961
28.907 0.602701 -0.202986 -0.00555266
28.993 0.60261 -0.201337 -0.00656111
29.0931 0.602513 -0.198377 -0.0056304
29.1858 0.602845 -0.196198 -0.00621094
29.2812 0.602465 -0.193785 -0.00682478
29.3848 0.602907 -0.191419 -0.00702938
29.4813 0.602909 -0.189104 -0.00771975
29.5745 0.602717 -0.18743 -0.00962274
29.6643 0.602872 -0.185877 -0.0109958
29.7642 0.602938 -0.183506 -0.0118873
29.86 0.602917 -0.181497 -0.01286
29.9532 0.602864 -0.179453 -0.0137071
30.0471 0.602357 -0.178972 -0.0167185
30.1425 0.602591 -0.177075 -0.0164739
30.2468 0.602912 -0.175385 -0.0164401
30.3426 0.603091 -0.17411 -0.0170273
30.4364 0.602679 -0.172742 -0.0178542
30.5474 0.60318 -0.171876 -0.0165431
30.6281 0.60306 -0.17084 -0.0167556
30.7226 0.602529 -0.169861 -0.016537
30.8246 0.60247 -0.169019 -0.0157763
30.934 0.602488 -0.168415 -0.0146661
31.0415 0.600226 -0.143215 -0.0219155
31.1801 0.566221 -0.441915 -0.087143
31.278 0.595191 -0.109794 -0.0396127
31.3621 0.598409 -0.114467 -0.0696515
31.4314 0.585819 -0.335078 -0.322925
31.5377 0.597249 -0.111175 -0.0333874
31.634 0.603022 -0.114641 -0.0511809
31.7451 0.604149 -0.109701 -0.0472485
31.8253 0.601686 -0.106304 -0.0416349
31.9184 0.601916 -0.105377 -0.0381461
32.0125 0.600132 -0.106936 -0.0394247
32.1131 0.600315 -0.108372 -0.0392603
32.2094 0.601958 -0.107408 -0.0430397
32.3023 0.601344 -0.109922 -0.0424648
32.3997 0.600632 -0.105296 -0.038449
32.5118 0.600173 -0.107299 -0.0391293
32.6016 0.601588 -0.106576 -0.0405969
32.7012 0.601542 -0.111353 -0.0434322
32.7997 0.60187 -0.111154 -0.0461006
32.9062 0.602368 -0.109673 -0.0444649
33.0057 0.602382 -0.109422 -0.0452478
33.0937 0.601463 -0.109372 -0.0443585
33.1856 0.603277 -0.108512 -0.0431989
33.2836 0.60214 -0.10591 -0.0435007
33.3725 0.600655 -0.109269 -0.0400043
33.4663 0.600499 -0.105829 -0.0411427
33.5741 0.601777 -0.107672 -0.0410788
33.6725 0.600824 -0.108398 -0.041888
33.7606 0.600991 -0.108905 -0.0392761
33.8521 0.602106 -0.112189 -0.0412208
33.9386 0.602325 -0.107023 -0.0385931
34.0132 0.601183 -0.108858 -0.0411557
34.0977 0.600331 -0.105696 -0.0407946
34.1935 0.601202 -0.108068 -0.0416623
34.2996 0.600917 -0.107447 -0.0419617
34.3827 0.600516 -0.109351 -0.0430716
34.4809 0.60077 -0.107294 -0.0425412
34.5743 0.601588 -0.106165 -0.0438416
34.6614 0.601822 -0.104823 -0.043967
34.7609 0.600845 -0.107759 -0.0447599
34.8588 0.602549 -0.106937 -0.0417608
34.9432 0.602733 -0.108883 -0.0430526
35.0407 0.601506 -0.108266 -0.0417756
35.1286 0.600372 -0.107695 -0.041835
35.2442 0.601467 -0.111079 -0.0419797
35.3387 0.599912 -0.106946 -0.0408099
35.4134 0.600099 -0.109044 -0.0419979
35.497 0.601371 -0.107001 -0.0451051
35.6365 0.601097 -0.106179 -0.0438589
35.7345 0.60146 -0.107371 -0.044495
35.8303 0.602747 -0.109034 -0.0414103
35.9223 0.601789 -0.108142 -0.044724
35.9988 0.602289 -0.105887 -0.0445914
36.1059 0.601558 -0.10781 -0.0452321
36.1994 0.601425 -0.10672 -0.044636
36.2994 0.601875 -0.107274 -0.0446856
36.3899 0.601462 -0.106952 -0.0408213
36.4946 0.600907 -0.106121 -0.040706
36.6017 0.600574 -0.108395 -0.0403491
36.6885 0.600608 -0.109585 -0.0422099
36.7911 0.60161 -0.107482 -0.0420129
36.8862 0.601994 -0.110875 -0.0423858
36.9689 0.601579 -0.108444 -0.0421918
37.0575 0.602342 -0.109717 -0.045171
37.1534 0.601931 -0.105172 -0.0428729
37.246 0.601269 -0.107188 -0.0453742
37.3267 0.602209 -0.1075 -0.0414775
37.4237 0.600741 -0.107854 -0.0445241
37.5185 0.600673 -0.108274 -0.0428444
37.6219 0.600903 -0.110116 -0.0440348
37.7142 0.601245 -0.108422 -0.0432077
37.7945 0.601419 -0.106946 -0.043639
37.8802 0.601515 -0.108375 -0.0460324
37.9738 0.603334 -0.108987 -0.0449388
