-2.38419e-07 0.393992 0.0245076 0.23
0.0887427 0.393965 0.0245251 0.23
0.190548 0.39398 0.0245246 0.23
0.303188 0.393983 0.0245316 0.23
0.403249 0.393971 0.0245272 0.23
0.496753 0.393984 0.0245162 0.23
0.593697 0.393973 0.0245316 0.23
0.701958 0.393976 0.0245317 0.23
0.773591 0.393984 0.0245307 0.23
0.872191 0.393964 0.0245024 0.23
0.958946 0.39398 0.024534 0.23
1.05933 0.393973 0.0245247 0.23
1.14688 0.393981 0.0245202 0.23
1.2406 0.393986 0.0245317 0.23
1.35156 0.393968 0.0245308 0.23
1.43709 0.393988 0.0245226 0.23
1.5478 0.393962 0.0245319 0.23
1.62646 0.393976 0.0245327 0.23
1.73017 0.393968 0.0245312 0.23
1.8268 0.393977 0.0245295 0.23
1.95825 0.393971 0.0245224 0.23
2.03388 0.393977 0.024539 0.23
2.14561 0.393979 0.0245318 0.23
2.23837 0.393977 0.024545 0.23
2.34054 0.393976 0.0245326 0.23
2.43245 0.393975 0.0245345 0.23
2.54599 0.393986 0.0245295 0.23
2.63551 0.393976 0.0245239 0.23
2.74074 0.393997 0.0245213 0.23
2.82366 0.394025 0.0245276 0.23
2.92361 0.394098 0.024538 0.23
3.01503 0.394152 0.024533 0.23
3.11149 0.394205 0.0245543 0.23
3.20769 0.394294 0.024546 0.23
3.31378 0.394372 0.0245904 0.23
3.41232 0.394423 0.0245722 0.23
3.50275 0.394534 0.0245907 0.23
3.60693 0.394635 0.0246271 0.23
3.70009 0.394709 0.0246304 0.23
3.80628 0.394826 0.0246477 0.23
3.89265 0.39489 0.0246725 0.23
4.01463 0.395038 0.0246636 0.23
4.12813 0.395147 0.0246716 0.23
4.21275 0.395219 0.02468 0.23
4.30414 0.395317 0.0246834 0.23
4.41117 0.395377 0.0246679 0.23
4.50245 0.395471 0.0246854 0.23
4.59341 0.395522 0.0246718 0.23
4.68627 0.39558 0.0246716 0.23
4.78716 0.395637 0.0246395 0.23
4.88018 0.395651 0.0246236 0.23
4.97163 0.395696 0.024606 0.23
5.07635 0.395728 0.0245961 0.23
5.15957 0.395758 0.0245724 0.23
5.26761 0.395757 0.0245329 0.23
5.35749 0.395759 0.0245146 0.23
5.44952 0.395774 0.0244916 0.23
5.55225 0.395749 0.0244377 0.23
5.64848 0.395733 0.0244131 0.23
5.7432 0.395709 0.0243806 0.23
5.82416 0.395664 0.0243018 0.23
5.92731 0.395634 0.0242955 0.23
6.02292 0.395588 0.0242551 0.23
6.11655 0.395531 0.0242026 0.23
6.20793 0.395499 0.0241713 0.23
6.30991 0.395435 0.0241102 0.23
6.40402 0.395385 0.024081 0.23
6.49116 0.395323 0.024055 0.23
6.58801 0.395271 0.0240069 0.23
6.67756 0.395222 0.023965 0.23
6.76526 0.395175 0.0239278 0.23
6.87324 0.5358 0.0238759 0.23
6.96115 0.5358 0.023876 0.229061
7.05673 0.5358 0.0238361 0.229681
7.1454 0.5358 0.0238453 0.23015
7.26525 0.5358 0.0237996 0.23065
7.3728 0.5358 0.0237706 0.230898
7.45666 0.5358 0.0237929 0.231042
7.55166 0.5358 0.0237751 0.231071
7.6589 0.5358 0.0237829 0.231083
7.75692 0.5358 0.0237878 0.231167
7.85776 0.5358 0.0238413 0.231244
7.93617 0.5358 0.0239185 0.231415
8.03484 0.5358 0.0240101 0.231627
8.13445 0.5358 0.0241038 0.231841
8.22535 0.5358 0.024216 0.232034
8.3244 0.5358 0.0243743 0.232353
8.41515 0.5358 0.0245177 0.232668
8.51095 0.5358 0.0246802 0.233023
8.6115 0.5358 0.0248451 0.233363
8.70652 0.5358 0.0249957 0.233827
8.80342 0.5358 0.0251925 0.23415
8.89215 0.5358 0.0253623 0.234486
8.99454 0.5358 0.0255441 0.234913
9.08323 0.5358 0.0257547 0.235296
9.18392 0.5358 0.0258641 0.235646
9.27705 0.5358 0.0259949 0.235929
9.36863 0.5358 0.0261368 0.236297
9.47491 0.5358 0.0262674 0.236584
9.56102 0.5358 0.026414 0.236795
9.66855 0.5358 0.0264633 0.237059
9.74873 0.5358 0.0264662 0.237222
9.84251 0.5358 0.0265075 0.237375
9.93793 0.5358 0.0265504 0.23748
10.029 0.5358 0.0266321 0.237556
10.1345 0.5358 0.0265005 0.237523
10.2215 0.5358 0.0264787 0.23755
10.3242 0.5358 0.0264053 0.237535
10.4144 0.5358 0.0263261 0.237484
10.5098 0.5358 0.0262051 0.237353
10.6097 0.5358 0.026073 0.237216
10.6991 0.5358 0.0258986 0.237021
10.806 0.5358 0.0257466 0.236799
10.9095 0.5358 0.025586 0.236491
11.0047 0.5358 0.0253862 0.23623
11.0917 0.5358 0.0251493 0.236005
11.1976 0.5358 0.0249273 0.235728
11.2852 0.5358 0.0247249 0.235357
11.3869 0.5358 0.0245021 0.234972
11.4881 0.5358 0.0243105 0.234645
11.588 0.5358 0.0240753 0.234333
11.6803 0.5358 0.0237726 0.233991
11.7658 0.5358 0.0236092 0.233677
11.8759 0.5358 0.0233627 0.233381
11.9656 0.5358 0.0231682 0.233085
12.069 0.5358 0.0230162 0.232862
12.1541 0.5358 -0.3 0.232659
12.2488 0.534808 -0.3 0.232435
12.3538 0.535819 -0.3 0.23228
12.4453 0.536432 -0.3 0.232187
12.5445 0.536813 -0.3 0.232135
12.6516 0.536826 -0.3 0.232097
12.7525 0.536843 -0.3 0.232132
12.8454 0.536845 -0.3 0.232122
12.9404 0.536931 -0.3 0.232118
13.0264 0.537056 -0.3 0.232111
13.1235 0.537188 -0.3 0.23215
13.2201 0.537373 -0.3 0.232178
13.3113 0.537578 -0.3 0.23216
13.4148 0.537833 -0.3 0.232183
13.5148 0.538083 -0.3 0.232198
13.6159 0.538419 -0.3 0.23228
13.7276 0.538768 -0.3 0.232267
13.823 0.53914 -0.3 0.232287
13.9159 0.539457 -0.3 0.232303
14.023 0.53995 -0.3 0.232351
14.1189 0.540379 -0.3 0.23238
14.2254 0.54088 -0.3 0.232406
14.3122 0.541304 -0.3 0.232434
14.4138 0.54181 -0.3 0.232472
14.5132 0.542316 -0.3 0.232534
14.6171 0.542884 -0.3 0.232551
14.715 0.543416 -0.3 0.232583
14.8172 0.543991 -0.3 0.232613
14.903 0.544519 -0.3 0.232686
15.0043 0.545164 -0.3 0.232741
15.0941 0.545695 -0.3 0.232757
15.1921 0.546278 -0.3 0.232792
15.2879 0.54687 -0.3 0.232851
15.3901 0.547515 -0.3 0.232894
15.4921 0.548144 -0.3 0.232917
15.5867 0.548702 -0.3 0.232978
15.6865 0.549351 -0.3 0.233029
15.7806 0.549915 -0.3 0.23307
15.8768 0.550551 -0.3 0.23308
15.9857 0.551194 -0.3 0.233145
16.0789 0.551772 -0.3 0.233157
16.1616 0.55226 -0.3 0.233172
16.2611 0.552879 -0.3 0.233289
16.3554 0.553385 -0.3 0.233306
16.4502 0.553966 -0.3 0.233398
16.5476 0.554487 -0.3 0.233399
16.651 0.555066 -0.3 0.233472
16.751 0.555627 -0.3 0.233516
16.8494 0.556105 -0.3 0.233554
16.9423 0.55658 -0.3 0.233605
17.0413 0.557046 -0.3 0.233604
17.1482 0.557545 -0.3 0.233656
17.2453 0.557967 -0.3 0.233692
17.3554 0.558425 -0.3 0.233722
17.456 0.558841 -0.3 0.233753
17.5519 0.55919 -0.3 0.233789
17.6514 0.559546 -0.3 0.233854
17.7523 0.559865 -0.3 0.233873
17.8502 0.56015 -0.3 0.233871
17.96 0.560441 -0.3 0.233853
18.0524 0.560645 -0.3 0.23391
18.1604 0.560859 -0.3 0.23397
18.2553 0.561029 -0.3 0.234008
18.3567 0.561165 -0.3 0.233988
18.458 0.561297 -0.3 0.234029
18.5618 0.561384 -0.3 0.234018
18.666 0.561447 -0.3 0.234044
18.7695 0.561435 -0.3 0.234087
18.8687 0.561433 -0.3 0.234083
18.968 0.561418 -0.3 0.23411
19.0711 0.561333 -0.3 0.234078
19.1747 0.561228 -0.3 0.234066
19.2758 0.561087 -0.3 0.234042
19.3693 0.560946 -0.3 0.234132
19.4801 0.560715 -0.3 0.234114
19.5757 0.560494 -0.3 0.234108
19.6741 0.560209 -0.3 0.234052
19.7709 0.559987 -0.3 0.234138
19.8654 0.559684 -0.3 0.234157
19.9768 0.559287 -0.3 0.234122
20.0719 0.558943 -0.3 0.234088
20.168 0.558527 -0.3 0.234036
20.283 0.558126 -0.3 0.234083
20.3909 0.55762 -0.3 0.234038
20.4814 0.557153 -0.3 0.234011
20.5629 0.556782 -0.3 0.234025
20.6576 0.556322 -0.3 0.233997
20.7671 0.555778 -0.3 0.234009
20.8594 0.555243 -0.3 0.233949
20.9683 0.55465 -0.3 0.233985
21.0616 0.554104 -0.3 0.23385
21.1646 0.55347 -0.3 0.233865
21.2609 0.552889 -0.3 0.233944
21.3626 0.552285 -0.3 0.233884
21.4702 0.551647 -0.3 0.233873
21.56 0.551077 -0.3 0.233816
21.6583 0.550472 -0.3 0.233725
21.7564 0.549814 -0.3 0.233761
21.8561 0.549256 -0.3 0.233734
21.9491 0.548587 -0.3 0.233733
22.045 0.547956 -0.3 0.233741
22.132 0.547349 -0.3 0.233668
22.2305 0.546683 -0.3 0.233605
22.3209 0.546138 -0.3 0.233657
22.424 0.545505 -0.3 0.233611
22.5114 0.544952 -0.3 0.233582
22.6142 0.544334 -0.3 0.233499
22.7052 0.543785 -0.3 0.233474
22.7929 0.543217 -0.3 0.233512
22.9002 0.542649 -0.3 0.233441
22.9871 0.542159 -0.3 0.233429
23.086 0.541571 -0.3 0.233476
23.1896 0.54105 -0.3 0.233453
23.2896 0.540593 -0.3 0.233411
23.3854 0.540137 -0.3 0.233356
23.4881 0.539634 -0.3 0.233384
23.5867 0.539159 -0.3 0.233319
23.6927 0.538793 -0.3 0.233338
23.7903 0.538452 -0.3 0.233289
23.8803 0.538168 -0.3 0.25
23.9831 0.53786 -0.298445 0.25
24.0718 0.537592 -0.299302 0.25
24.168 0.537388 -0.30001 0.25
24.2853 0.537149 -0.300765 0.25
24.379 0.537042 -0.301201 0.25
24.4808 0.536914 -0.301575 0.25
24.5733 0.53689 -0.301773 0.25
24.6723 0.536846 -0.301867 0.25
24.7625 0.536853 -0.301887 0.25
24.8934 0.536867 -0.301861 0.25
24.9791 0.536877 -0.301879 0.25
25.0787 0.536885 -0.301929 0.25
25.1767 0.536888 -0.301963 0.25
25.2721 0.53692 -0.302019 0.25
25.3689 0.53693 -0.302063 0.25
25.4634 0.536932 -0.302134 0.25
25.5703 0.536913 -0.302205 0.25
25.6586 0.536917 -0.302287 0.25
25.7551 0.536937 -0.302357 0.25
25.8504 0.536972 -0.302409 0.25
25.9555 0.536939 -0.302524 0.25
26.0473 0.536924 -0.302606 0.25
26.1373 0.536922 -0.302677 0.25
26.2367 0.536922 -0.302808 0.25
26.3345 0.536938 -0.302889 0.25
26.443 0.536936 -0.302996 0.25
26.5332 0.536941 -0.303053 0.25
26.6404 0.536933 -0.303148 0.25
26.7262 0.536938 -0.303234 0.25
26.8267 0.536929 -0.303328 0.25
26.9158 0.536898 -0.259 0.23
27.0118 0.536902 -0.259 0.23
27.1078 0.536861 -0.259 0.23
27.2083 0.536865 -0.259 0.23
27.3092 0.536848 -0.259 0.23
27.4078 0.536854 -0.259 0.23
27.4998 0.536868 -0.259 0.23
27.6024 0.536835 -0.259 0.23
27.701 0.536835 -0.259 0.23
27.7901 0.536816 -0.259 0.23
27.8909 0.536822 -0.259 0.23
27.9826 0.53683 -0.259 0.23
28.0827 0.536787 -0.259 0.23
28.1911 0.536815 -0.259 0.23
28.2992 0.536865 -0.259 0.23
28.3949 0.536944 -0.259 0.23
28.5049 0.537038 -0.259 0.23
28.5957 0.53713 -0.259 0.23
28.7016 0.537182 -0.259 0.23
28.8131 0.537246 -0.259 0.23
28.907 0.537315 -0.259 0.23
28.993 0.537387 -0.259 0.23
29.0931 0.537482 -0.259 0.23
29.1858 0.537494 -0.259 0.23
29.2812 0.53748 -0.259 0.23
29.3848 0.537487 -0.259 0.23
29.4813 0.537539 -0.259 0.23
29.5745 0.537493 -0.259 0.23
29.6643 0.537466 -0.259 0.23
29.7642 0.537511 -0.259 0.23
29.86 0.537519 -0.259 0.23
29.9532 0.537418 -0.259 0.23
30.0471 0.53736 -0.259 0.23
30.1425 0.537336 -0.259 0.23
30.2468 0.537285 -0.259 0.23
30.3426 0.537231 -0.259 0.23
30.4364 0.537151 -0.259 0.23
30.5474 0.537082 -0.259 0.23
30.6281 0.631025 -0.178768 -0.0175374
30.7226 0.63044 -0.177736 -0.0173078
30.8246 0.630442 -0.176874 -0.0165137
30.934 0.630528 -0.176261 -0.015354
31.0415 0.634139 -0.151345 -0.0231567
31.1801 0.6292 0.268578 -0.124826
31.278 0.639412 -0.118031 -0.0425528
31.3621 0.645773 -0.123602 -0.0751519
31.4314 0.679661 -0.388528 -0.374544
31.5377 0.640643 -0.11933 -0.0358123
31.634 0.648713 -0.123401 -0.055053
31.7451 0.650584 -0.118213 -0.0508755
31.8253 0.647755 -0.114527 -0.0448197
31.9184 0.647853 -0.113504 -0.0410554
32.0125 0.645554 -0.115111 -0.0424062
32.1131 0.645448 -0.116599 -0.0422095
32.2094 0.647997 -0.115704 -0.046328
32.3023 0.646683 -0.118287 -0.0456631
32.3997 0.646389 -0.1134 -0.0413759
32.5118 0.645493 -0.115481 -0.0420817
32.6016 0.64747 -0.114785 -0.0436904
32.7012 0.646726 -0.119791 -0.046691
32.7997 0.647459 -0.119648 -0.0495883
32.9062 0.648166 -0.118087 -0.0478418
33.0057 0.648323 -0.117843 -0.0486947
33.0937 0.647149 -0.117755 -0.0477241
33.1856 0.64934 -0.116874 -0.0464941
33.2836 0.648577 -0.114157 -0.0468521
33.3725 0.645739 -0.117545 -0.0430044
33.4663 0.646404 -0.113997 -0.044285
33.5741 0.647513 -0.115931 -0.0441982
33.6725 0.646325 -0.116681 -0.0450573
33.7606 0.646133 -0.117159 -0.042224
33.8521 0.646971 -0.120618 -0.0442897
33.9386 0.648032 -0.11522 -0.0415199
34.0132 0.646571 -0.117149 -0.0442602
34.0977 0.646196 -0.113847 -0.0439087
34.1935 0.646816 -0.116341 -0.0448204
34.2996 0.646642 -0.115696 -0.0451518
34.3827 0.645893 -0.117685 -0.046323
34.4809 0.646565 -0.115546 -0.045781
34.5743 0.64791 -0.114414 -0.0472141
34.6614 0.648483 -0.113026 -0.0473725
34.7609 0.646802 -0.116073 -0.0481799
34.8588 0.648653 -0.115192 -0.0449534
34.9432 0.648603 -0.11724 -0.0463261
35.0407 0.647144 -0.116551 -0.0449425
35.1286 0.645935 -0.115939 -0.045007
35.2442 0.646532 -0.119468 -0.0451223
35.3387 0.64544 -0.115133 -0.0439045
35.4134 0.645348 -0.117334 -0.0451618
35.497 0.647619 -0.1153 -0.0485704
35.6365 0.64733 -0.114417 -0.0472291
35.7345 0.647579 -0.115673 -0.0479034
35.8303 0.648407 -0.117361 -0.0445449
35.9223 0.647831 -0.116484 -0.0481425
35.9988 0.648879 -0.114148 -0.0480375
36.1059 0.647686 -0.116144 -0.048697
36.1994 0.647689 -0.114997 -0.0480663
36.2994 0.64811 -0.115582 -0.0481149
36.3899 0.647266 -0.115164 -0.0439277
36.4946 0.646774 -0.114289 -0.0438108
36.6017 0.645864 -0.116634 -0.0433896
36.6885 0.645856 -0.117904 -0.0453873
36.7911 0.647458 -0.115739 -0.0452121
36.8862 0.647242 -0.119271 -0.045569
36.9689 0.647239 -0.116739 -0.0453915
37.0575 0.648206 -0.118134 -0.0486073
37.1534 0.648418 -0.113361 -0.0461812
37.246 0.64749 -0.115492 -0.0488589
37.3267 0.648102 -0.115757 -0.0446361
37.4237 0.646633 -0.116157 -0.0479223
37.5185 0.646278 -0.116557 -0.0460945
37.6219 0.646297 -0.118495 -0.0473584
37.7142 0.646961 -0.116728 -0.0464903
37.7945 0.647524 -0.115208 -0.0469815
37.8802 0.647608 -0.116741 -0.0495564
37.9738 0.649503 -0.117388 -0.0483748
