4.76837e-07 0.500547 0.177882 -0.0668566 0
0.0909808 0.500572 0.177941 -0.0672055 0
0.18206 0.500664 0.177906 -0.067429 0
0.281091 0.500574 0.177905 -0.0670964 0
0.375915 0.500512 0.177811 -0.0674598 0
0.443359 0.500589 0.177904 -0.0675461 0
0.539898 0.500531 0.177806 -0.0675469 0
0.624995 0.500528 0.177876 -0.0673966 0
0.709216 0.50054 0.177803 -0.0668764 0
0.801289 0.500564 0.177879 -0.0676737 0
0.903844 0.500519 0.177864 -0.0666176 0
0.998813 0.500585 0.177897 -0.0671591 0
1.08658 0.500603 0.177924 -0.0674859 0
1.19759 0.500528 0.177885 -0.0669485 0
1.28948 0.500549 0.177853 -0.0674205 0
1.39315 0.500643 0.177881 -0.0682901 0
1.49964 0.500539 0.177885 -0.0677562 0
1.61959 0.500555 0.177854 -0.0674065 0
1.71461 0.500545 0.177842 -0.0675448 0
1.80289 0.500612 0.177866 -0.0673712 0
1.90173 0.500665 0.177912 -0.0678771 0
1.99719 0.500581 0.17791 -0.0675056 0
2.10576 0.500551 0.177886 -0.0674155 0
2.18704 0.500574 0.17786 -0.0675143 0
2.28513 0.500587 0.177901 -0.0681215 0
2.38147 0.500543 0.177899 -0.0677368 0
2.47652 0.500575 0.177824 -0.0672366 0
2.58895 0.500625 0.177867 -0.0680931 0
2.67695 0.500607 0.177895 -0.0675634 0
2.76439 0.500637 0.17789 -0.0675929 0
2.85411 0.500628 0.177817 -0.0675568 0
2.96075 0.500624 0.177879 -0.0677614 0
3.04444 0.50054 0.177852 -0.0672841 0
3.13173 0.500654 0.177918 -0.0678904 0
3.23456 0.500628 0.177919 -0.068342 0
3.34938 0.500627 0.177901 -0.0680425 0
3.4534 0.500526 0.177859 -0.0674989 0
3.53549 0.500647 0.177931 -0.0679674 0
3.63701 0.50066 0.17791 -0.0679608 0
3.72325 0.500532 0.177802 -0.0676353 0
3.81384 0.500589 0.177849 -0.0679762 0
3.916 0.500645 0.177933 -0.0681357 0
4.00012 0.500582 0.177871 -0.0679085 0
4.11837 0.500514 0.177832 -0.0668738 0
4.19944 0.500573 0.17786 -0.067425 0
4.29125 0.500525 0.177839 -0.0675538 0
4.38236 0.500604 0.177936 -0.0677291 0
4.47148 0.500694 0.178026 -0.068622 0
4.5698 0.500508 0.177821 -0.0669205 0
4.65655 0.500619 0.177926 -0.0679929 0
4.74827 0.500648 0.177899 -0.0682022 0
4.858 0.500637 0.17789 -0.0679381 0
4.95313 0.500565 0.177884 -0.0674647 0
5.05867 0.500586 0.177891 -0.0676971 0
5.15816 0.50054 0.177821 -0.0675101 0
5.25538 0.500549 0.177844 -0.0678376 0
5.35439 0.500698 0.177922 -0.0680587 0
5.45163 0.500621 0.177972 -0.0679113 0
5.5587 0.500583 0.177873 -0.0677899 0
5.63728 0.500581 0.177768 -0.0676389 0
5.72737 0.500468 0.177825 -0.0671258 0
5.8284 0.500554 0.177882 -0.0678497 0
5.9162 0.500641 0.177932 -0.0678402 0
6.00413 0.500532 0.177813 -0.0675409 0
6.09659 0.500629 0.177896 -0.0682241 0
6.20121 0.500688 0.177889 -0.0684621 0
6.2965 0.500649 0.177834 -0.0674813 0
6.38471 0.500552 0.177873 -0.0676443 0
6.49667 0.500654 0.177993 -0.0673507 0
6.6026 0.500653 0.177989 -0.0681932 0
6.69237 0.500691 0.177939 -0.0679089 0
6.7748 0.500576 0.177865 -0.0682258 0
6.8762 0.500612 0.177948 -0.0681868 0
6.96859 0.500579 0.177952 -0.0683604 0
7.05799 0.500607 0.177883 -0.0675604 0
7.17623 0.500617 0.177926 -0.0677875 0
7.27915 0.500622 0.177921 -0.0680799 0
7.37384 0.500666 0.177906 -0.0683501 0
7.46761 0.500554 0.177845 -0.0673275 0
7.56826 0.500593 0.177924 -0.0680642 0
7.66822 0.500667 0.178029 -0.0687886 0
7.76493 0.500693 0.177945 -0.0688325 0
7.88187 0.500693 0.177922 -0.0683368 0
7.96155 0.500665 0.177913 -0.0682388 0
8.05419 0.500596 0.177905 -0.0681676 0
8.14738 0.500847 0.178199 -0.0680558 0
8.25285 0.501061 0.178383 -0.0678417 0
8.35007 0.501124 0.178558 -0.0691674 0
8.4436 0.501199 0.178694 -0.0686526 0
8.53324 0.501236 0.178601 -0.0673751 0
8.6314 0.501349 0.17865 -0.0672808 0
8.7259 0.501303 0.179016 -0.0680444 0
8.82595 0.501468 0.179256 -0.0670282 0
8.91993 0.501944 0.179416 -0.0665696 0
9.00993 0.501858 0.179524 -0.0643297 0
9.10909 0.502257 0.179911 -0.0642353 0
9.19855 0.502479 0.180069 -0.06299 0
9.29999 0.50252 0.180403 -0.0639233 0
9.3873 0.502811 0.180625 -0.0616162 0
9.48535 0.502876 0.180867 -0.0614364 0
9.58153 0.503232 0.181119 -0.0625743 0
9.68058 0.503445 0.181341 -0.0610975 0
9.78057 0.503564 0.181674 -0.06026 0
9.87317 0.50342 0.181882 -0.0591919 0
9.97412 0.503547 0.182054 -0.0583533 0
10.0606 0.503597 0.181942 -0.0560864 0
10.1664 0.503822 0.182068 -0.0548403 0
10.2538 0.503339 0.18222 -0.0526864 0
10.3551 0.503627 0.182516 -0.0524112 0
10.4491 0.503953 0.18247 -0.0508167 0
10.5364 0.504006 0.182364 -0.0480855 0
10.633 0.503963 0.182337 -0.0496902 0
10.7189 0.503927 0.182792 -0.0500767 0
10.8148 0.503993 0.182969 -0.048828 0
10.9034 0.504235 0.183084 -0.047917 0
10.9944 0.504223 0.183018 -0.0469812 0
11.0972 0.504782 0.182525 -0.0432819 0
11.1902 0.504087 0.181708 -0.0401978 0
11.2963 0.504553 0.182573 -0.0437051 0
11.3837 0.5049 0.182065 -0.039724 0
11.4928 0.504567 0.18242 -0.0392978 0
11.5764 0.505033 0.181708 -0.0348536 0
11.6666 0.504434 0.182021 -0.0366151 0
11.7577 0.504289 0.18188 -0.0347807 0
11.8501 0.504296 0.181088 -0.0323619 0
11.9553 0.504484 0.182393 -0.0333631 0
12.045 0.505064 0.181993 -0.0356099 0
12.1452 0.50474 0.181588 -0.032815 0
12.2383 0.504402 0.181479 -0.0305005 0
12.3363 0.504667 0.181555 -0.0283932 1
12.427 0.504665 0.181237 -0.0293342 1
12.5156 0.504225 0.181505 -0.0312236 1
12.616 0.504568 0.181662 -0.031765 1
12.7079 0.505214 0.181695 -0.0290583 1
12.7944 0.505914 0.182085 -0.0336154 1
12.8948 0.50572 0.18061 -0.0272644 1
12.992 0.504696 0.180874 -0.0282492 1
13.0889 0.505171 0.181434 -0.0306929 1
13.1743 0.505229 0.181898 -0.0345453 1
13.2748 0.506423 0.181403 -0.0310799 1
13.3669 0.507224 0.181271 -0.0279381 1
13.4626 0.507468 0.181678 -0.0328732 1
13.5533 0.510587 0.180896 -0.035385 1
13.6408 0.509486 0.181726 -0.0286944 1
13.7392 0.51149 0.181962 -0.0301876 1
13.8296 0.51126 0.182154 -0.0283187 1
13.9199 0.51271 0.182186 -0.0291149 1
14.0158 0.515661 0.18185 -0.0295562 1
14.1031 0.516165 0.181418 -0.0249989 1
14.1956 0.51943 0.181947 -0.0280633 1
14.2845 0.520236 0.182405 -0.0267867 1
14.3729 0.521583 0.181776 -0.026061 1
14.4652 0.522385 0.18322 -0.0288041 1
14.569 0.526886 0.182122 -0.0209194 1
14.646 0.53098 0.182471 -0.0230093 1
14.7559 0.534736 0.183005 -0.0219643 1
14.8392 0.537408 0.183087 -0.0225016 1
14.9286 0.540563 0.183332 -0.0234748 1
15.0286 0.542832 0.183575 -0.0271012 1
15.1147 0.545878 0.183616 -0.025405 1
15.2151 0.548916 0.183708 -0.0261238 1
15.3036 0.551805 0.183573 -0.0255418 1
15.399 0.555419 0.184063 -0.0245976 1
15.4922 0.558455 0.183907 -0.0234329 1
15.586 0.561938 0.183088 -0.0232652 1
15.6858 0.565174 0.183318 -0.0221712 1
15.7733 0.568218 0.182982 -0.0227788 1
15.8712 0.571084 0.183134 -0.0239286 1
15.9673 0.573856 0.182892 -0.023244 1
16.0726 0.577676 0.182351 -0.022715 1
16.1587 0.579536 0.182193 -0.0228513 1
16.2526 0.582672 0.181956 -0.0241093 1
16.3525 0.585621 0.181879 -0.0227918 1
16.4444 0.588072 0.181841 -0.0228529 1
16.5376 0.590656 0.181564 -0.0223369 1
16.6348 0.593383 0.181327 -0.021572 1
16.7268 0.595877 0.180954 -0.0226091 1
16.8275 0.598494 0.180777 -0.0225109 1
16.9169 0.601209 0.180766 -0.0234363 1
17.0145 0.602932 0.180585 -0.0230214 1
17.1089 0.604871 0.180308 -0.0227666 1
17.201 0.606684 0.179794 -0.021787 1
17.3086 0.608175 0.179864 -0.0227223 1
17.3942 0.609775 0.179846 -0.0225979 1
17.4977 0.610889 0.179672 -0.0233846 2
17.5872 0.612081 0.179919 -0.0240756 2
17.6774 0.61265 0.179522 -0.0238472 2
17.7782 0.613282 0.179551 -0.0240214 2
17.8645 0.613494 0.179355 -0.0236598 2
17.9742 0.613528 0.179173 -0.0240899 2
18.0641 0.613887 0.179053 -0.0244344 2
18.1752 0.61391 0.178985 -0.0236997 2
18.2627 0.613822 0.178908 -0.023632 2
18.377 0.613732 0.178335 -0.0241236 2
18.4535 0.613933 0.178107 -0.023673 2
18.5446 0.61395 0.177573 -0.0229643 2
18.6451 0.614213 0.176815 -0.0229267 2
18.7407 0.614518 0.176079 -0.0232137 2
18.8375 0.615028 0.175365 -0.0234084 2
18.9254 0.615667 0.1743 -0.0222019 2
19.0284 0.615658 0.172966 -0.0222265 2
19.1142 0.615968 0.171905 -0.0214977 2
19.221 0.616247 0.1703 -0.0225392 2
19.3134 0.616743 0.168574 -0.0232945 2
19.416 0.617559 0.167273 -0.0224725 2
19.5139 0.617885 0.165443 -0.0227653 2
19.6035 0.619077 0.163976 -0.0220871 2
19.7033 0.619085 0.161844 -0.0219496 2
19.7929 0.619535 0.159999 -0.0225698 2
19.8995 0.620361 0.157579 -0.0219829 2
19.988 0.620857 0.155459 -0.0214282 2
20.0831 0.621731 0.153236 -0.0222772 2
20.1869 0.622634 0.15017 -0.0200784 2
20.2799 0.62259 0.147657 -0.0214045 2
20.3836 0.623349 0.144805 -0.0203709 2
20.479 0.624803 0.141625 -0.022185 2
20.5799 0.62536 0.139139 -0.0210853 2
20.6741 0.625526 0.136223 -0.0201245 2
20.7681 0.626793 0.133534 -0.0198014 2
20.8564 0.627711 0.130711 -0.018941 2
20.9607 0.628063 0.127171 -0.0202285 2
21.0562 0.629331 0.124107 -0.017761 2
21.1507 0.630452 0.119697 -0.0186048 2
21.2487 0.631694 0.117074 -0.0176694 2
21.3405 0.631347 0.114134 -0.0205099 2
21.4478 0.632401 0.109881 -0.0193738 2
21.5232 0.632793 0.10725 -0.0202115 2
21.6293 0.633557 0.102492 -0.0202449 2
21.7206 0.633829 0.099008 -0.0197797 2
21.815 0.634909 0.0950233 -0.0200688 2
21.9112 0.6351 0.0910573 -0.0201061 2
21.9968 0.636198 0.0875726 -0.0188497 2
22.1016 0.637607 0.0835553 -0.0190176 2
22.2004 0.637026 0.0791831 -0.0209278 2
22.3033 0.639219 0.0744904 -0.017522 2
22.3988 0.638768 0.070363 -0.0199778 2
22.5036 0.638861 0.0656582 -0.0205785 2
22.5897 0.639797 0.061836 -0.0198574 2
22.6899 0.641048 0.0572221 -0.0179242 2
22.7859 0.640634 0.0528281 -0.0188256 2
22.8908 0.641782 0.0478493 -0.0191209 2
22.9842 0.641966 0.0432293 -0.0184267 2
23.0762 0.641333 0.0395104 -0.0209542 2
23.1833 0.642125 0.0338971 -0.0202835 2
23.2692 0.64227 0.0298167 -0.0197134 2
23.3776 0.643219 0.0246036 -0.0191413 2
23.4646 0.642821 0.0200941 -0.0209939 2
23.5629 0.643484 0.0154732 -0.0203077 2
23.6585 0.643751 0.0106961 -0.0192846 2
23.7594 0.644262 0.00534615 -0.0180572 2
23.8518 0.643649 0.00120226 -0.0201594 2
23.9684 0.643729 -0.00500187 -0.0197259 2
24.096 0.643854 -0.0111294 -0.0183186 2
24.2014 0.642922 -0.0163074 -0.0195805 2
24.2854 0.643417 -0.0202806 -0.0205974 2
24.3812 0.642809 -0.0256475 -0.0205188 2
24.479 0.642799 -0.030473 -0.0211255 2
24.5795 0.642906 -0.0350507 -0.0204622 2
24.6755 0.642207 -0.0400454 -0.0231573 2
24.7788 0.641883 -0.0452245 -0.0210738 2
24.8691 0.641737 -0.0502705 -0.0219239 2
24.9649 0.640963 -0.0540951 -0.0221469 2
25.0646 0.640794 -0.059354 -0.0213602 2
25.1614 0.640409 -0.0638769 -0.0213003 2
25.2582 0.639471 -0.0682554 -0.0237554 2
25.3622 0.639647 -0.0743604 -0.0207141 2
25.4611 0.638903 -0.0781958 -0.0223419 2
25.5562 0.637674 -0.0827871 -0.0244343 2
25.6642 0.63758 -0.0887062 -0.0208937 2
25.755 0.636084 -0.0923879 -0.0233325 2
25.8532 0.635972 -0.0970301 -0.0207484 2
25.9439 0.635425 -0.100775 -0.0211789 2
26.0452 0.634562 -0.104761 -0.0190788 2
26.137 0.633879 -0.109115 -0.0182958 2
26.2439 0.632167 -0.113749 -0.0178032 2
26.3359 0.632028 -0.117238 -0.0172747 2
26.4327 0.630456 -0.121034 -0.0166321 2
26.5292 0.629897 -0.124623 -0.0151491 2
26.6338 0.628759 -0.129081 -0.0168857 2
26.7315 0.627791 -0.132794 -0.0153952 2
26.8324 0.626583 -0.137069 -0.016768 2
26.9278 0.625897 -0.140869 -0.016683 2
27.0233 0.625396 -0.143797 -0.0163701 2
27.1297 0.624275 -0.148535 -0.0161439 2
27.2306 0.622775 -0.151249 -0.0159238 2
27.3515 0.622046 -0.156487 -0.0153439 2
27.4479 0.620597 -0.158345 -0.0165902 2
27.5301 0.61988 -0.16194 -0.0164411 2
27.6157 0.61933 -0.164757 -0.0161287 2
27.7166 0.618667 -0.166785 -0.0182054 2
27.8148 0.617325 -0.17053 -0.0192095 2
27.9104 0.616631 -0.174001 -0.0185008 2
28.0051 0.615204 -0.177026 -0.0201572 2
28.1026 0.614594 -0.179154 -0.0192161 2
28.2072 0.613841 -0.182465 -0.019041 2
28.3066 0.612961 -0.184769 -0.0203686 2
28.4036 0.611781 -0.186916 -0.0215991 2
28.5019 0.61205 -0.189149 -0.0201098 2
28.5985 0.61145 -0.191765 -0.0205772 2
28.6833 0.610753 -0.193046 -0.020838 2
28.7962 0.609881 -0.195646 -0.0207051 2
28.8814 0.609694 -0.196536 -0.0208294 2
28.9865 0.608143 -0.198435 -0.0209057 2
29.0747 0.607883 -0.199839 -0.0198204 2
29.1686 0.607293 -0.201029 -0.0186865 2
29.2651 0.606958 -0.20192 -0.0170405 2
29.365 0.606496 -0.202657 -0.0180193 2
29.4655 0.605232 -0.204043 -0.0173613 3
29.5571 0.604458 -0.204932 -0.0185061 3
29.6602 0.605004 -0.206143 -0.0172355 3
29.7555 0.604185 -0.206357 -0.0172297 3
29.8499 0.604079 -0.206514 -0.0178991 3
29.9419 0.603854 -0.206488 -0.0170048 3
30.0391 0.603982 -0.206511 -0.0173061 3
30.1432 0.604049 -0.206442 -0.0169655 3
30.2573 0.603989 -0.206581 -0.0176234 3
30.3395 0.604019 -0.206596 -0.0172934 3
30.4318 0.603983 -0.206636 -0.0176496 3
30.5404 0.604023 -0.207043 -0.0175261 3
30.6445 0.604214 -0.20612 -0.0172186 3
30.7401 0.603844 -0.206859 -0.0178646 3
30.8408 0.603813 -0.206717 -0.0170727 3
30.9329 0.603717 -0.206603 -0.0179141 3
31.0336 0.604132 -0.207679 -0.0171842 3
31.1296 0.604053 -0.207908 -0.0171585 3
31.2269 0.6042 -0.208381 -0.0167586 3
31.3478 0.604078 -0.208223 -0.0170235 3
31.4286 0.604384 -0.208523 -0.0157028 3
31.5227 0.604217 -0.208821 -0.0162922 3
31.6132 0.604443 -0.208941 -0.0151438 3
31.712 0.604262 -0.209309 -0.0151792 3
31.8084 0.604594 -0.209372 -0.0138216 3
31.9083 0.604493 -0.209475 -0.0147436 3
32.0059 0.604336 -0.209754 -0.0144787 3
32.1022 0.60434 -0.21036 -0.0134146 3
32.1978 0.604811 -0.21049 -0.0127338 3
32.2944 0.604736 -0.21063 -0.0123712 3
32.3948 0.604659 -0.210362 -0.0116792 3
32.4902 0.604895 -0.210706 -0.0109901 4
32.587 0.604691 -0.210977 -0.0111171 4
32.6791 0.604819 -0.211083 -0.0105775 4
32.7775 0.604624 -0.210986 -0.0101053 4
32.8697 0.60464 -0.211368 -0.0102005 4
32.9701 0.604628 -0.211469 -0.0100953 4
33.0663 0.604785 -0.211632 -0.00857899 4
33.1642 0.604617 -0.211787 -0.00880786 4
33.2674 0.604631 -0.211573 -0.00809927 4
33.369 0.604249 -0.210152 -0.00842078 4
33.4648 0.60174 -0.18802 -0.0138643 4
33.5657 0.597732 -0.133673 -0.0299052 4
33.6957 0.597081 -0.145596 -0.00792527 4
33.7839 0.303317 -0.389244 0.0444066 4
33.8627 0.619763 -0.271205 -0.00349852 4
33.9556 0.570563 -0.196062 -0.0999876 4
34.0481 1.25362 -0.208873 1.22847 4
34.1148 0.49858 -0.118766 0.322018 4
34.1818 0.501925 -0.155956 0.451379 4
34.2526 1.027 -0.730435 1.15581 4
34.347 1.027 -0.73056 1.15567 4
34.4458 1.02708 -0.730544 1.15564 4
34.538 1.02716 -0.730492 1.15566 4
34.6406 1.02721 -0.730463 1.15566 4
34.7292 1.02718 -0.730458 1.15567 4
34.8261 1.02718 -0.730508 1.15563 4
34.9134 1.02721 -0.73047 1.15566 4
35.0025 1.0272 -0.730459 1.15567 4
35.0963 1.0272 -0.73047 1.15565 4
35.1868 1.02719 -0.730439 1.15569 4
35.2776 1.02719 -0.730465 1.15568 4
35.3801 1.0272 -0.730484 1.15565 4
35.4643 1.02722 -0.730492 1.15563 4
35.5655 1.02717 -0.730475 1.15568 4
35.6558 1.0272 -0.730459 1.15566 4
35.7487 1.02719 -0.730468 1.15568 4
35.8456 1.02721 -0.73044 1.15568 4
35.9305 1.02719 -0.730475 1.15566 4
36.0293 1.02721 -0.730461 1.15567 4
36.1191 1.02719 -0.730482 1.15565 4
36.2135 1.02721 -0.730475 1.15565 4
36.3158 1.02719 -0.730501 1.15565 4
36.4041 1.02721 -0.730483 1.15567 4
36.5086 1.02718 -0.730507 1.15565 4
36.5935 1.0272 -0.730461 1.15568 4
36.6871 1.02719 -0.730487 1.15567 4
36.7797 1.02719 -0.730493 1.15566 4
36.864 1.02721 -0.730481 1.15565 4
36.9614 1.0272 -0.730462 1.15565 4
37.0511 1.0272 -0.730464 1.15565 4
37.1381 1.02718 -0.730461 1.15568 4
37.2462 1.02722 -0.730466 1.15567 4
37.3348 1.0272 -0.730495 1.15564 4
37.4413 1.02721 -0.730465 1.15567 4
37.5289 1.0272 -0.730489 1.15566 4
37.6275 1.02722 -0.73046 1.15564 4
37.7158 1.02721 -0.730469 1.15565 4
37.8012 1.0272 -0.730482 1.15564 4
37.9008 1.02718 -0.730488 1.15565 4
37.9921 1.02723 -0.730478 1.15563 4
38.0926 1.0272 -0.730455 1.15566 4
38.1882 1.02721 -0.730466 1.15566 4
38.2772 1.02717 -0.730491 1.15566 4
38.3762 1.02722 -0.730452 1.15567 4
38.4641 1.0272 -0.730482 1.15566 4
38.5536 1.02719 -0.730509 1.15564 4
38.6499 1.02718 -0.730476 1.15566 4
38.745 1.02721 -0.730467 1.15567 4
38.8483 1.02719 -0.730449 1.15569 4
38.9317 1.02723 -0.730456 1.15566 4
39.0351 1.0272 -0.730479 1.15565 4
39.1242 1.02722 -0.730482 1.15564 4
39.2013 1.02721 -0.730501 1.15564 4
39.3154 1.02718 -0.730474 1.15567 4
39.4064 1.02723 -0.730479 1.15564 4
39.5091 1.02721 -0.730458 1.15566 4
39.5976 1.02721 -0.730478 1.15565 4
39.6933 1.0272 -0.730479 1.15566 4
39.7819 1.02722 -0.730469 1.15565 4
39.8746 1.0272 -0.730494 1.15565 4
39.9753 1.02721 -0.730477 1.15564 4
40.0625 1.02721 -0.730476 1.15565 4
40.1625 1.02721 -0.73047 1.15565 4
40.2513 1.02718 -0.730487 1.15566 4
40.3414 1.02719 -0.730489 1.15565 4
40.443 1.02719 -0.730473 1.15566 4
40.5321 1.02722 -0.730477 1.15565 4
40.6346 1.0272 -0.730472 1.15566 4
40.722 1.02722 -0.730469 1.15565 4
40.8192 1.02722 -0.730469 1.15563 4
40.9156 1.02721 -0.730462 1.15567 4
41.0021 1.02719 -0.730506 1.15564 4
41.1016 1.0272 -0.730488 1.15565 4
41.197 1.02722 -0.730447 1.15567 4
41.306 1.02721 -0.730465 1.15565 4
41.3949 1.0272 -0.730503 1.15564 4
41.4907 1.02723 -0.730442 1.15567 4
41.5839 1.02721 -0.730473 1.15565 4
41.6715 1.0272 -0.730473 1.15567 4
41.7723 1.02719 -0.730463 1.15567 4
41.8637 1.02723 -0.73047 1.15564 4
41.9623 1.02721 -0.730452 1.15565 4
42.0618 1.02718 -0.730495 1.15565 4
42.1695 1.02722 -0.730472 1.15566 4
42.254 1.0272 -0.730454 1.15568 4
42.3419 1.0272 -0.730478 1.15565 4
42.4296 1.0272 -0.730487 1.15564 4
