4.76837e-07 0.37081 0.18171 -0.0754814 0
0.0909808 0.370878 0.181715 -0.0754683 0
0.18206 0.370911 0.181677 -0.0752205 0
0.281091 0.370879 0.181699 -0.0758224 0
0.375915 0.370832 0.181565 -0.0757471 0
0.443359 0.370765 0.181669 -0.0752345 0
0.539898 0.370843 0.18159 -0.075892 0
0.624995 0.370841 0.181658 -0.0758334 0
0.709216 0.370801 0.181585 -0.075137 0
0.801289 0.370776 0.181578 -0.0754778 0
0.903844 0.3708 0.181638 -0.0746684 0
0.998813 0.370872 0.181708 -0.0757179 0
1.08658 0.370837 0.18158 -0.0749886 0
1.19759 0.370801 0.181676 -0.0751272 0
1.28948 0.370805 0.18163 -0.0754544 0
1.39315 0.370897 0.181617 -0.0761511 0
1.49964 0.370746 0.181609 -0.0756409 0
1.61959 0.370834 0.18161 -0.0758121 0
1.71461 0.370857 0.181685 -0.07611 0
1.80289 0.370871 0.181639 -0.0755328 0
1.90173 0.370796 0.18157 -0.0752471 0
1.99719 0.370902 0.181683 -0.0759963 0
2.10576 0.37081 0.181658 -0.075362 0
2.18704 0.370793 0.181608 -0.0753309 0
2.28513 0.370913 0.18166 -0.0760489 0
2.38147 0.3708 0.181638 -0.0752761 0
2.47652 0.370812 0.181612 -0.0754231 0
2.58895 0.370835 0.181604 -0.0758786 0
2.67695 0.370804 0.181722 -0.0763388 0
2.76439 0.370841 0.181659 -0.0753533 0
2.85411 0.370817 0.181598 -0.0753302 0
2.96075 0.370845 0.181585 -0.0754291 0
3.04444 0.370828 0.181649 -0.0755199 0
3.13173 0.370378 0.181731 -0.0767235 0
3.23456 0.370842 0.181683 -0.0762411 0
3.34938 0.37085 0.18165 -0.0758646 0
3.4534 0.370827 0.18159 -0.0757698 0
3.53549 0.370841 0.181679 -0.0756049 0
3.63701 0.370815 0.181626 -0.0759402 0
3.72325 0.370768 0.181509 -0.0752521 0
3.81384 0.37033 0.181636 -0.0762816 0
3.916 0.370901 0.181708 -0.0760899 0
4.00012 0.370754 0.181639 -0.0757381 0
4.11837 0.370791 0.181624 -0.0753722 0
4.19944 0.370783 0.181593 -0.0749498 0
4.29125 0.370761 0.181585 -0.0752077 0
4.38236 0.370838 0.1817 -0.0756864 0
4.47148 0.370932 0.181692 -0.0764455 0
4.5698 0.370765 0.181574 -0.0748552 0
4.65655 0.370845 0.181702 -0.0757846 0
4.74827 0.370772 0.18156 -0.0749045 0
4.858 0.370869 0.181612 -0.0756552 0
4.95313 0.370822 0.181636 -0.0756868 0
5.05867 0.370294 0.181665 -0.0759565 0
5.15816 0.370822 0.181618 -0.0759957 0
5.25538 0.370818 0.181573 -0.0756865 0
5.35439 0.370902 0.181649 -0.075946 0
5.45163 0.370814 0.18174 -0.0761361 0
5.5587 0.370772 0.18165 -0.0760512 0
5.63728 0.370754 0.181492 -0.0749991 0
5.72737 0.370786 0.181601 -0.0756437 0
5.8284 0.370304 0.181725 -0.0764696 0
5.9162 0.370818 0.181717 -0.0760206 0
6.00413 0.370775 0.181598 -0.0755774 0
6.09659 0.370838 0.181644 -0.0759912 0
6.20121 0.36994 0.181717 -0.0769998 0
6.2965 0.370807 0.181584 -0.0750448 0
6.38471 0.370854 0.181715 -0.0760861 0
6.49667 0.370961 0.181771 -0.0755658 0
6.6026 0.370773 0.181757 -0.0760076 0
6.69237 0.370819 0.181661 -0.075622 0
6.7748 0.370812 0.18163 -0.0763113 0
6.8762 0.370314 0.181735 -0.0767712 0
6.96859 0.370831 0.181719 -0.0760709 0
7.05799 0.370823 0.181671 -0.0759611 0
7.17623 0.370325 0.181711 -0.0764978 0
7.27915 0.370942 0.181618 -0.0762495 0
7.37384 0.370873 0.181655 -0.0761052 0
7.46761 0.37084 0.181598 -0.0754353 0
7.56826 0.370049 0.181741 -0.0763994 0
7.66822 0.370048 0.181781 -0.0766219 0
7.76493 0.37084 0.181669 -0.0768159 0
7.88187 0.37081 0.181641 -0.0756383 0
7.96155 0.370798 0.181649 -0.0755499 0
8.05419 0.370829 0.181616 -0.0757958 0
8.14738 0.370985 0.181984 -0.0754909 0
8.25285 0.371201 0.182198 -0.07597 0
8.35007 0.370223 0.182372 -0.0774234 0
8.4436 0.370441 0.182474 -0.0767943 0
8.53324 0.371429 0.182281 -0.0743805 0
8.6314 0.371402 0.182351 -0.0749465 0
8.7259 0.371368 0.182754 -0.0752932 0
8.82595 0.371708 0.182927 -0.0746595 0
8.91993 0.371666 0.183285 -0.0756971 0
9.00993 0.370408 0.183517 -0.0742481 0
9.10909 0.370131 0.18405 -0.0754226 0
9.19855 0.371926 0.183741 -0.0710959 0
9.29999 0.36941 0.18456 -0.074734 0
9.3873 0.371487 0.184402 -0.0708595 0
9.48535 0.369516 0.184816 -0.0715423 0
9.58153 0.370411 0.18488 -0.0701016 0
9.68058 0.370242 0.185245 -0.0690336 0
9.78057 0.370964 0.185523 -0.0680238 0
9.87317 0.369864 0.185606 -0.0670761 0
9.97412 0.369367 0.185724 -0.0664538 0
10.0606 0.369465 0.185787 -0.0648962 0
10.1664 0.370242 0.18571 -0.0633827 0
10.2538 0.369979 0.185365 -0.0607612 0
10.3551 0.371247 0.185539 -0.0589959 0
10.4491 0.371533 0.185773 -0.0583581 0
10.5364 0.371138 0.185882 -0.0571537 0
10.633 0.371848 0.185852 -0.0563488 0
10.7189 0.371872 0.186389 -0.0572766 0
10.8148 0.371456 0.186565 -0.0553332 0
10.9034 0.372421 0.186673 -0.0538188 0
10.9944 0.372465 0.186613 -0.0523287 0
11.0972 0.372067 0.18696 -0.0515505 0
11.1902 0.371981 0.187135 -0.0510378 0
11.2963 0.372246 0.187044 -0.0499134 0
11.3837 0.372757 0.187304 -0.047985 0
11.4928 0.37297 0.187279 -0.0469544 0
11.5764 0.373256 0.187548 -0.045569 0
11.6666 0.37348 0.187263 -0.0444832 0
11.7577 0.373729 0.187429 -0.0430582 0
11.8501 0.373273 0.187335 -0.0425139 0
11.9553 0.373285 0.187188 -0.0410001 0
12.045 0.373622 0.18758 -0.0407397 0
12.1452 0.374001 0.187375 -0.0388121 0
12.2383 0.373788 0.187258 -0.0371527 0
12.3363 0.373351 0.187191 -0.0369349 1
12.427 0.373178 0.187282 -0.0361108 1
12.5156 0.372824 0.187363 -0.0358903 1
12.616 0.373323 0.187234 -0.035532 1
12.7079 0.373971 0.18716 -0.0346885 1
12.7944 0.373506 0.187553 -0.0359369 1
12.8948 0.37338 0.187354 -0.0348875 1
12.992 0.37365 0.187218 -0.0342401 1
13.0889 0.373327 0.187461 -0.034666 1
13.1743 0.374225 0.187603 -0.0351814 1
13.2748 0.37439 0.187407 -0.0340557 1
13.3669 0.37452 0.187365 -0.034278 1
13.4626 0.375426 0.187379 -0.0343501 1
13.5533 0.376804 0.187123 -0.03427 1
13.6408 0.376623 0.187599 -0.0342855 1
13.7392 0.37814 0.187404 -0.0332167 1
13.8296 0.381324 0.187405 -0.0312782 1
13.9199 0.382574 0.187551 -0.0314803 1
14.0158 0.383404 0.187905 -0.0333672 1
14.1031 0.386137 0.188205 -0.0312096 1
14.1956 0.387447 0.188187 -0.0328666 1
14.2845 0.389999 0.188053 -0.0311933 1
14.3729 0.392892 0.188145 -0.0306824 1
14.4652 0.394244 0.188246 -0.0305912 1
14.569 0.39667 0.188626 -0.0309778 1
14.646 0.399631 0.188588 -0.0302457 1
14.7559 0.402014 0.188515 -0.0296588 1
14.8392 0.405683 0.188609 -0.0296154 1
14.9286 0.408756 0.188494 -0.0276898 1
15.0286 0.410953 0.188553 -0.029029 1
15.1147 0.413421 0.187991 -0.0283774 1
15.2151 0.416 0.188666 -0.0307322 1
15.3036 0.419806 0.188273 -0.0291306 1
15.399 0.422116 0.188341 -0.0305569 1
15.4922 0.426474 0.188123 -0.0279795 1
15.586 0.428842 0.188459 -0.0308162 1
15.6858 0.43159 0.188697 -0.0319342 1
15.7733 0.436414 0.188236 -0.0307297 1
15.8712 0.438612 0.188062 -0.0322672 1
15.9673 0.440884 0.188111 -0.0314858 1
16.0726 0.445899 0.187224 -0.02989 1
16.1587 0.446359 0.187133 -0.0307348 1
16.2526 0.450186 0.187185 -0.0308417 1
16.3525 0.454128 0.18722 -0.0291796 1
16.4444 0.457022 0.186277 -0.0287265 1
16.5376 0.459291 0.185998 -0.0295004 1
16.6348 0.461432 0.185811 -0.0282093 1
16.7268 0.466011 0.185879 -0.0292569 1
16.8275 0.468108 0.185071 -0.0259261 1
16.9169 0.471735 0.185192 -0.026789 1
17.0145 0.472869 0.184725 -0.0263098 1
17.1089 0.474629 0.184455 -0.0263053 1
17.201 0.476712 0.184388 -0.0257588 1
17.3086 0.477926 0.184151 -0.0280077 1
17.3942 0.479808 0.183658 -0.026555 1
17.4977 0.480902 0.183535 -0.0255971 2
17.5872 0.482279 0.18375 -0.0258585 2
17.6774 0.48223 0.183495 -0.0276757 2
17.7782 0.483701 0.18349 -0.0292154 2
17.8645 0.483873 0.183297 -0.0276509 2
17.9742 0.483898 0.1834 -0.0292304 2
18.0641 0.484145 0.183461 -0.0280059 2
18.1752 0.484161 0.183315 -0.0282314 2
18.2627 0.484757 0.183193 -0.0285711 2
18.377 0.484509 0.182836 -0.0292866 2
18.4535 0.484852 0.182418 -0.0280353 2
18.5446 0.484217 0.181935 -0.0287128 2
18.6451 0.485153 0.181204 -0.0268617 2
18.7407 0.485035 0.180493 -0.0286219 2
18.8375 0.485832 0.179613 -0.0269871 2
18.9254 0.485776 0.178616 -0.0252904 2
19.0284 0.485887 0.177378 -0.0274764 2
19.1142 0.486664 0.176267 -0.0259937 2
19.221 0.486936 0.174112 -0.0262465 2
19.3134 0.486582 0.17285 -0.0275958 2
19.416 0.487305 0.171071 -0.0264227 2
19.5139 0.487236 0.16921 -0.0269635 2
19.6035 0.489016 0.168015 -0.0271156 2
19.7033 0.487725 0.165532 -0.0249255 2
19.7929 0.489764 0.163443 -0.0258009 2
19.8995 0.489769 0.161169 -0.0261367 2
19.988 0.490526 0.159091 -0.0247822 2
20.0831 0.4916 0.157056 -0.0256196 2
20.1869 0.491339 0.153929 -0.0239448 2
20.2799 0.491851 0.151252 -0.0246329 2
20.3836 0.49205 0.148544 -0.0252107 2
20.479 0.493658 0.146215 -0.0267113 2
20.5799 0.494553 0.143241 -0.0242856 2
20.6741 0.494468 0.139791 -0.0239408 2
20.7681 0.495164 0.137142 -0.0225868 2
20.8564 0.49702 0.134044 -0.021839 2
20.9607 0.497752 0.131168 -0.0244966 2
21.0562 0.498407 0.127715 -0.020608 2
21.1507 0.49829 0.124413 -0.0264728 2
21.2487 0.500274 0.120944 -0.0222623 2
21.3405 0.500287 0.117676 -0.024878 2
21.4478 0.501017 0.113692 -0.0229017 2
21.5232 0.501558 0.110923 -0.0249249 2
21.6293 0.502991 0.106472 -0.0241476 2
21.7206 0.502821 0.102838 -0.0252497 2
21.815 0.503395 0.0986942 -0.0243325 2
21.9112 0.502733 0.094891 -0.0265677 2
21.9968 0.504623 0.090889 -0.0255753 2
22.1016 0.506731 0.0873893 -0.0229107 2
22.2004 0.506999 0.0827088 -0.0237924 2
22.3033 0.507914 0.0783955 -0.0198026 2
22.3988 0.508062 0.074062 -0.0223703 2
22.5036 0.506222 0.0693813 -0.026859 2
22.5897 0.508891 0.0655146 -0.0225052 2
22.6899 0.510174 0.060958 -0.0215828 2
22.7859 0.509332 0.0562797 -0.0229885 2
22.8908 0.510413 0.0518949 -0.0254806 2
22.9842 0.510424 0.0468942 -0.0236739 2
23.0762 0.510186 0.0431116 -0.0266319 2
23.1833 0.510755 0.0378292 -0.02404 2
23.2692 0.511561 0.0338023 -0.0234417 2
23.3776 0.511552 0.028564 -0.0236731 2
23.4646 0.512321 0.0241363 -0.0259535 2
23.5629 0.511463 0.0195581 -0.0242424 2
23.6585 0.51207 0.0145603 -0.0228419 2
23.7594 0.51226 0.00978348 -0.0231967 2
23.8518 0.512228 0.00497258 -0.0235965 2
23.9684 0.512174 -0.000748694 -0.0241841 2
24.096 0.512954 -0.00723919 -0.0202468 2
24.2014 0.512074 -0.0127023 -0.022978 2
24.2854 0.512209 -0.0164899 -0.0268576 2
24.3812 0.512277 -0.0218542 -0.0272172 2
24.479 0.511885 -0.0265777 -0.0273762 2
24.5795 0.511648 -0.0314679 -0.0277981 2
24.6755 0.511222 -0.0365726 -0.0295962 2
24.7788 0.510943 -0.0415229 -0.0289456 2
24.8691 0.510777 -0.046232 -0.0297627 2
24.9649 0.51013 -0.0507057 -0.0311962 2
25.0646 0.509774 -0.0554459 -0.030814 2
25.1614 0.509764 -0.0601377 -0.0292657 2
25.2582 0.509155 -0.0648154 -0.0310804 2
25.3622 0.509421 -0.0713486 -0.0260798 2
25.4611 0.508856 -0.0755044 -0.0267992 2
25.5562 0.507469 -0.0802674 -0.0268634 2
25.6642 0.507625 -0.0854865 -0.0258759 2
25.755 0.506707 -0.0892331 -0.0280734 2
25.8532 0.505871 -0.0942506 -0.0297397 2
25.9439 0.504596 -0.0984164 -0.0283694 2
26.0452 0.504633 -0.101808 -0.026054 2
26.137 0.503383 -0.10573 -0.0235954 2
26.2439 0.502786 -0.110064 -0.0223797 2
26.3359 0.501966 -0.113741 -0.0218077 2
26.4327 0.500658 -0.118116 -0.0242866 2
26.5292 0.500205 -0.121612 -0.0231387 2
26.6338 0.498303 -0.125522 -0.0255264 2
26.7315 0.498378 -0.128774 -0.0240982 2
26.8324 0.497642 -0.133575 -0.0259851 2
26.9278 0.495646 -0.1374 -0.0277791 2
27.0233 0.495179 -0.139957 -0.0270459 2
27.1297 0.494594 -0.144667 -0.0269837 2
27.2306 0.493142 -0.14762 -0.0274641 2
27.3515 0.492484 -0.152709 -0.0286879 2
27.4479 0.491408 -0.1548 -0.0282774 2
27.5301 0.490095 -0.158425 -0.0289145 2
27.6157 0.489487 -0.161008 -0.028794 2
27.7166 0.489979 -0.163346 -0.0265263 2
27.8148 0.486568 -0.166149 -0.0280236 2
27.9104 0.486567 -0.170201 -0.0269986 2
28.0051 0.484168 -0.173454 -0.0292484 2
28.1026 0.482431 -0.175991 -0.0320675 2
28.2072 0.481726 -0.179388 -0.032308 2
28.3066 0.481256 -0.182109 -0.0333255 2
28.4036 0.480546 -0.184219 -0.0326076 2
28.5019 0.479702 -0.185667 -0.0311891 2
28.5985 0.479479 -0.187742 -0.0310409 2
28.6833 0.478531 -0.189917 -0.0309946 2
28.7962 0.47768 -0.192133 -0.0314242 2
28.8814 0.47725 -0.193086 -0.0312446 2
28.9865 0.476821 -0.195239 -0.0311173 2
29.0747 0.476599 -0.196193 -0.0298551 2
29.1686 0.476014 -0.198149 -0.0318098 2
29.2651 0.475821 -0.199541 -0.0306959 2
29.365 0.475624 -0.199771 -0.0304348 2
29.4655 0.474987 -0.200986 -0.0291867 3
29.5571 0.47435 -0.202012 -0.0307381 3
29.6602 0.474054 -0.202897 -0.030716 3
29.7555 0.473696 -0.203087 -0.0293746 3
29.8499 0.47354 -0.203874 -0.0304783 3
29.9419 0.473665 -0.203665 -0.0291393 3
30.0391 0.472838 -0.203918 -0.0304619 3
30.1432 0.472712 -0.203704 -0.0296826 3
30.2573 0.472767 -0.203716 -0.0301208 3
30.3395 0.472728 -0.203693 -0.0300622 3
30.4318 0.473206 -0.203757 -0.0301152 3
30.5404 0.472808 -0.203863 -0.0300937 3
30.6445 0.473222 -0.203811 -0.0299648 3
30.7401 0.472866 -0.203844 -0.0302017 3
30.8408 0.472673 -0.204055 -0.0300288 3
30.9329 0.472487 -0.20366 -0.0301157 3
31.0336 0.472799 -0.204578 -0.0299656 3
31.1296 0.472449 -0.204663 -0.0298107 3
31.2269 0.472145 -0.204544 -0.030324 3
31.3478 0.472596 -0.205224 -0.030648 3
31.4286 0.472363 -0.205215 -0.0304373 3
31.5227 0.472157 -0.205763 -0.030002 3
31.6132 0.471863 -0.20545 -0.0293012 3
31.712 0.471711 -0.205797 -0.0294764 3
31.8084 0.471853 -0.206099 -0.0283833 3
31.9083 0.47152 -0.206416 -0.0293314 3
32.0059 0.47178 -0.206447 -0.0276195 3
32.1022 0.471837 -0.206972 -0.0267039 3
32.1978 0.472101 -0.207341 -0.0262529 3
32.2944 0.471601 -0.207471 -0.0259879 3
32.3948 0.472126 -0.207774 -0.0251956 3
32.4902 0.471955 -0.20774 -0.0244253 4
32.587 0.472027 -0.208447 -0.0253053 4
32.6791 0.472096 -0.208458 -0.0246809 4
32.7775 0.471656 -0.208991 -0.0241806 4
32.8697 0.471854 -0.208569 -0.0231916 4
32.9701 0.4718 -0.209449 -0.0229047 4
33.0663 0.472119 -0.209457 -0.022083 4
33.1642 0.472072 -0.209694 -0.0213677 4
33.2674 0.471543 -0.209522 -0.0210139 4
33.369 0.471537 -0.207762 -0.0216362 4
33.4648 0.471997 -0.187968 -0.030008 4
33.5657 0.492271 -0.138127 -0.0454756 4
33.6957 1.65726 -0.571814 0.138564 4
33.7839 0.437016 -0.277641 0.0343246 4
33.8627 0.604099 -0.383289 0.0670817 4
33.9556 1.85036 0.687931 -1.09912 4
34.0481 0.587818 -0.248927 0.305707 4
34.1148 0.245321 -0.0798876 -0.110737 4
34.1818 -0.0907966 -0.325171 -0.218743 4
34.2526 1.02295 -0.730359 1.15653 4
34.347 1.02295 -0.730484 1.15638 4
34.4458 1.02303 -0.730468 1.15635 4
34.538 1.02312 -0.730416 1.15637 4
34.6406 1.02316 -0.730387 1.15637 4
34.7292 1.02314 -0.730382 1.15639 4
34.8261 1.02313 -0.730433 1.15635 4
34.9134 1.02316 -0.730395 1.15637 4
35.0025 1.02316 -0.730383 1.15638 4
35.0963 1.02315 -0.730394 1.15636 4
35.1868 1.02315 -0.730364 1.1564 4
35.2776 1.02314 -0.730389 1.15639 4
35.3801 1.02315 -0.730408 1.15637 4
35.4643 1.02317 -0.730416 1.15635 4
35.5655 1.02312 -0.730399 1.15639 4
35.6558 1.02315 -0.730383 1.15638 4
35.7487 1.02314 -0.730393 1.1564 4
35.8456 1.02316 -0.730365 1.15639 4
35.9305 1.02314 -0.730399 1.15638 4
36.0293 1.02316 -0.730385 1.15639 4
36.1191 1.02314 -0.730406 1.15637 4
36.2135 1.02316 -0.730399 1.15637 4
36.3158 1.02314 -0.730426 1.15637 4
36.4041 1.02316 -0.730408 1.15638 4
36.5086 1.02313 -0.730431 1.15637 4
36.5935 1.02315 -0.730386 1.1564 4
36.6871 1.02315 -0.730412 1.15638 4
36.7797 1.02314 -0.730417 1.15637 4
36.864 1.02316 -0.730405 1.15637 4
36.9614 1.02316 -0.730386 1.15636 4
37.0511 1.02315 -0.730389 1.15636 4
37.1381 1.02313 -0.730385 1.1564 4
37.2462 1.02317 -0.730391 1.15638 4
37.3348 1.02315 -0.730419 1.15635 4
37.4413 1.02316 -0.73039 1.15638 4
37.5289 1.02315 -0.730414 1.15637 4
37.6275 1.02317 -0.730385 1.15636 4
37.7158 1.02316 -0.730394 1.15636 4
37.8012 1.02315 -0.730407 1.15636 4
37.9008 1.02313 -0.730413 1.15637 4
37.9921 1.02318 -0.730403 1.15634 4
38.0926 1.02315 -0.730379 1.15637 4
38.1882 1.02316 -0.73039 1.15637 4
38.2772 1.02313 -0.730416 1.15637 4
38.3762 1.02317 -0.730376 1.15638 4
38.4641 1.02315 -0.730406 1.15638 4
38.5536 1.02314 -0.730434 1.15636 4
38.6499 1.02313 -0.730401 1.15638 4
38.745 1.02316 -0.730392 1.15638 4
38.8483 1.02314 -0.730373 1.1564 4
38.9317 1.02318 -0.730381 1.15638 4
39.0351 1.02315 -0.730403 1.15636 4
39.1242 1.02317 -0.730407 1.15635 4
39.2013 1.02316 -0.730426 1.15636 4
39.3154 1.02313 -0.730398 1.15639 4
39.4064 1.02318 -0.730404 1.15636 4
39.5091 1.02316 -0.730383 1.15637 4
39.5976 1.02316 -0.730402 1.15637 4
39.6933 1.02316 -0.730404 1.15638 4
39.7819 1.02317 -0.730394 1.15636 4
39.8746 1.02315 -0.730418 1.15636 4
39.9753 1.02316 -0.730401 1.15636 4
40.0625 1.02316 -0.730401 1.15637 4
40.1625 1.02317 -0.730395 1.15637 4
40.2513 1.02314 -0.730411 1.15637 4
40.3414 1.02315 -0.730413 1.15636 4
40.443 1.02314 -0.730398 1.15638 4
40.5321 1.02317 -0.730401 1.15637 4
40.6346 1.02315 -0.730397 1.15638 4
40.722 1.02318 -0.730393 1.15637 4
40.8192 1.02317 -0.730394 1.15635 4
40.9156 1.02316 -0.730386 1.15639 4
41.0021 1.02315 -0.73043 1.15635 4
41.1016 1.02316 -0.730412 1.15636 4
41.197 1.02317 -0.730372 1.15638 4
41.306 1.02317 -0.73039 1.15637 4
41.3949 1.02315 -0.730428 1.15635 4
41.4907 1.02319 -0.730367 1.15639 4
41.5839 1.02317 -0.730398 1.15637 4
41.6715 1.02315 -0.730397 1.15638 4
41.7723 1.02314 -0.730388 1.15639 4
41.8637 1.02318 -0.730394 1.15636 4
41.9623 1.02317 -0.730376 1.15637 4
42.0618 1.02313 -0.73042 1.15637 4
42.1695 1.02317 -0.730397 1.15637 4
42.254 1.02315 -0.730378 1.15639 4
42.3419 1.02315 -0.730403 1.15637 4
42.4296 1.02315 -0.730412 1.15636 4
