4.76837e-07 0.425566 0.0881943 0.168359 0 0
0.0909808 0.425578 0.0881969 0.16838 0 0
0.18206 0.425577 0.0881964 0.168373 0 0
0.281091 0.425573 0.0881844 0.168372 0 0
0.375915 0.425556 0.0881859 0.168346 0 0
0.443359 0.425574 0.0881826 0.168366 0 0
0.539898 0.425566 0.0881796 0.168332 0 0
0.624995 0.425566 0.0881955 0.168354 0 0
0.709216 0.425568 0.0881884 0.168349 0 0
0.801289 0.425565 0.0881737 0.168348 0 0
0.903844 0.42557 0.0882043 0.168361 0 0
0.998813 0.425562 0.0882058 0.168358 0 0
1.08658 0.425569 0.0881893 0.168374 0 0
1.19759 0.425576 0.0881826 0.168362 0 0
1.28948 0.425554 0.088185 0.16835 0 0
1.39315 0.425568 0.0881782 0.168347 0 0
1.49964 0.42556 0.0881884 0.168345 0 0
1.61959 0.425567 0.0881905 0.168342 0 0
1.71461 0.425553 0.0881957 0.168345 0 0
1.80289 0.425567 0.0881816 0.168359 0 0
1.90173 0.42557 0.0881715 0.168365 0 0
1.99719 0.42557 0.0882053 0.168367 0 0
2.10576 0.425558 0.0881873 0.168356 0 0
2.18704 0.425558 0.0881826 0.168349 0 0
2.28513 0.425567 0.0881858 0.168365 0 0
2.38147 0.425566 0.0881766 0.168349 0 0
2.47652 0.425568 0.0881807 0.168347 0 0
2.58895 0.425559 0.0881762 0.168347 0 0
2.67695 0.425556 0.0881906 0.168354 0 0
2.76439 0.425582 0.0881765 0.168374 0 0
2.85411 0.425574 0.0881825 0.168354 0 0
2.96075 0.425568 0.0881876 0.168355 0 0
3.04444 0.425581 0.088169 0.168358 0 0
3.13173 0.425565 0.0881883 0.168357 0 0
3.23456 0.425571 0.0881599 0.168364 0 0
3.34938 0.425568 0.0881831 0.168359 0 0
3.4534 0.425565 0.0881885 0.168333 0 0
3.53549 0.425573 0.0881751 0.168376 0 0
3.63701 0.425565 0.088168 0.168371 0 0
3.72325 0.425564 0.0881686 0.16834 0 0
3.81384 0.425566 0.0881845 0.168346 0 0
3.916 0.425561 0.0881965 0.168362 0 0
4.00012 0.425557 0.0881766 0.168353 0 0
4.11837 0.425568 0.0881697 0.168357 0 0
4.19944 0.425555 0.0881855 0.168358 0 0
4.29125 0.425569 0.0881635 0.168344 0 0
4.38236 0.425576 0.0881947 0.168371 0 0
4.47148 0.425579 0.0881761 0.168383 0 0
4.5698 0.425569 0.0881824 0.168349 0 0
4.65655 0.425566 0.0881923 0.168354 0 0
4.74827 0.425565 0.0881828 0.168356 0 0
4.858 0.425567 0.0881949 0.168362 0 0
4.95313 0.425579 0.0881862 0.168361 0 0
5.05867 0.425568 0.088182 0.16836 0 0
5.15816 0.425563 0.0881737 0.168346 0 0
5.25538 0.425569 0.0881701 0.168346 0 0
5.35439 0.425563 0.0882042 0.16836 0 0
5.45163 0.425576 0.0882015 0.168367 0 0
5.5587 0.42557 0.0881808 0.168355 0 0
5.63728 0.425555 0.0881632 0.168341 0 0
5.72737 0.425556 0.0881726 0.168343 0 0
5.8284 0.425562 0.0881758 0.168357 0 0
5.9162 0.425575 0.0881909 0.168376 0 0
6.00413 0.425563 0.0881839 0.168336 0 0
6.09659 0.425554 0.0881739 0.168354 0 0
6.20121 0.425562 0.0881969 0.168344 0 0
6.2965 0.425587 0.08818 0.168369 0 0
6.38471 0.425553 0.0882013 0.168359 0 0
6.49667 0.425589 0.0882149 0.168391 0 0
6.6026 0.425572 0.0881898 0.168371 0 0
6.69237 0.425575 0.0881933 0.16837 0 0
6.7748 0.425554 0.0881849 0.168332 0 0
6.8762 0.425568 0.0881896 0.16836 0 0
6.96859 0.425571 0.0881777 0.168366 0 0
7.05799 0.425572 0.0881714 0.168368 0 0
7.17623 0.425564 0.0881799 0.168367 0 0
7.27915 0.425571 0.0881842 0.168357 0 0
7.37384 0.425559 0.0882043 0.168342 0 0
7.46761 0.425556 0.0881826 0.168353 0 0
7.56826 0.425557 0.088191 0.168355 0 0
7.66822 0.42558 0.0881845 0.168379 0 0
7.76493 0.425567 0.0881748 0.168363 0 0
7.88187 0.42557 0.0881987 0.168354 0 0
7.96155 0.425581 0.0881973 0.168359 0 0
8.05419 0.425599 0.0881779 0.168484 0 0
8.14738 0.425634 0.0882179 0.1688 0 0
8.25285 0.425692 0.0882421 0.169329 0 0
8.35007 0.425742 0.0882378 0.169906 0 0
8.4436 0.425803 0.0882549 0.170523 0 0
8.53324 0.425874 0.0882712 0.171252 0 0
8.6314 0.425951 0.0882954 0.172103 0 0
8.7259 0.426023 0.0882859 0.172967 0 0
8.82595 0.426116 0.0882986 0.174102 0 0
8.91993 0.426218 0.0883623 0.175232 0 0
9.00993 0.426305 0.0883671 0.176311 0 0
9.10909 0.426429 0.0884076 0.177618 0 0
9.19855 0.42654 0.0884496 0.17894 0 0
9.29999 0.42662 0.0884395 0.180358 0 0
9.3873 0.426707 0.088477 0.181755 0 0
9.48535 0.426819 0.0884854 0.18325 0 0
9.58153 0.426883 0.0885157 0.184809 0 0
9.68058 0.427007 0.088522 0.186605 0 0
9.78057 0.427077 0.0885045 0.188277 0 0
9.87317 0.42717 0.0885434 0.189955 0 0
9.97412 0.427246 0.0885396 0.191704 0 0
10.0606 0.427285 0.0884981 0.193278 0 0
10.1664 0.427352 0.0885123 0.19537 0 0
10.2538 0.427379 0.088489 0.196843 0 0
10.3551 0.42744 0.0884716 0.198807 0 0
10.4491 0.427479 0.0884511 0.200666 0 0
10.5364 0.427464 0.0884443 0.2023 0 0
10.633 0.42751 0.0884174 0.204126 0 0
10.7189 0.427506 0.0883871 0.205746 0 0
10.8148 0.427529 0.088354 0.207567 0 0
10.9034 0.427528 0.0883285 0.209184 0 0
10.9944 0.427471 0.088283 0.210748 0 0
11.0972 0.427475 0.0882277 0.212614 0 0
11.1902 0.427429 0.0881821 0.21425 0 0
11.2963 0.427388 0.0881179 0.215973 0 0
11.3837 0.427336 0.0880777 0.217413 0 0
11.4928 0.427264 0.0879957 0.219048 0 0
11.5764 0.427224 0.0879496 0.220357 0 0
11.6666 0.427187 0.0879152 0.221653 0 0
11.7577 0.427131 0.0878669 0.222946 0 0
11.8501 0.427062 0.0877891 0.224094 0 0
11.9553 0.427009 0.0877358 0.225366 0 0
12.045 0.426956 0.087726 0.226355 0 0
12.1452 0.426882 0.0876702 0.2274 0 0
12.2383 0.426821 0.0876353 0.228247 0 0
12.3363 0.42678 0.0875929 0.229032 0 1
12.427 0.426758 0.0875446 0.229663 0 1
12.5156 0.426735 0.0875404 0.230156 0 1
12.616 0.426709 0.0874893 0.230566 0 1
12.7079 0.426665 0.0875105 0.230811 0 1
12.7944 0.426692 0.0874742 0.230998 0 1
12.8948 0.42667 0.0874596 0.231049 0 1
12.992 0.426681 0.0874829 0.231064 0 1
13.0889 0.426783 0.0874669 0.231083 0 1
13.1743 0.427177 0.0875044 0.231157 0 1
13.2748 0.427816 0.0875686 0.231225 0 1
13.3669 0.42869 0.0876103 0.231321 0 1
13.4626 0.429725 0.087687 0.231442 0 1
13.5533 0.430828 0.0877809 0.231553 0 1
13.6408 0.432134 0.087894 0.231689 0 1
13.7392 0.433697 0.0880146 0.231844 0 1
13.8296 0.435264 0.0881274 0.232021 0 1
13.9199 0.437158 0.0882952 0.232258 0 1
14.0158 0.439193 0.0884268 0.232511 0 1
14.1031 0.4412 0.0884913 0.232738 0 1
14.1956 0.443293 0.0886284 0.232871 0 1
14.2845 0.445499 0.0887143 0.233008 0 1
14.3729 0.447978 0.0888783 0.233228 0 1
14.4652 0.450386 0.0890223 0.233421 0 1
14.569 0.453365 0.0891603 0.233731 0 1
14.646 0.455724 0.0892218 0.233915 0 1
14.7559 0.458811 0.0892953 0.234051 0 1
14.8392 0.461513 0.0894028 0.234139 0 1
14.9286 0.464275 0.0894959 0.23429 0 1
15.0286 0.467326 0.0895499 0.234439 0 1
15.1147 0.470143 0.0895457 0.234476 0 1
15.2151 0.473588 0.0895661 0.234635 0 1
15.3036 0.476507 0.0895562 0.234664 0 1
15.399 0.479717 0.0896175 0.234867 0 1
15.4922 0.482579 0.0895497 0.234844 0 1
15.586 0.485779 0.0894755 0.234823 0 1
15.6858 0.488978 0.0894181 0.234788 0 1
15.7733 0.492161 0.0893801 0.234791 0 1
15.8712 0.495224 0.0893085 0.234714 0 1
15.9673 0.498314 0.0892028 0.234675 0 1
16.0726 0.501605 0.0890334 0.23454 0 1
16.1587 0.504367 0.0888763 0.234447 0 1
16.2526 0.50724 0.0887896 0.234284 0 1
16.3525 0.510041 0.0886578 0.234251 0 1
16.4444 0.512581 0.0884897 0.234082 0 1
16.5376 0.515244 0.0882448 0.233978 0 1
16.6348 0.517823 0.0880519 0.233756 0 1
16.7268 0.520198 0.087897 0.233571 0 1
16.8275 0.522495 0.0876927 0.233411 0 1
16.9169 0.524671 0.087553 0.233309 0 1
17.0145 0.526709 0.0873837 0.233084 0 1
17.1089 0.528572 0.0871767 0.232895 0 1
17.201 0.530149 0.0870237 0.232735 0 1
17.3086 0.531834 0.0868376 0.232611 0 1
17.3942 0.533075 0.0867085 0.232435 0 1
17.4977 0.534364 0.0866127 0.232349 0 2
17.5872 0.535257 0.0865407 0.232321 0 2
17.6774 0.53603 0.0864669 0.2322 0 2
17.7782 0.536567 0.0864302 0.232124 0 2
17.8645 0.53684 0.0864019 0.232109 0 2
17.9742 0.536931 0.0863669 0.232066 0 2
18.0641 0.536942 0.0863564 0.232072 0 2
18.1752 0.536948 0.0863097 0.232069 0 2
18.2627 0.537 0.0861769 0.232055 0 2
18.377 0.537162 0.085755 0.232046 0 2
18.4535 0.537288 0.0854107 0.232066 0 2
18.5446 0.537485 0.0848914 0.232088 0 2
18.6451 0.537764 0.0841443 0.232062 0 2
18.7407 0.538049 0.0834195 0.232082 0 2
18.8375 0.53841 0.0824319 0.232153 0 2
18.9254 0.538769 0.0814886 0.232169 0 2
19.0284 0.539216 0.0802482 0.232175 0 2
19.1142 0.539605 0.0792564 0.23223 0 2
19.221 0.540176 0.0775811 0.232227 0 2
19.3134 0.540664 0.0761995 0.232223 0 2
19.416 0.54127 0.0744759 0.232284 0 2
19.5139 0.541845 0.0728094 0.23225 0 2
19.6035 0.542438 0.0711474 0.232315 0 2
19.7033 0.543153 0.068994 0.23234 0 2
19.7929 0.543768 0.0671728 0.232348 0 2
19.8995 0.544514 0.0648595 0.232415 0 2
19.988 0.545188 0.0627762 0.232406 0 2
20.0831 0.545936 0.0605361 0.232456 0 2
20.1869 0.546767 0.0578746 0.23249 0 2
20.2799 0.547556 0.0553364 0.23251 0 2
20.3836 0.548408 0.0525737 0.232541 0 2
20.479 0.54922 0.0497969 0.232553 0 2
20.5799 0.55004 0.0469786 0.23263 0 2
20.6741 0.550869 0.0440386 0.232634 0 2
20.7681 0.551729 0.0410092 0.232674 0 2
20.8564 0.5525 0.0382981 0.232754 0 2
20.9607 0.553424 0.0348607 0.23282 0 2
21.0562 0.554255 0.0316553 0.23278 0 2
21.1507 0.555093 0.0283133 0.232866 0 2
21.2487 0.555955 0.0249658 0.232912 0 2
21.3405 0.556687 0.0217883 0.232984 0 2
21.4478 0.557684 0.0176294 0.233002 0 2
21.5232 0.558308 0.0149414 0.233084 0 2
21.6293 0.559212 0.0106054 0.233075 0 2
21.7206 0.559939 0.00710598 0.233073 0 2
21.815 0.560747 0.00326629 0.233149 0 2
21.9112 0.561495 -0.00054531 0.233142 0 2
21.9968 0.562193 -0.00421296 0.233173 0 2
22.1016 0.563003 -0.00855681 0.233259 0 2
22.2004 0.563687 -0.0125754 0.233274 0 2
22.3033 0.564454 -0.0170688 0.233293 0 2
22.3988 0.565095 -0.0212921 0.233308 0 2
22.5036 0.565795 -0.0259345 0.233375 0 2
22.5897 0.566369 -0.0297849 0.233422 0 2
22.6899 0.566941 -0.0340299 0.233445 0 2
22.7859 0.567478 -0.0385552 0.233481 0 2
22.8908 0.568046 -0.0433075 0.233465 0 2
22.9842 0.568526 -0.0477379 0.233476 0 2
23.0762 0.56896 -0.0519642 0.233604 0 2
23.1833 0.569418 -0.0572731 0.233605 0 2
23.2692 0.569745 -0.0610718 0.2336 0 2
23.3776 0.57014 -0.066425 0.233641 0 2
23.4646 0.570425 -0.0706727 0.233655 0 2
23.5629 0.570726 -0.0753434 0.233651 0 2
23.6585 0.570926 -0.0800781 0.233671 0 2
23.7594 0.571171 -0.0851106 0.233765 0 2
23.8518 0.571306 -0.0894475 0.233755 0 2
23.9684 0.57145 -0.0953828 0.233778 0 2
24.096 0.571522 -0.101695 0.233745 0 2
24.2014 0.571525 -0.106928 0.233758 0 2
24.2854 0.57152 -0.110805 0.233715 0 2
24.3812 0.571414 -0.116008 0.233744 0 2
24.479 0.571321 -0.120732 0.23382 0 2
24.5795 0.571172 -0.125549 0.233821 0 2
24.6755 0.570959 -0.130348 0.233795 0 2
24.7788 0.570714 -0.13547 0.233827 0 2
24.8691 0.570469 -0.140132 0.233816 0 2
24.9649 0.570205 -0.144584 0.233874 0 2
25.0646 0.569804 -0.149623 0.233882 0 2
25.1614 0.569457 -0.154161 0.233855 0 2
25.2582 0.569009 -0.158941 0.233822 0 2
25.3622 0.56851 -0.163957 0.233804 0 2
25.4611 0.568064 -0.168492 0.233842 0 2
25.5562 0.567506 -0.173079 0.233811 0 2
25.6642 0.56683 -0.178424 0.233801 0 2
25.755 0.566305 -0.182464 0.233748 0 2
25.8532 0.565656 -0.186985 0.233775 0 2
25.9439 0.565084 -0.190954 0.233781 0 2
26.0452 0.564361 -0.195708 0.233771 0 2
26.137 0.563635 -0.200002 0.233749 0 2
26.2439 0.562879 -0.20453 0.233687 0 2
26.3359 0.562179 -0.208441 0.233744 0 2
26.4327 0.561332 -0.21289 0.233761 0 2
26.5292 0.560532 -0.216952 0.233746 0 2
26.6338 0.559641 -0.221381 0.233697 0 2
26.7315 0.558843 -0.225196 0.23368 0 2
26.8324 0.557888 -0.229465 0.233628 0 2
26.9278 0.557057 -0.233227 0.233597 0 2
27.0233 0.556291 -0.23668 0.23362 0 2
27.1297 0.555298 -0.240872 0.233584 0 2
27.2306 0.554379 -0.24447 0.233571 0 2
27.3515 0.553295 -0.248782 0.23355 0 2
27.4479 0.552413 -0.252118 0.233511 0 2
27.5301 0.551647 -0.255058 0.233497 0 2
27.6157 0.550921 -0.25781 0.233565 0 2
27.7166 0.55003 -0.261106 0.233492 0 2
27.8148 0.549147 -0.264134 0.233445 0 2
27.9104 0.548286 -0.267117 0.233411 0 2
28.0051 0.547461 -0.269885 0.233376 0 2
28.1026 0.546633 -0.272615 0.233343 0 2
28.2072 0.545775 -0.275413 0.233363 0 2
28.3066 0.54491 -0.278143 0.233374 0 2
28.4036 0.544171 -0.280532 0.233381 0 2
28.5019 0.54352 -0.28268 0.233331 0 2
28.5985 0.542778 -0.284943 0.23334 0 2
28.6833 0.54216 -0.286809 0.233273 0 2
28.7962 0.541433 -0.288954 0.233237 0 2
28.8814 0.540932 -0.290447 0.233234 0 2
28.9865 0.540215 -0.292473 0.233248 0 2
29.0747 0.539755 -0.293864 0.233248 0 2
29.1686 0.539283 -0.295228 0.233261 0 2
29.2651 0.538844 -0.296518 0.233244 0 2
29.365 0.53842 -0.297703 0.233183 0 2
29.4655 0.538013 -0.298844 0.233207 0 3
29.5571 0.537726 -0.29965 0.233175 0 3
29.6602 0.537442 -0.30043 0.233149 0 3
29.7555 0.537268 -0.300969 0.233161 0 3
29.8499 0.537104 -0.301454 0.233169 0 3
29.9419 0.537012 -0.301704 0.233155 0 3
30.0391 0.536966 -0.301845 0.233185 0 3
30.1432 0.536974 -0.301867 0.233209 0 3
30.2573 0.536954 -0.3019 0.233154 0 3
30.3395 0.536983 -0.301897 0.233231 0 3
30.4318 0.536988 -0.301928 0.233372 0 3
30.5404 0.537016 -0.30194 0.233677 0 3
30.6445 0.537019 -0.301996 0.234123 0 3
30.7401 0.537022 -0.302073 0.234574 0 3
30.8408 0.537014 -0.302119 0.235106 0 3
30.9329 0.53703 -0.302185 0.235744 0 3
31.0336 0.537006 -0.302257 0.236393 0 3
31.1296 0.537035 -0.30234 0.237084 0 3
31.2269 0.537051 -0.302413 0.237837 0 3
31.3478 0.53706 -0.302493 0.238776 0 3
31.4286 0.537055 -0.302568 0.239556 0 3
31.5227 0.537031 -0.302676 0.240306 0 3
31.6132 0.537048 -0.302763 0.241173 0 3
31.712 0.537071 -0.302854 0.242095 0 3
31.8084 0.537062 -0.302959 0.242917 0 3
31.9083 0.537071 -0.303034 0.243812 0 3
32.0059 0.537057 -0.303115 0.244626 0 3
32.1022 0.53704 -0.303203 0.245452 0 3
32.1978 0.537037 -0.303274 0.246232 0 3
32.2944 0.537034 -0.303339 0.246972 0 3
32.3948 0.536996 -0.303456 0.247768 0 3
32.4902 0.537014 -0.30347 0.248441 0 4
32.587 0.536988 -0.303564 0.249054 0 4
32.6791 0.536981 -0.303609 0.24957 0 4
32.7775 0.536981 -0.303649 0.250081 0 4
32.8697 0.536968 -0.3037 0.250435 0 4
32.9701 0.536957 -0.30373 0.250745 0 4
33.0663 0.536953 -0.303741 0.250971 0 4
33.1642 0.536931 -0.303766 0.251062 0 4
33.2674 0.536923 -0.303798 0.251121 0 4
33.369 0.536757 -0.303689 0.251882 0 4
33.4648 0.533904 -0.30167 0.263585 0 4
33.5657 0.523115 -0.294097 0.302221 0 4
33.6957 0.499348 -0.279862 0.365025 0 4
33.7839 0.464211 -0.262004 0.432079 0 4
33.8627 0.417194 -0.240964 0.498416 0 4
33.9556 0.351871 -0.215121 0.565506 0 4
34.0481 0.29078 -0.193518 0.611509 0 4
34.1148 0.27161 -0.187124 0.623401 0 4
34.1818 0.271488 -0.18704 0.623416 0 4
34.2526 0.271518 -0.187076 0.623393 0 4
34.347 0.271453 -0.18709 0.623477 0 4
34.4458 0.27152 -0.187111 0.623461 0 4
34.538 0.271633 -0.187137 0.623416 0 4
34.6406 0.271675 -0.187159 0.623391 0 4
34.7292 0.271685 -0.187142 0.623377 0 4
34.8261 0.271651 -0.187135 0.623425 0 4
34.9134 0.271673 -0.187157 0.623397 0 4
35.0025 0.271667 -0.18716 0.623392 0 4
35.0963 0.27166 -0.187152 0.623398 0 4
35.1868 0.271665 -0.187152 0.623379 0 4
35.2776 0.271678 -0.187153 0.623388 0 4
35.3801 0.271684 -0.187149 0.623402 0 4
35.4643 0.271648 -0.187155 0.623428 0 4
35.5655 0.271653 -0.18714 0.623399 0 4
35.6558 0.271683 -0.187152 0.623381 0 4
35.7487 0.271675 -0.187146 0.623396 0 4
35.8456 0.271677 -0.187153 0.62338 0 4
35.9305 0.27167 -0.187145 0.623399 0 4
36.0293 0.271674 -0.187157 0.623394 0 4
36.1191 0.271661 -0.187154 0.623403 0 4
36.2135 0.271669 -0.187153 0.623402 0 4
36.3158 0.271669 -0.187145 0.623419 0 4
36.4041 0.271665 -0.18715 0.62342 0 4
36.5086 0.271667 -0.187138 0.62342 0 4
36.5935 0.271674 -0.187147 0.623396 0 4
36.6871 0.271675 -0.187146 0.623412 0 4
36.7797 0.27166 -0.187149 0.623415 0 4
36.864 0.271674 -0.187143 0.62341 0 4
36.9614 0.271666 -0.187157 0.623388 0 4
37.0511 0.271676 -0.187145 0.623385 0 4
37.1381 0.27168 -0.187152 0.623382 0 4
37.2462 0.27166 -0.187153 0.623412 0 4
37.3348 0.271657 -0.187147 0.623417 0 4
37.4413 0.271686 -0.18715 0.623393 0 4
37.5289 0.271668 -0.187155 0.623414 0 4
37.6275 0.27168 -0.187154 0.62339 0 4
37.7158 0.271671 -0.187154 0.623398 0 4
37.8012 0.271654 -0.187153 0.62341 0 4
37.9008 0.271661 -0.187145 0.623404 0 4
37.9921 0.271658 -0.187167 0.62341 0 4
38.0926 0.27168 -0.187149 0.62338 0 4
38.1882 0.271688 -0.187151 0.62339 0 4
38.2772 0.271672 -0.187146 0.623402 0 4
38.3762 0.271669 -0.187149 0.623397 0 4
38.4641 0.271666 -0.187152 0.62341 0 4
38.5536 0.271656 -0.187142 0.623428 0 4
38.6499 0.271655 -0.187146 0.623403 0 4
38.745 0.271653 -0.187154 0.62341 0 4
38.8483 0.271663 -0.187159 0.623382 0 4
38.9317 0.271665 -0.187159 0.623404 0 4
39.0351 0.271662 -0.187145 0.623405 0 4
39.1242 0.271658 -0.187146 0.623417 0 4
39.2013 0.271646 -0.187153 0.623435 0 4
39.3154 0.271664 -0.187142 0.623401 0 4
39.4064 0.271657 -0.187163 0.623419 0 4
39.5091 0.271677 -0.187158 0.623387 0 4
39.5976 0.271657 -0.187158 0.623409 0 4
39.6933 0.27166 -0.18715 0.623415 0 4
39.7819 0.271648 -0.187155 0.623411 0 4
39.8746 0.271668 -0.187148 0.623416 0 4
39.9753 0.27165 -0.18716 0.62341 0 4
40.0625 0.27167 -0.187151 0.623407 0 4
40.1625 0.271667 -0.187147 0.623406 0 4
40.2513 0.271653 -0.187145 0.623411 0 4
40.3414 0.271655 -0.18715 0.623414 0 4
40.443 0.271663 -0.187153 0.623399 0 4
40.5321 0.271657 -0.187155 0.623415 0 4
40.6346 0.271657 -0.18715 0.623407 0 4
40.722 0.271675 -0.187153 0.623405 0 4
40.8192 0.271655 -0.187166 0.623402 0 4
40.9156 0.27168 -0.187149 0.623396 0 4
41.0021 0.271664 -0.18715 0.623422 0 4
41.1016 0.271651 -0.187153 0.623419 0 4
41.197 0.271677 -0.187159 0.623385 0 4
41.306 0.271671 -0.187155 0.623396 0 4
41.3949 0.271655 -0.187143 0.623429 0 4
41.4907 0.271677 -0.187164 0.62339 0 4
41.5839 0.271678 -0.187159 0.623401 0 4
41.6715 0.271662 -0.187151 0.623408 0 4
41.7723 0.271669 -0.187148 0.623391 0 4
41.8637 0.27166 -0.187165 0.623407 0 4
41.9623 0.271687 -0.187158 0.623379 0 4
42.0618 0.271658 -0.187145 0.623414 0 4
42.1695 0.271659 -0.187162 0.62341 0 4
42.254 0.271684 -0.187149 0.623384 0 4
42.3419 0.271667 -0.187146 0.623405 0 4
42.4296 0.271668 -0.187152 0.62341 0 4
