0.000124693 0.476377 0.179623 -0.0639738 0
0.0818543 0.47642 0.179644 -0.0640106 0
0.218937 0.476432 0.179596 -0.0635954 0
0.320106 0.476384 0.179483 -0.0633888 0
0.40904 0.476531 0.179606 -0.0637157 0
0.505186 0.476508 0.179568 -0.0640568 0
0.600604 0.476507 0.179583 -0.0638387 0
0.723273 0.47641 0.179615 -0.0641849 0
0.820819 0.476417 0.179594 -0.0640841 0
0.897207 0.476383 0.179582 -0.0639964 0
1.00077 0.476467 0.179643 -0.0646051 0
1.11442 0.476418 0.179611 -0.0645392 0
1.22702 0.476395 0.179572 -0.0638445 0
1.34828 0.476462 0.179602 -0.0640179 0
1.47882 0.476422 0.179661 -0.0644644 0
1.61238 0.476402 0.179619 -0.0642843 0
1.71657 0.476431 0.179653 -0.0641638 0
1.83179 0.476408 0.179589 -0.0645501 0
1.95591 0.476483 0.179646 -0.064017 0
2.07192 0.476412 0.179696 -0.0648284 0
2.1743 0.476419 0.179527 -0.0641348 0
2.30633 0.476491 0.179635 -0.0643442 0
2.42493 0.476464 0.179582 -0.0634606 0
2.55228 0.476425 0.179636 -0.0646138 0
2.66711 0.476378 0.179578 -0.06391 0
2.77392 0.476423 0.179602 -0.0641099 0
2.90802 0.476497 0.179637 -0.0647838 0
3.02832 0.476457 0.179577 -0.0635734 0
3.16517 0.47648 0.179626 -0.0647959 0
3.31241 0.476439 0.179693 -0.0646141 0
3.42394 0.476402 0.179654 -0.0641038 0
3.54552 0.476438 0.179613 -0.0648221 0
3.66365 0.476493 0.17969 -0.0644226 0
3.7779 0.47641 0.179617 -0.0644619 0
3.89973 0.476394 0.179644 -0.0639528 0
4.00778 0.476433 0.179602 -0.0640601 0
4.11979 0.476448 0.179719 -0.0641897 0
4.24351 0.476402 0.179656 -0.0644726 0
4.3722 0.476473 0.17969 -0.0643852 0
4.51778 0.476393 0.179645 -0.0645906 0
4.63646 0.476422 0.179655 -0.0649979 0
4.76452 0.476432 0.179665 -0.0646241 0
4.8933 0.476411 0.179611 -0.0647523 0
5.04865 0.476432 0.179629 -0.0643989 0
5.16757 0.476474 0.17966 -0.0643986 0
5.28691 0.476401 0.179611 -0.0643199 0
5.40337 0.476386 0.179552 -0.0646242 0
5.52882 0.476496 0.179658 -0.0647473 0
5.62766 0.476418 0.179675 -0.065158 0
5.74679 0.47644 0.179671 -0.0645029 0
5.85801 0.476472 0.179627 -0.0648036 0
5.97757 0.476417 0.179616 -0.0643945 0
6.09249 0.476393 0.179557 -0.064065 0
6.2165 0.47644 0.179598 -0.0645011 0
6.34633 0.476449 0.179602 -0.0647731 0
6.46797 0.476429 0.179529 -0.0644835 0
6.58437 0.47647 0.179659 -0.0646134 0
6.71018 0.476484 0.179704 -0.0651023 0
6.82665 0.476392 0.179626 -0.0642342 0
6.95199 0.476456 0.179716 -0.0647224 0
7.05524 0.476378 0.179608 -0.0651743 0
7.16356 0.476457 0.179657 -0.0647013 0
7.27938 0.476433 0.179619 -0.064206 0
7.37939 0.476428 0.179623 -0.0649299 0
7.49032 0.476422 0.179694 -0.0644584 0
7.61279 0.476467 0.179692 -0.0647543 0
7.72821 0.476438 0.179674 -0.0645964 0
7.83816 0.476436 0.179608 -0.0648334 0
7.96393 0.476466 0.179624 -0.065043 0
8.08733 0.476443 0.179666 -0.0652712 0
8.19784 0.476426 0.179652 -0.0647891 0
8.33263 0.476447 0.179645 -0.0648089 0
8.43652 0.476398 0.179646 -0.0643746 0
8.55935 0.476413 0.179596 -0.0655404 0
8.69089 0.47651 0.179619 -0.0642318 0
8.8077 0.476513 0.179714 -0.0654581 0
8.91625 0.47642 0.17965 -0.0647985 0
9.03886 0.476443 0.179639 -0.0644863 0
9.14911 0.476394 0.179648 -0.0640531 0
9.26873 0.476474 0.179699 -0.0645075 0
9.39218 0.476431 0.179583 -0.0644967 0
9.51449 0.476418 0.179647 -0.0648363 0
9.63571 0.47646 0.179702 -0.0655651 0
9.73527 0.476422 0.179617 -0.064844 0
9.8614 0.476471 0.179674 -0.0650339 0
9.97613 0.476456 0.179694 -0.0651853 0
10.0882 0.476476 0.179664 -0.0650787 0
10.2188 0.476498 0.179611 -0.0647105 0
10.34 0.476434 0.179621 -0.0649529 0
10.464 0.476457 0.179671 -0.0649383 0
10.5881 0.476468 0.179655 -0.0646207 0
10.7154 0.476442 0.179649 -0.0650811 0
10.8087 0.476408 0.17962 -0.0652551 0
10.9246 0.476424 0.179597 -0.0648318 0
11.0559 0.476443 0.179685 -0.065352 0
11.1568 0.476401 0.179657 -0.0645768 0
11.258 0.476439 0.179624 -0.064412 0
11.3731 0.476479 0.179637 -0.0646447 0
11.4853 0.476411 0.179572 -0.064274 0
11.6142 0.476441 0.179622 -0.0644681 0
11.7542 0.476396 0.17959 -0.064429 0
11.8916 0.476487 0.179651 -0.0648954 0
12.0083 0.476373 0.179619 -0.0647753 0
12.1351 0.476417 0.179706 -0.0654934 0
12.2575 0.476533 0.179713 -0.0655704 0
12.3738 0.476383 0.179593 -0.0650245 0
12.5135 0.476448 0.179632 -0.0652179 0
12.6348 0.476404 0.179694 -0.0649117 0
12.7486 0.476447 0.179613 -0.0650245 0
12.859 0.476412 0.179605 -0.064827 0
12.951 0.476435 0.179676 -0.0650588 0
13.0783 0.476484 0.179661 -0.0652433 0
13.2242 0.476369 0.179646 -0.0641692 0
13.3228 0.476506 0.179667 -0.0648275 0
13.4599 0.476442 0.179683 -0.0648455 0
13.5923 0.476545 0.179942 -0.0650033 0
13.6877 0.476761 0.180111 -0.0649443 0
13.8038 0.47688 0.180279 -0.0648397 0
13.9394 0.476969 0.180272 -0.0649641 0
14.0522 0.477148 0.180481 -0.0640137 0
14.1744 0.477483 0.180741 -0.0633362 0
14.2927 0.477641 0.180901 -0.0627164 0
14.4343 0.477775 0.181225 -0.062605 0
14.5811 0.478205 0.181663 -0.0622629 0
14.6844 0.478278 0.181946 -0.0621274 0
14.8174 0.478844 0.182272 -0.0602501 0
14.9578 0.479277 0.182576 -0.0595236 0
15.078 0.479148 0.182794 -0.0595772 0
15.1811 0.479333 0.183042 -0.0592175 0
15.2999 0.479819 0.183302 -0.0580145 0
15.4383 0.480023 0.183537 -0.056457 0
15.5555 0.480103 0.183634 -0.0553519 0
15.6686 0.480142 0.183879 -0.0531588 0
15.8128 0.48029 0.183594 -0.050653 0
15.9174 0.480957 0.183627 -0.0479652 0
16.0194 0.480849 0.183796 -0.0477884 0
16.1655 0.480784 0.184658 -0.0472712 0
16.2822 0.480688 0.184804 -0.0464635 0
16.3898 0.480495 0.185109 -0.0454899 0
16.5087 0.4802 0.185015 -0.0442725 0
16.6243 0.480023 0.185105 -0.0434388 0
16.7593 0.480118 0.185174 -0.0417834 0
16.8689 0.480199 0.185248 -0.039521 0
16.9866 0.480311 0.18525 -0.0379228 0
17.1058 0.480296 0.185158 -0.0365015 0
17.2313 0.48008 0.185033 -0.0356285 0
17.3751 0.480265 0.185062 -0.0354053 0
17.484 0.480418 0.185029 -0.0338571 0
17.5962 0.480475 0.18512 -0.0322765 0
17.7213 0.480116 0.185161 -0.032285 1
17.8466 0.480448 0.184991 -0.0310953 1
17.98 0.480468 0.184984 -0.0303155 1
18.0981 0.480158 0.185025 -0.0293065 1
18.2166 0.480165 0.184743 -0.0293696 1
18.3306 0.480019 0.184889 -0.0293873 1
18.4328 0.47999 0.184577 -0.0291894 1
18.5436 0.480223 0.184819 -0.0285414 1
18.6683 0.480888 0.184603 -0.0293909 1
18.8052 0.481887 0.18492 -0.0292382 1
18.9214 0.48322 0.18535 -0.0286778 1
19.0531 0.485146 0.185463 -0.028714 1
19.1757 0.487112 0.185393 -0.0278855 1
19.2972 0.489415 0.1857 -0.0282281 1
19.4236 0.492442 0.185975 -0.0298483 1
19.535 0.495114 0.186268 -0.0300712 1
19.6481 0.498097 0.186296 -0.0298441 1
19.7859 0.501448 0.186291 -0.0292477 1
19.8994 0.504636 0.18651 -0.0301773 1
20.0105 0.508353 0.186693 -0.0286066 1
20.1372 0.512578 0.186537 -0.0273247 1
20.2724 0.516917 0.186563 -0.0261744 1
20.4152 0.522227 0.187256 -0.0276165 1
20.5328 0.526455 0.187 -0.0231996 1
20.6543 0.531603 0.186849 -0.024184 1
20.7704 0.535705 0.186755 -0.0228639 1
20.8908 0.541082 0.186799 -0.0230685 1
21.0048 0.545439 0.186746 -0.0231909 1
21.1264 0.550349 0.1865 -0.0233148 1
21.2414 0.553957 0.186156 -0.0234514 1
21.3637 0.559048 0.186028 -0.0246245 1
21.4792 0.562944 0.185751 -0.0219946 1
21.6019 0.567972 0.185535 -0.0225647 1
21.7565 0.57267 0.184665 -0.0211411 1
21.8804 0.576951 0.184352 -0.0213785 1
21.9873 0.580831 0.18447 -0.0226042 1
22.1045 0.58496 0.183938 -0.0221719 1
22.2343 0.588288 0.1835 -0.0224132 1
22.3288 0.591586 0.18332 -0.0224373 1
22.4531 0.5944 0.182578 -0.021987 1
22.5859 0.598066 0.182124 -0.0211914 1
22.69 0.600176 0.181949 -0.0200282 1
22.7956 0.602182 0.181732 -0.02056 1
22.9554 0.604451 0.181248 -0.0204022 1
23.0826 0.605831 0.18125 -0.0226347 2
23.2015 0.607279 0.181079 -0.0220156 2
23.3286 0.608167 0.181069 -0.0219171 2
23.4707 0.608407 0.180891 -0.0216929 2
23.559 0.608292 0.18099 -0.0209118 2
23.6645 0.608037 0.180864 -0.0220727 2
23.8025 0.608756 0.1804 -0.020908 2
23.9244 0.608567 0.179833 -0.021608 2
24.0403 0.608985 0.179073 -0.0212963 2
24.1555 0.609112 0.177855 -0.0211342 2
24.2704 0.609633 0.177013 -0.021873 2
24.411 0.610107 0.175355 -0.0213875 2
24.5226 0.610437 0.174038 -0.0215349 2
24.6444 0.611187 0.172053 -0.0210078 2
24.7753 0.611837 0.169877 -0.0202014 2
24.8902 0.613201 0.167577 -0.0195006 2
25.0182 0.613507 0.1653 -0.0180718 2
25.1387 0.613642 0.162556 -0.019031 2
25.2432 0.614992 0.160573 -0.0199412 2
25.3712 0.615775 0.157635 -0.019282 2
25.5191 0.616597 0.153668 -0.0198341 2
25.6492 0.617538 0.150398 -0.0177758 2
25.77 0.618836 0.147149 -0.018674 2
25.8965 0.619641 0.14329 -0.0175643 2
25.9899 0.620597 0.14042 -0.0184094 2
26.1312 0.621435 0.136546 -0.0188041 2
26.2652 0.622861 0.13169 -0.016872 2
26.3891 0.623489 0.127599 -0.0180698 2
26.5085 0.624466 0.123709 -0.0183675 2
26.6286 0.625257 0.118983 -0.0189504 2
26.7509 0.626804 0.114573 -0.0190457 2
26.8755 0.627308 0.109553 -0.0176271 2
26.9988 0.628611 0.105142 -0.0190135 2
27.1155 0.630383 0.10082 -0.0155846 2
27.2387 0.63021 0.0951184 -0.0185445 2
27.3583 0.631301 0.0900028 -0.0184377 2
27.4741 0.632064 0.085613 -0.0171888 2
27.5923 0.633731 0.0795981 -0.0150489 2
27.7316 0.63334 0.0742402 -0.017442 2
27.8223 0.63408 0.0695195 -0.017421 2
27.9393 0.63462 0.0646816 -0.0174805 2
28.076 0.636024 0.058489 -0.0168449 2
28.1865 0.636771 0.0536238 -0.0164265 2
28.3133 0.636882 0.0468354 -0.0187508 2
28.4468 0.637936 0.0407342 -0.0165905 2
28.5623 0.637791 0.0342749 -0.0173412 2
28.695 0.638713 0.0279576 -0.0151132 2
28.8198 0.638775 0.0223617 -0.0172603 2
28.9271 0.6392 0.016937 -0.0167702 2
29.0505 0.639003 0.0109518 -0.0170939 2
29.1908 0.639521 0.00317171 -0.0173402 2
29.3047 0.639789 -0.00244448 -0.0171838 2
29.4272 0.639542 -0.00857094 -0.0181877 2
29.5655 0.640177 -0.0158614 -0.0151557 2
29.6842 0.639318 -0.0211612 -0.0175118 2
29.8172 0.639587 -0.0286255 -0.0178422 2
29.9173 0.639172 -0.033148 -0.0188333 2
30.0634 0.638509 -0.041104 -0.0184296 2
30.1519 0.638324 -0.0456769 -0.0190661 2
30.2759 0.637883 -0.0516535 -0.0186439 2
30.3883 0.637461 -0.0571026 -0.0210599 2
30.5193 0.637094 -0.0643681 -0.0193487 2
30.656 0.636144 -0.0709307 -0.0198987 2
30.7611 0.63605 -0.0758161 -0.0203418 2
30.9029 0.635751 -0.0829643 -0.0182645 2
31.0167 0.634616 -0.0892889 -0.0162324 2
31.1218 0.63428 -0.0950442 -0.0173166 2
31.2317 0.632854 -0.09952 -0.0147585 2
31.3593 0.631731 -0.105057 -0.0139745 2
31.4831 0.630587 -0.110381 -0.0134545 2
31.6037 0.6297 -0.115912 -0.0116321 2
31.7485 0.628863 -0.122202 -0.0124706 2
31.8836 0.627138 -0.127832 -0.0100503 2
32.0202 0.625819 -0.133705 -0.0100979 2
32.1486 0.624522 -0.13878 -0.0105042 2
32.2773 0.6231 -0.144255 -0.0101187 2
32.4203 0.621625 -0.149631 -0.0107704 2
32.5229 0.620981 -0.15308 -0.0113218 2
32.6359 0.619976 -0.156962 -0.0109066 2
32.7642 0.619578 -0.159928 -0.0123433 2
32.8918 0.61801 -0.167678 -0.0121339 2
33.0202 0.618016 -0.170734 -0.0124485 2
33.1394 0.616498 -0.17393 -0.0131291 2
33.2664 0.614848 -0.178473 -0.013875 2
33.3974 0.614723 -0.18245 -0.0140638 2
33.5167 0.613507 -0.185937 -0.0148158 2
33.6335 0.612537 -0.188952 -0.0153589 2
33.752 0.610624 -0.192255 -0.0160219 2
33.8672 0.608337 -0.194352 -0.0158196 2
34.0157 0.608612 -0.197739 -0.0157228 2
34.1363 0.607444 -0.200893 -0.0161959 2
34.2684 0.60618 -0.2026 -0.0149208 2
34.4178 0.60425 -0.205471 -0.0163414 2
34.5396 0.603552 -0.207325 -0.0163055 2
34.6562 0.603933 -0.208454 -0.0141045 2
34.7813 0.603212 -0.209453 -0.0139553 2
34.9025 0.603212 -0.210808 -0.0128245 3
35.0145 0.602256 -0.211788 -0.013788 3
35.1342 0.602335 -0.212586 -0.0131375 3
35.257 0.601711 -0.213045 -0.0136568 3
35.3767 0.602346 -0.213459 -0.013354 3
35.5056 0.601833 -0.213411 -0.0138015 3
35.6359 0.601646 -0.21343 -0.0144771 3
35.7335 0.601501 -0.213437 -0.0142056 3
35.8461 0.601683 -0.213095 -0.0143033 3
35.9679 0.601851 -0.213454 -0.0138339 3
36.089 0.601524 -0.213209 -0.0147436 3
36.2012 0.601364 -0.21321 -0.0150158 3
36.3348 0.601711 -0.213733 -0.0140836 3
36.4663 0.60191 -0.21382 -0.0134923 3
36.5941 0.601916 -0.213896 -0.013533 3
36.6942 0.602453 -0.214251 -0.0127708 3
36.8044 0.602666 -0.21443 -0.0118068 3
36.933 0.601966 -0.21498 -0.0116104 3
37.0593 0.602006 -0.215134 -0.0121228 3
37.177 0.601962 -0.215428 -0.0115675 3
37.3083 0.602686 -0.215598 -0.0107281 3
37.4293 0.601959 -0.215704 -0.0106689 3
37.5528 0.602131 -0.216146 -0.00902481 3
37.6572 0.601618 -0.215873 -0.00951037 3
37.7807 0.602418 -0.216504 -0.00843447 3
37.9058 0.601461 -0.216364 -0.00674582 4
38.006 0.601586 -0.216793 -0.00709487 4
38.1514 0.601892 -0.216894 -0.00663477 4
38.2603 0.601192 -0.216864 -0.00576779 4
38.3959 0.601399 -0.216866 -0.00485418 4
38.5263 0.601317 -0.217265 -0.00439132 4
38.6783 0.601876 -0.217106 -0.00456671 4
38.7924 0.601718 -0.217268 -0.00453393 4
38.8839 0.601316 -0.217143 -0.00358391 4
38.9924 0.601807 -0.21678 -0.00502345 4
39.1084 0.601546 -0.216034 -0.00552604 4
39.2217 0.60131 -0.214887 -0.0045844 4
39.3385 0.601482 -0.213112 -0.00475834 4
39.4485 0.601127 -0.211829 -0.00497488 4
39.594 0.601586 -0.209163 -0.0063981 4
39.7167 0.602114 -0.206999 -0.00719559 4
39.8035 0.601768 -0.204678 -0.00621341 4
39.9115 0.602222 -0.201657 -0.00516924 4
40.0361 0.602265 -0.198425 -0.00571808 4
40.1625 0.601556 -0.196023 -0.00637604 4
40.3036 0.602515 -0.193426 -0.00805271 4
40.4143 0.602853 -0.190537 -0.00730556 4
40.5486 0.602497 -0.187761 -0.00864647 4
40.6721 0.602467 -0.185802 -0.0110679 4
40.7934 0.602683 -0.18339 -0.0115938 4
40.9067 0.602736 -0.180905 -0.0113024 4
41.0285 0.603227 -0.178753 -0.0132967 4
41.1333 0.602183 -0.178266 -0.0137228 4
41.2571 0.602334 -0.176213 -0.0128815 4
41.3681 0.602305 -0.174845 -0.0120594 4
41.4994 0.601657 -0.172483 -0.0117526 4
41.6372 0.601079 -0.172018 -0.0118732 5
41.765 0.601591 -0.171401 -0.0118415 5
41.906 0.60092 -0.171645 -0.0104299 5
42.0073 0.600903 -0.172125 -0.0107003 5
42.1269 0.601338 -0.17883 -0.0092748 5
42.2631 0.601755 -0.178491 -0.0101465 5
42.3972 0.602903 -0.177339 -0.0162777 5
42.5158 0.601441 -0.177342 -0.024201 5
42.6171 0.601754 -0.177122 -0.0228031 5
42.716 0.601676 -0.177194 -0.0233295 5
42.8372 0.601579 -0.177508 -0.0230716 5
42.9553 0.601567 -0.177592 -0.0226064 5
43.0837 0.601532 -0.177484 -0.0228338 5
43.1946 0.601421 -0.177418 -0.0239307 5
43.3072 0.601554 -0.177404 -0.0233488 5
43.4221 0.60151 -0.177356 -0.0233196 5
43.5282 0.601663 -0.177169 -0.0227831 5
43.6811 0.601408 -0.177565 -0.0226778 5
43.7623 0.601398 -0.177392 -0.0226948 5
43.8847 0.601599 -0.177336 -0.0228518 5
43.9925 0.601521 -0.177486 -0.0231868 5
44.1002 0.601447 -0.177378 -0.0230984 5
44.21 0.601412 -0.177496 -0.0238096 5
44.3266 0.601498 -0.177306 -0.0232136 5
44.4435 0.601483 -0.177152 -0.0236189 5
44.5511 0.60144 -0.17718 -0.0232721 5
44.6864 0.601587 -0.177356 -0.0231984 5
44.8025 0.601636 -0.177406 -0.0232525 5
44.914 0.601528 -0.177468 -0.0221677 5
45.0584 0.601524 -0.176989 -0.022495 5
45.186 0.6016 -0.177517 -0.0233725 5
45.3007 0.601358 -0.177392 -0.0227797 5
45.4262 0.601541 -0.177357 -0.0232837 5
45.5383 0.601627 -0.177446 -0.0229572 5
45.6637 0.601682 -0.177256 -0.0233612 5
45.7685 0.601623 -0.177419 -0.0231422 5
45.8911 0.601566 -0.177899 -0.0231131 5
46.0093 0.601505 -0.177254 -0.023141 5
46.1216 0.601614 -0.177375 -0.0224919 5
46.2259 0.601414 -0.177063 -0.0234091 5
