41.4994 41.4994 0 0 5
41.6372 41.4994 0 0.137833 5
41.765 41.4994 0.137833 0.265603 5
41.906 41.4994 0.265603 0.406641 5
42.0073 41.4994 0.406641 0.507872 5
42.1269 41.4994 0.507872 0.627509 5
42.2631 41.4994 0.627509 0.763683 5
42.3972 41.4994 0.763683 0.897767 5
42.5158 41.4994 0.897767 1.01636 5
42.6171 41.4994 1.01636 1.11772 5
42.716 41.4994 1.11772 1.21658 5
42.8372 41.4994 1.21658 1.3378 5
42.9553 41.4994 1.3378 1.45586 5
43.0837 41.4994 1.45586 1.58426 5
43.1946 41.4994 1.58426 1.69523 5
43.3072 41.4994 1.69523 1.80778 5
43.4221 41.4994 1.80778 1.9227 5
43.5282 41.4994 1.9227 2.02879 5
43.6811 41.4994 2.02879 2.1817 5
43.7623 41.4994 2.1817 2.26287 5
43.8847 41.4994 2.26287 2.3853 5
43.9925 41.4994 2.3853 2.4931 5
44.1002 41.4994 2.4931 2.60076 5
44.21 41.4994 2.60076 2.7106 5
44.3266 41.4994 2.7106 2.82721 5
44.4435 41.4994 2.82721 2.94411 5
44.5511 41.4994 2.94411 3.05168 5
44.6864 41.4994 3.05168 3.18703 5
44.8025 41.4994 3.18703 3.3031 5
44.914 41.4994 3.3031 3.41459 5
45.0584 41.4994 3.41459 3.55904 5
45.186 41.4994 3.55904 3.68663 5
45.3007 41.4994 3.68663 3.80133 5
45.4262 41.4994 3.80133 3.92679 5
45.5383 41.4994 3.92679 4.03895 5
45.6637 41.4994 4.03895 4.16433 5
45.7685 41.4994 4.16433 4.26913 5
45.8911 41.4994 4.26913 4.39173 5
46.0093 41.4994 4.39173 4.50988 5
46.1216 41.4994 4.50988 4.62223 5
46.2259 41.4994 4.62223 4.72645 5
