-4.76837e-07 0.396677 0.135151 -0.0723245
0.0928347 0.396687 0.135105 -0.0712464
0.16967 0.396706 0.135247 -0.0717254
0.253334 0.39675 0.135267 -0.0720213
0.34291 0.396773 0.135258 -0.0725059
0.431765 0.396582 0.135197 -0.0717262
0.512672 0.396674 0.135257 -0.0723836
0.597338 0.396754 0.135248 -0.0722793
0.687516 0.396698 0.135193 -0.0723174
0.769533 0.396692 0.135277 -0.072101
0.849497 0.396695 0.135309 -0.0724743
0.931285 0.396745 0.135334 -0.0728011
1.02285 0.396643 0.135215 -0.0720354
1.09894 0.396702 0.135248 -0.0713494
1.18382 0.396613 0.135146 -0.0716523
1.27037 0.396661 0.135219 -0.071432
1.35483 0.396676 0.135199 -0.0719547
1.43695 0.396716 0.135273 -0.0722288
0 0.528509 0.138725 -0.0650742
0.078891 0.528481 0.138904 -0.0644994
0.164232 0.528508 0.138911 -0.0650799
0.253867 0.528465 0.138871 -0.064201
0.336454 0.528494 0.139044 -0.064395
0.416789 0.528512 0.138781 -0.0647924
0.500913 0.528524 0.139061 -0.0647456
0.589513 0.528441 0.138891 -0.0641999
0.674349 0.528411 0.138898 -0.0643404
0.756142 0.528496 0.138888 -0.0645332
0.845541 0.528425 0.139017 -0.0641337
0.928951 0.528511 0.13907 -0.0646818
1.00711 0.528396 0.13883 -0.0638615
1.1013 0.528448 0.138849 -0.0645183
1.18322 0.528524 0.138689 -0.064668
1.26482 0.528579 0.138747 -0.0651722
1.34844 0.528521 0.1391 -0.0645704
1.43919 0.528529 0.138721 -0.0649896
1.52621 0.528507 0.138901 -0.0649405
1.60575 0.52853 0.138892 -0.0644915
1.68924 0.528588 0.138879 -0.0652726
1.7809 0.528511 0.138902 -0.0646387
1.86362 0.528471 0.139068 -0.0646755
1.94465 0.528468 0.138895 -0.0646363
2.0258 0.528507 0.138886 -0.0651698
2.12566 0.528439 0.139044 -0.0638042
2.20959 0.528477 0.138875 -0.0650976
2.30097 0.528517 0.139102 -0.0649392
2.39146 0.528569 0.138889 -0.0647014
2.48868 0.528501 0.138695 -0.0645658
2.57124 0.528492 0.139032 -0.0645141
2.66959 0.528486 0.139051 -0.0645388
2.74753 0.528489 0.138676 -0.0648046
2.83122 0.528493 0.138936 -0.064925
2.92193 0.528497 0.138955 -0.0645751
3.00601 0.528499 0.138791 -0.064595
3.09164 0.528532 0.1387 -0.0652723
3.17974 0.528475 0.139092 -0.0649612
3.26348 0.528611 0.138973 -0.0661433
3.3495 0.528495 0.138916 -0.0648834
3.43117 0.528434 0.138649 -0.0647995
3.51436 0.52847 0.138856 -0.0643533
3.59944 0.528479 0.138936 -0.0648956
3.68313 0.528482 0.139042 -0.0646998
3.77525 0.528517 0.139043 -0.0652474
3.85708 0.528492 0.13871 -0.0646781
3.94023 0.528493 0.138914 -0.0653081
4.02187 0.528476 0.138879 -0.0650502
4.11943 0.528574 0.138943 -0.0656548
4.20451 0.528489 0.138909 -0.0646321
4.28751 0.528494 0.13892 -0.0647799
4.38191 0.528529 0.139119 -0.0647526
4.46368 0.52851 0.13895 -0.0645508
4.55747 0.528534 0.138808 -0.0654341
4.63454 0.528524 0.13869 -0.0658063
4.72106 0.52847 0.13883 -0.0642533
4.80122 0.528487 0.138637 -0.0650669
4.88545 0.528522 0.138924 -0.0651137
4.97556 0.528562 0.139018 -0.0654521
5.05645 0.528492 0.138873 -0.0645856
5.14011 0.528449 0.138898 -0.0645839
5.23542 0.52846 0.139062 -0.0642522
5.31574 0.528467 0.138891 -0.0650776
5.39908 0.528498 0.138796 -0.0640476
5.48131 0.528546 0.139108 -0.0651924
5.56417 0.528446 0.138937 -0.0646825
5.65186 0.528488 0.138908 -0.0648327
5.73521 0.528493 0.13889 -0.065207
5.81398 0.528539 0.139025 -0.0649092
5.90177 0.528519 0.138734 -0.0653448
5.99638 0.528491 0.138845 -0.0648716
6.07918 0.528462 0.138892 -0.0646512
6.15631 0.528535 0.139054 -0.0653892
6.25194 0.528559 0.138982 -0.0650162
6.33153 0.52845 0.138864 -0.0648406
6.41507 0.528424 0.139085 -0.0649232
6.51027 0.528497 0.13889 -0.0650174
6.59016 0.528477 0.138673 -0.0652056
6.68075 0.5285 0.139037 -0.0651735
6.76553 0.528486 0.138856 -0.064992
6.8524 0.52851 0.13887 -0.0649402
6.93592 0.52854 0.138912 -0.0649232
7.02077 0.528465 0.138958 -0.0642968
7.10913 0.528506 0.138893 -0.0654256
7.19437 0.528536 0.138741 -0.0657336
7.27802 0.528577 0.138974 -0.0649709
7.36583 0.528527 0.139078 -0.0651059
7.45325 0.528507 0.138949 -0.0648829
7.53555 0.528502 0.138928 -0.0651648
7.61702 0.528589 0.138809 -0.064694
7.71187 0.528526 0.139163 -0.0655922
7.79506 0.528457 0.138998 -0.064901
7.87763 0.528495 0.138748 -0.0644668
7.96925 0.528535 0.13891 -0.0650553
8.05393 0.52852 0.138701 -0.065199
8.14177 0.528515 0.138934 -0.0649922
8.22169 0.528496 0.138901 -0.0650753
8.31399 0.528553 0.138707 -0.0651389
8.40301 0.5285 0.138686 -0.064962
8.48934 0.528482 0.138823 -0.0645471
8.58255 0.528487 0.138851 -0.0649623
8.66948 0.528527 0.139031 -0.0650894
8.74878 0.528491 0.138827 -0.0653459
8.83639 0.528438 0.138892 -0.06471
8.91852 0.528576 0.139114 -0.06566
9.0013 0.528478 0.138901 -0.0651122
9.08205 0.528504 0.13896 -0.0657523
9.18112 0.528531 0.138739 -0.0649851
9.2544 0.528446 0.139064 -0.0650405
-4.76837e-07 0.525636 0.135264 -0.0661029
0.0788429 0.525552 0.135217 -0.0655434
0.157479 0.525674 0.135315 -0.0660179
0.240566 0.525551 0.13522 -0.0653597
0.337667 0.525523 0.135283 -0.0659001
0.420318 0.525556 0.135286 -0.0658888
0.507378 0.525628 0.135204 -0.0665057
0.595004 0.52563 0.135304 -0.0658294
0.688585 0.525629 0.135324 -0.0662615
0.787612 0.525629 0.135255 -0.06665
0.901529 0.525627 0.135222 -0.0660106
1.01437 0.525602 0.13531 -0.0661126
1.11023 0.525624 0.13528 -0.0658063
1.21018 0.525671 0.135312 -0.0663355
1.30367 0.525584 0.135193 -0.0659958
1.38892 0.525622 0.135333 -0.0656166
1.48917 0.525592 0.135304 -0.0658552
1.57839 0.52559 0.13523 -0.0653096
1.67814 0.525642 0.135403 -0.0663034
1.77114 0.525635 0.135261 -0.06627
1.87185 0.525631 0.135274 -0.0663336
1.96749 0.525576 0.135239 -0.0662083
2.05937 0.525599 0.135243 -0.0658483
2.1601 0.525678 0.13533 -0.0666322
2.2509 0.52564 0.135283 -0.0665466
2.34968 0.525546 0.135242 -0.0655582
2.44002 0.525646 0.135301 -0.0658699
2.53796 0.525591 0.135252 -0.0662891
2.63424 0.525617 0.135216 -0.0664314
2.74278 0.525596 0.135349 -0.0655999
2.85065 0.52563 0.135302 -0.0663627
2.94284 0.525563 0.1353 -0.0654895
3.0469 0.525589 0.135181 -0.0658015
3.13499 0.525647 0.135323 -0.065785
3.24233 0.525668 0.135279 -0.0661709
3.32781 0.525621 0.135242 -0.066048
3.42043 0.525606 0.135249 -0.0657195
3.50411 0.52567 0.135317 -0.0663758
3.60515 0.525613 0.135319 -0.066365
3.69572 0.525667 0.135359 -0.0661025
3.79641 0.525621 0.135224 -0.0662901
3.89432 0.525593 0.135211 -0.0661856
3.98145 0.525574 0.135268 -0.0660777
4.08894 0.525608 0.135263 -0.0660458
4.17972 0.525674 0.13533 -0.0665107
4.28445 0.525673 0.135284 -0.0667358
4.37331 0.525532 0.135275 -0.0657806
4.47111 0.525643 0.135281 -0.0662169
4.56214 0.525644 0.135239 -0.0661224
4.67158 0.525654 0.135285 -0.066223
4.78265 0.525527 0.135248 -0.0655263
4.90128 0.525627 0.135254 -0.0660375
5.00038 0.525597 0.135269 -0.0660656
5.11413 0.525629 0.135259 -0.066229
5.2136 0.525593 0.135258 -0.065733
5.30858 0.525664 0.135285 -0.0670795
5.41422 0.525618 0.135308 -0.0662364
5.49209 0.52556 0.13526 -0.0661187
5.59202 0.525593 0.135252 -0.0658474
5.68582 0.525543 0.135212 -0.0656652
5.79848 0.525684 0.135238 -0.0667089
5.87491 0.525538 0.135271 -0.0653508
5.9633 0.525675 0.135411 -0.0660904
6.06239 0.525766 0.135508 -0.0660932
6.16086 0.525999 0.135827 -0.0665253
6.2566 0.526052 0.135856 -0.0664403
6.34375 0.526015 0.135792 -0.065949
6.43687 0.526382 0.136116 -0.0658357
6.5314 0.526352 0.136125 -0.0655107
6.62412 0.526454 0.13606 -0.0654726
6.71803 0.526602 0.136269 -0.0647544
6.81796 0.526662 0.136303 -0.0642203
6.90596 0.526806 0.13646 -0.0635451
7.00179 0.527016 0.136667 -0.0634775
7.09477 0.527019 0.136823 -0.0630903
7.19011 0.527237 0.13701 -0.0616723
7.29213 0.527392 0.137215 -0.0609857
7.37682 0.527699 0.137264 -0.060474
7.48352 0.527999 0.137605 -0.0591812
7.57394 0.527939 0.137555 -0.0589428
7.65956 0.52815 0.137676 -0.0574609
7.74615 0.528287 0.137899 -0.0562238
7.84015 0.528276 0.137602 -0.053577
7.93792 0.528298 0.137645 -0.0536952
8.03152 0.52843 0.137809 -0.0523094
8.1276 0.528601 0.13788 -0.0501985
8.22827 0.528625 0.138173 -0.0491188
8.32468 0.528991 0.138031 -0.0472132
8.43069 0.529104 0.137776 -0.0454505
8.51925 0.529406 0.137938 -0.0435921
8.6146 0.529036 0.13831 -0.0433731
8.70333 0.529512 0.138643 -0.0434408
8.8014 0.529571 0.138488 -0.0408294
8.89838 0.529901 0.138583 -0.0410052
8.98766 0.530356 0.138821 -0.0413771
9.09668 0.530475 0.138876 -0.0398601
9.17571 0.529878 0.138516 -0.0385243
9.27172 0.529516 0.139435 -0.038899
9.36343 0.529769 0.139538 -0.0371979
9.46354 0.529878 0.139547 -0.035866
9.55717 0.529572 0.139502 -0.0364842
9.64376 0.529501 0.13958 -0.0347705
9.74846 0.52908 0.139585 -0.0334759
9.83341 0.529458 0.139548 -0.0331545
9.92892 0.529193 0.139539 -0.0335399
10.0259 0.52922 0.139674 -0.0317639
10.13 0.529021 0.139401 -0.0312553
10.2218 0.529077 0.139453 -0.0299323
10.3113 0.529127 0.139424 -0.0306384
10.4164 0.529031 0.139277 -0.0298331
10.5067 0.529151 0.139316 -0.0281759
10.6092 0.529039 0.139228 -0.0280942
10.6965 0.529055 0.139075 -0.0275594
10.8003 0.529235 0.139256 -0.0279238
10.8918 0.528903 0.139051 -0.0280381
10.9871 0.528928 0.139158 -0.0286087
11.0778 0.528983 0.139095 -0.0280764
11.1656 0.529638 0.13932 -0.0280149
11.2666 0.529953 0.139401 -0.0281529
11.3602 0.53042 0.139046 -0.0274737
11.4701 0.531561 0.139225 -0.0269806
11.5473 0.532227 0.139212 -0.0269421
11.6399 0.533214 0.139154 -0.0275527
11.7364 0.534249 0.139248 -0.0278871
11.8276 0.535961 0.13935 -0.0269425
11.924 0.536626 0.139181 -0.0282362
12.0231 0.538383 0.139318 -0.0260929
12.1168 0.539744 0.139123 -0.0280356
12.2155 0.541671 0.139058 -0.0261827
12.3111 0.54341 0.139076 -0.025835
12.4097 0.545045 0.139423 -0.0271617
12.4982 0.546843 0.139241 -0.0291079
12.5942 0.548926 0.138786 -0.0258403
12.6885 0.550966 0.138995 -0.0261969
12.7794 0.553753 0.139105 -0.0260918
12.8851 0.556345 0.139363 -0.0250395
12.9786 0.558251 0.139249 -0.0255469
13.0764 0.560494 0.139392 -0.0243782
13.167 0.56268 0.139113 -0.0248707
13.2561 0.564896 0.139178 -0.0253914
13.358 0.567669 0.138743 -0.0236162
13.4418 0.569538 0.138761 -0.0236401
13.5492 0.571905 0.138617 -0.0229006
13.631 0.574262 0.138839 -0.0240595
13.7297 0.576138 0.138569 -0.0232766
13.831 0.578289 0.138344 -0.0222604
13.9383 0.581542 0.138539 -0.0228444
14.0286 0.583143 0.13821 -0.0239909
14.1243 0.585628 0.138173 -0.0223095
14.227 0.58741 0.138055 -0.0239482
14.3187 0.589829 0.13807 -0.0228156
14.4263 0.592388 0.137806 -0.0209016
14.5238 0.594554 0.137726 -0.0213668
14.6107 0.595888 0.137446 -0.0227737
14.7142 0.597288 0.137607 -0.0227926
14.795 0.599104 0.137492 -0.0223779
14.8992 0.60057 0.137393 -0.0222954
14.9823 0.602167 0.137453 -0.0219323
15.0883 0.603552 0.137149 -0.0222918
15.1737 0.605156 0.137053 -0.0218629
15.2654 0.605714 0.136771 -0.0208575
15.3633 0.606853 0.136824 -0.0227754
15.4564 0.607785 0.13651 -0.0210038
15.5479 0.608461 0.136581 -0.0216147
15.641 0.60903 0.136246 -0.0211659
15.7391 0.609197 0.136143 -0.0210598
15.8297 0.609468 0.136381 -0.0220026
15.9255 0.609309 0.136327 -0.0218264
16.024 0.609162 0.136479 -0.0236691
16.1138 0.609577 0.136272 -0.0211631
16.2161 0.609749 0.1361 -0.0212788
16.3014 0.609943 0.135727 -0.0209516
16.4108 0.609797 0.135208 -0.0216581
16.5091 0.610104 0.1345 -0.0202113
16.6124 0.610651 0.133514 -0.0204044
16.7087 0.611096 0.132637 -0.0197093
16.8174 0.610851 0.132168 -0.0209889
16.9131 0.611111 0.130962 -0.0204538
17.0187 0.611501 0.129787 -0.0211291
17.1065 0.611894 0.128478 -0.0206695
17.2063 0.612121 0.127278 -0.0212195
17.3002 0.6125 0.126082 -0.0221712
17.3952 0.613763 0.123778 -0.02097
17.4955 0.6141 0.122606 -0.0220186
17.5825 0.614796 0.120549 -0.0193651
17.6922 0.615213 0.118817 -0.0199253
17.7773 0.615447 0.116919 -0.0205037
17.8689 0.615875 0.115316 -0.0203855
17.9699 0.616496 0.112797 -0.0195378
18.0641 0.617742 0.111048 -0.0182244
18.1651 0.617858 0.108348 -0.0196187
18.2609 0.618357 0.105961 -0.0189932
18.3629 0.618804 0.103345 -0.0189954
18.4576 0.619153 0.100984 -0.0214758
18.5625 0.619799 0.0973223 -0.0192207
18.658 0.620484 0.094979 -0.0189145
18.7605 0.62076 0.0922921 -0.0182353
18.8521 0.621655 0.0891709 -0.0190471
18.9576 0.622542 0.0862893 -0.0180855
19.049 0.622747 0.0832088 -0.0197348
19.1413 0.62398 0.0800809 -0.0173263
19.2371 0.62415 0.0775148 -0.0190513
19.3276 0.624986 0.0743652 -0.0198131
19.4277 0.625557 0.0710646 -0.0183561
19.516 0.626128 0.0676754 -0.0191752
19.6155 0.626617 0.0641545 -0.0185072
19.7049 0.62727 0.0601691 -0.0182186
19.7963 0.62791 0.0576321 -0.0181732
19.8985 0.62799 0.0539485 -0.0192544
19.9956 0.628287 0.049868 -0.0200296
20.0995 0.629046 0.0462061 -0.0195175
20.1964 0.629456 0.0422569 -0.0191049
20.3043 0.630543 0.0374969 -0.016836
20.3961 0.630386 0.0342649 -0.0193723
20.5001 0.630887 0.0299959 -0.0188981
20.6024 0.631402 0.0259051 -0.0201225
20.6962 0.631401 0.022002 -0.019446
20.7896 0.632264 0.0183418 -0.0185337
20.8855 0.633265 0.0140315 -0.0172673
20.9753 0.632893 0.0104956 -0.0201314
21.0714 0.632967 0.00626674 -0.0180867
21.1661 0.633098 0.00211173 -0.0177355
21.2581 0.633715 -0.00174797 -0.0189567
21.3597 0.634255 -0.00583932 -0.0172403
21.4458 0.633932 -0.0106357 -0.0176941
21.5415 0.634261 -0.0144094 -0.0174161
21.6399 0.633562 -0.0186622 -0.0190084
21.7391 0.634826 -0.0233287 -0.0173649
21.8367 0.633773 -0.0274344 -0.0179796
21.9356 0.633681 -0.0318042 -0.0191137
22.0356 0.633572 -0.0365522 -0.019802
22.1286 0.633616 -0.0405148 -0.019467
22.2171 0.634249 -0.0442841 -0.0171126
22.3312 0.633717 -0.0496006 -0.0175711
22.4203 0.633478 -0.053216 -0.0184578
22.496 0.632897 -0.0570693 -0.0194466
22.5878 0.632418 -0.0612882 -0.0206132
22.6842 0.632049 -0.0654392 -0.0204142
22.7731 0.631811 -0.0691973 -0.0211063
22.8736 0.63191 -0.0750794 -0.0191816
22.9761 0.631481 -0.0786935 -0.0182533
23.0756 0.631049 -0.0829509 -0.0194719
23.1691 0.630601 -0.0871569 -0.0199307
23.2632 0.630213 -0.0910361 -0.0195786
23.3632 0.629611 -0.0952914 -0.0187826
23.4552 0.628978 -0.0992792 -0.0167317
23.5534 0.628445 -0.103059 -0.0172699
23.6576 0.627405 -0.107356 -0.0168258
23.7504 0.626863 -0.110908 -0.0154534
23.8489 0.625954 -0.115019 -0.0156762
23.9545 0.625533 -0.118791 -0.0143453
24.0496 0.62488 -0.122965 -0.0148426
24.1441 0.62411 -0.126344 -0.014112
24.2394 0.623589 -0.129781 -0.0150821
24.3308 0.622713 -0.133093 -0.0135752
24.429 0.622043 -0.137323 -0.0139814
24.526 0.621083 -0.140263 -0.0130996
24.6254 0.620788 -0.143576 -0.0128847
24.7156 0.620058 -0.147292 -0.0131006
24.8077 0.619909 -0.149956 -0.0124685
24.9116 0.618947 -0.154056 -0.0129628
25.0069 0.61817 -0.157248 -0.0138064
25.1031 0.617163 -0.160017 -0.0136492
25.2154 0.616693 -0.163463 -0.0130139
25.3131 0.615897 -0.16714 -0.0134088
25.4119 0.614961 -0.16989 -0.0140013
25.5032 0.614035 -0.172633 -0.0156113
25.5962 0.613657 -0.175468 -0.0153453
25.6949 0.612849 -0.178129 -0.0155026
25.7807 0.61271 -0.180756 -0.0150054
25.8763 0.611098 -0.182679 -0.0164299
25.9659 0.610832 -0.185438 -0.0163912
26.058 0.609462 -0.187787 -0.0158194
26.1456 0.608938 -0.189401 -0.0156837
26.2533 0.60896 -0.192118 -0.0139197
26.3625 0.607723 -0.194055 -0.0164092
26.4552 0.606917 -0.195723 -0.0148739
26.5439 0.606029 -0.197604 -0.0152484
26.6359 0.605625 -0.19922 -0.0158005
26.721 0.60591 -0.200729 -0.0143102
26.8182 0.605457 -0.201759 -0.0139972
26.9024 0.605296 -0.203364 -0.0132162
26.9958 0.604988 -0.204409 -0.0134578
27.094 0.604879 -0.205745 -0.0127203
27.1864 0.604543 -0.207072 -0.0131663
27.2752 0.604168 -0.20785 -0.0128623
27.3643 0.603363 -0.208701 -0.0137026
27.4638 0.603558 -0.20964 -0.0135093
27.5541 0.603372 -0.209972 -0.0128491
27.664 0.603324 -0.210377 -0.0120524
27.7599 0.603006 -0.210844 -0.0137893
27.8523 0.602651 -0.211682 -0.0142616
27.95 0.602451 -0.211331 -0.0139279
28.0813 0.602643 -0.211388 -0.0133838
28.1884 0.602476 -0.211479 -0.0138925
28.2933 0.602687 -0.212005 -0.014092
28.3917 0.602189 -0.211886 -0.0144335
28.4836 0.602235 -0.211941 -0.0150007
28.5712 0.602343 -0.211555 -0.0138421
28.6535 0.602599 -0.211844 -0.0142296
28.743 0.602607 -0.212236 -0.0139163
28.8306 0.602711 -0.212216 -0.0140106
28.9113 0.602777 -0.212477 -0.0137893
28.9993 0.602674 -0.212825 -0.0131161
29.1023 0.602762 -0.212968 -0.0132708
29.1938 0.602581 -0.212971 -0.0128035
29.2909 0.60305 -0.212966 -0.0127147
29.3878 0.60257 -0.213414 -0.0105159
29.4812 0.602127 -0.213706 -0.0113558
29.6008 0.602009 -0.213585 -0.0114431
29.6879 0.602375 -0.213961 -0.0107715
29.7728 0.602296 -0.214098 -0.0103984
29.8562 0.602102 -0.214243 -0.00952519
29.9466 0.602222 -0.214256 -0.00983881
30.0815 0.6025 -0.214354 -0.00881431
30.1797 0.602298 -0.214563 -0.00737842
30.2805 0.602065 -0.214723 -0.00764591
30.3676 0.602572 -0.214858 -0.00670487
30.452 0.602183 -0.214802 -0.00709218
30.5393 0.602278 -0.215049 -0.0056357
30.625 0.602252 -0.214881 -0.00527851
30.7246 0.602502 -0.21532 -0.00545191
30.8264 0.602304 -0.215353 -0.00429611
30.9449 0.602138 -0.215228 -0.00470538
31.0402 0.60205 -0.215333 -0.00423187
31.1538 0.602262 -0.215545 -0.00333773
31.2351 0.60224 -0.215604 -0.00392641
31.3246 0.602379 -0.215513 -0.00351529
31.4549 0.602381 -0.214691 -0.00376448
31.5731 0.602198 -0.213368 -0.0047427
31.6555 0.602384 -0.212401 -0.00501991
31.7454 0.602504 -0.210899 -0.00538392
31.8301 0.602522 -0.209779 -0.00580525
31.9163 0.602579 -0.208425 -0.00586059
32.0171 0.602611 -0.20678 -0.0077415
32.1133 0.602826 -0.204899 -0.00811916
32.228 0.603022 -0.202837 -0.00909014
32.3433 0.603269 -0.198885 -0.0072787
32.4399 0.602683 -0.196775 -0.00978809
32.5284 0.603676 -0.194466 -0.00938558
32.6164 0.603366 -0.192041 -0.0107714
32.7014 0.60324 -0.190258 -0.0117736
32.7898 0.60359 -0.188046 -0.0124103
32.8778 0.603359 -0.186887 -0.0149024
32.9742 0.603628 -0.184183 -0.0150544
33.0595 0.603592 -0.182514 -0.0164904
33.1574 0.603409 -0.181572 -0.0183458
33.2555 0.603466 -0.179632 -0.0187022
33.3449 0.603497 -0.177689 -0.0197455
33.4442 0.602901 -0.175749 -0.0211647
33.5373 0.602558 -0.175211 -0.0222714
33.636 0.603347 -0.173739 -0.0218504
33.722 0.602548 -0.172165 -0.0221798
33.8176 0.602594 -0.170814 -0.0220886
33.9108 0.602444 -0.170209 -0.0223965
34.0082 0.602669 -0.168985 -0.0219055
34.1445 0.602417 -0.168938 -0.0212188
34.262 0.602127 -0.169248 -0.0222809
34.3825 0.591413 -0.123395 -0.0544685
34.5032 0.50759 -0.521391 -0.133541
34.6254 0.520514 -0.0189119 -0.349602
34.7288 0.533992 0.669275 -0.665589
34.8238 0.569092 -0.238338 -0.00282443
34.9401 0.598598 1.13457 -0.893209
35.0468 0.573868 0.229126 -0.191291
35.1202 0.485105 -0.0865252 -0.0687346
35.195 0.361693 0.494993 -0.545523
35.2938 0.358582 0.033253 -0.239075
35.3992 0.598618 0.263407 -0.225723
35.4785 0.549584 0.453454 -0.4537
35.5724 0.383807 2.59969 -2.10617
35.6654 0.552616 0.463267 -0.404601
35.7617 0.393596 -0.380139 -0.0340911
35.8513 0.376386 -0.302941 -0.111942
35.9437 0.590674 0.497913 -0.414189
36.0389 0.546645 0.739277 -0.619708
36.1259 0.561449 0.325812 -0.299869
36.2121 0.586933 0.258856 -0.240352
36.3076 0.343046 -0.352657 -0.0696476
36.3914 0.570018 0.401811 -0.331946
36.4749 0.53722 0.539975 -0.506246
36.5808 0.584105 0.357095 -0.308169
36.675 0.406479 -0.222117 -0.0350144
36.7642 0.492132 -0.154856 -0.133255
36.846 0.349572 -0.27041 -0.035275
36.9386 0.444962 0.0924699 -0.236867
37.0208 0.5862 0.485652 -0.396328
37.1372 0.56226 0.327333 -0.302164
37.2094 0.544811 0.233998 -0.227706
37.3017 0.39869 -0.123385 -0.131113
37.3851 0.434697 -0.134222 -0.120053
37.47 0.579091 0.685716 -0.62613
37.5684 0.420773 0.0438513 -0.194907
37.6774 0.439127 0.107314 -0.219772
37.7626 0.452856 -0.109866 -0.0814929
37.859 0.434514 0.0329929 -0.162747
37.9528 0.570386 0.468312 -0.385471
38.0488 0.442933 -0.238055 0.0383528
38.1562 0.408993 0.551431 -0.518911
38.2263 0.467325 0.0804531 -0.200724
38.3236 0.512189 0.491304 -0.465065
38.4114 0.50936 0.647879 -0.581131
38.5382 0.210986 -0.356001 0.00762606
38.6125 0.429587 0.212609 -0.299922
38.699 0.512857 0.496265 -0.451772
38.7946 0.53513 0.370039 -0.358498
38.883 0.438878 0.160772 -0.26723
38.9858 0.406814 0.172579 -0.264437
39.0741 0.58631 0.44033 -0.361441
39.1729 0.442748 -0.0104204 -0.15313
39.2642 0.407933 0.109512 -0.230704
