-4.76837e-07 0.529558 0.137779 -0.0639695
0.0928347 0.529545 0.137748 -0.0631919
0.16967 0.529629 0.137847 -0.0631707
0.253334 0.529673 0.137862 -0.0633997
0.34291 0.529578 0.137877 -0.0637155
0.431765 0.529466 0.137754 -0.0625046
0.512672 0.52959 0.137848 -0.0638566
0.597338 0.529649 0.137866 -0.0639193
0.687516 0.52961 0.137802 -0.0633873
0.769533 0.529633 0.137875 -0.0639213
0.849497 0.529621 0.13787 -0.0635661
0.931285 0.529693 0.1379 -0.0639849
1.02285 0.529583 0.137818 -0.0634296
1.09894 0.529612 0.137868 -0.0634748
1.18382 0.529581 0.137798 -0.0634445
1.27037 0.529557 0.137819 -0.0628241
1.35483 0.529553 0.137798 -0.0632285
1.43695 0.529609 0.137815 -0.0630444
0 0.39692 0.138585 -0.0737442
0.078891 0.39682 0.138679 -0.0729071
0.164232 0.396759 0.138685 -0.0736138
0.253867 0.396841 0.138738 -0.0738677
0.336454 0.396769 0.13868 -0.0737742
0.416789 0.396949 0.138659 -0.0737369
0.500913 0.396786 0.138688 -0.0737814
0.589513 0.396793 0.138677 -0.0734156
0.674349 0.396785 0.138631 -0.0735806
0.756142 0.396863 0.138661 -0.0730547
0.845541 0.396921 0.138714 -0.0740552
0.928951 0.396924 0.138649 -0.0735811
1.00711 0.396833 0.138618 -0.0733481
1.1013 0.396743 0.138656 -0.073141
1.18322 0.396724 0.138594 -0.0732696
1.26482 0.396791 0.138578 -0.0732321
1.34844 0.396841 0.138736 -0.0738881
1.43919 0.396806 0.138665 -0.0740387
1.52621 0.39683 0.138678 -0.07446
1.60575 0.39695 0.138695 -0.0740371
1.68924 0.396789 0.138641 -0.0736446
1.7809 0.396905 0.13864 -0.0732942
1.86362 0.396879 0.13865 -0.0735381
1.94465 0.396834 0.138613 -0.0731975
2.0258 0.396802 0.138573 -0.0734354
2.12566 0.396843 0.138666 -0.0729364
2.20959 0.396879 0.138636 -0.0736608
2.30097 0.396824 0.138671 -0.0737042
2.39146 0.396915 0.138711 -0.073961
2.48868 0.396911 0.138678 -0.0747325
2.57124 0.396697 0.138797 -0.0752302
2.66959 0.396904 0.138629 -0.0730238
2.74753 0.396781 0.138617 -0.074394
2.83122 0.396828 0.138673 -0.0735117
2.92193 0.396847 0.13872 -0.073973
3.00601 0.39683 0.13867 -0.0734034
3.09164 0.396826 0.138679 -0.0751421
3.17974 0.39673 0.138668 -0.0736963
3.26348 0.396829 0.138635 -0.0741101
3.3495 0.396708 0.138623 -0.073267
3.43117 0.396802 0.138582 -0.0742782
3.51436 0.396797 0.138663 -0.0735692
3.59944 0.39684 0.138652 -0.073318
3.68313 0.396742 0.138682 -0.0737778
3.77525 0.396827 0.138634 -0.0739625
3.85708 0.396793 0.138537 -0.0729618
3.94023 0.396795 0.138633 -0.0740013
4.02187 0.396768 0.138694 -0.0742783
4.11943 0.39685 0.138689 -0.0746062
4.20451 0.396908 0.138653 -0.0733768
4.28751 0.396814 0.138722 -0.0739753
4.38191 0.396905 0.138799 -0.0745584
4.46368 0.396837 0.138782 -0.0739716
4.55747 0.396686 0.138573 -0.074082
4.63454 0.396853 0.138518 -0.0741226
4.72106 0.396832 0.138606 -0.0738685
4.80122 0.396882 0.138584 -0.0747427
4.88545 0.39678 0.138697 -0.0741458
4.97556 0.396939 0.13877 -0.0737467
5.05645 0.396866 0.13867 -0.0733069
5.14011 0.396862 0.138663 -0.073881
5.23542 0.396776 0.138788 -0.0746245
5.31574 0.396767 0.138692 -0.0743669
5.39908 0.396836 0.138692 -0.0735756
5.48131 0.396712 0.138725 -0.074064
5.56417 0.39688 0.138633 -0.074267
5.65186 0.396649 0.138669 -0.0741364
5.73521 0.396821 0.138656 -0.0735352
5.81398 0.396937 0.138617 -0.0736233
5.90177 0.396807 0.138632 -0.0744345
5.99638 0.396816 0.138571 -0.0727947
6.07918 0.396823 0.138722 -0.0742749
6.15631 0.396846 0.138621 -0.0741345
6.25194 0.396944 0.138723 -0.0734208
6.33153 0.396832 0.138655 -0.0738582
6.41507 0.39683 0.138718 -0.0741757
6.51027 0.396621 0.138613 -0.0737325
6.59016 0.39677 0.138524 -0.0735865
6.68075 0.396665 0.138635 -0.0745116
6.76553 0.396839 0.138627 -0.0746107
6.8524 0.396799 0.138619 -0.0738606
6.93592 0.39654 0.138664 -0.0737715
7.02077 0.396769 0.138643 -0.0735972
7.10913 0.396761 0.138677 -0.0744241
7.19437 0.396783 0.138646 -0.0751813
7.27802 0.396914 0.138786 -0.0746922
7.36583 0.396811 0.13864 -0.0739009
7.45325 0.396863 0.138676 -0.0733614
7.53555 0.396723 0.138676 -0.0741537
7.61702 0.396926 0.138711 -0.0739457
7.71187 0.3967 0.138686 -0.0740955
7.79506 0.396825 0.138651 -0.0739724
7.87763 0.396891 0.138687 -0.0737996
7.96925 0.396829 0.138727 -0.073927
8.05393 0.39668 0.13861 -0.0748435
8.14177 0.396828 0.138699 -0.0737989
8.22169 0.39675 0.138706 -0.0746976
8.31399 0.396784 0.138599 -0.0741515
8.40301 0.396747 0.13857 -0.0739453
8.48934 0.396872 0.138661 -0.0746711
8.58255 0.396715 0.138632 -0.0740071
8.66948 0.396831 0.13865 -0.0738916
8.74878 0.396618 0.138631 -0.0747573
8.83639 0.396817 0.13861 -0.0735234
8.91852 0.396532 0.138781 -0.0757777
9.0013 0.396739 0.13866 -0.0742529
9.08205 0.396679 0.138581 -0.0746445
9.18112 0.396753 0.138645 -0.0744809
9.2544 0.396757 0.138671 -0.0736114
-4.76837e-07 0.395714 0.137616 -0.0753967
0.0788429 0.395663 0.137551 -0.0750246
0.157479 0.395703 0.137608 -0.0747732
0.240566 0.395678 0.137596 -0.0754348
0.337667 0.395623 0.137581 -0.0750247
0.420318 0.395673 0.137587 -0.0746615
0.507378 0.395694 0.137542 -0.07595
0.595004 0.395677 0.137598 -0.0742625
0.688585 0.395645 0.137666 -0.0755449
0.787612 0.395674 0.137556 -0.0757115
0.901529 0.395694 0.137582 -0.0757007
1.01437 0.395727 0.137715 -0.0763316
1.11023 0.395754 0.137632 -0.0752995
1.21018 0.395746 0.137657 -0.0758185
1.30367 0.395667 0.137496 -0.075144
1.38892 0.395633 0.137621 -0.0743306
1.48917 0.395608 0.137587 -0.0745352
1.57839 0.395619 0.137594 -0.0743978
1.67814 0.395696 0.137677 -0.0748442
1.77114 0.395677 0.137569 -0.0748419
1.87185 0.395706 0.137633 -0.0758124
1.96749 0.395652 0.1376 -0.0758647
2.05937 0.395752 0.137651 -0.0764091
2.1601 0.395675 0.137664 -0.0761031
2.2509 0.395691 0.137576 -0.0749168
2.34968 0.395676 0.137641 -0.0756447
2.44002 0.395736 0.137625 -0.0754053
2.53796 0.395605 0.137539 -0.0752336
2.63424 0.39567 0.137526 -0.0753156
2.74278 0.39569 0.137672 -0.074618
2.85065 0.395653 0.137673 -0.0757079
2.94284 0.395722 0.137655 -0.0748576
3.0469 0.395601 0.137609 -0.0762704
3.13499 0.395668 0.137658 -0.0746728
3.24233 0.395764 0.137588 -0.0754348
3.32781 0.395692 0.13758 -0.0753948
3.42043 0.395673 0.137596 -0.0750925
3.50411 0.395699 0.137625 -0.07517
3.60515 0.395691 0.137613 -0.0750165
3.69572 0.395709 0.137719 -0.0755989
3.79641 0.395724 0.13761 -0.0760652
3.89432 0.395619 0.137533 -0.0749728
3.98145 0.395637 0.137541 -0.0745234
4.08894 0.395683 0.137605 -0.0751912
4.17972 0.395743 0.137667 -0.0758447
4.28445 0.395722 0.137648 -0.076434
4.37331 0.395575 0.137611 -0.0751996
4.47111 0.395734 0.137704 -0.0765817
4.56214 0.395712 0.137556 -0.0755148
4.67158 0.395652 0.137649 -0.0754831
4.78265 0.395652 0.137537 -0.0745078
4.90128 0.395683 0.137596 -0.0752447
5.00038 0.395713 0.137706 -0.0766929
5.11413 0.395671 0.137557 -0.0749886
5.2136 0.395657 0.137579 -0.0751421
5.30858 0.395664 0.137563 -0.0752768
5.41422 0.395681 0.137637 -0.0752632
5.49209 0.395683 0.13759 -0.0754819
5.59202 0.395644 0.137591 -0.0752555
5.68582 0.395624 0.13753 -0.0747779
5.79848 0.395646 0.137555 -0.0758937
5.87491 0.395575 0.137581 -0.0740476
5.9633 0.395784 0.137747 -0.075352
6.06239 0.395829 0.137844 -0.0751336
6.16086 0.396025 0.138131 -0.0754451
6.2566 0.396084 0.138196 -0.0756575
6.34375 0.395943 0.138116 -0.0749883
6.43687 0.396338 0.138544 -0.0759836
6.5314 0.396368 0.13859 -0.076207
6.62412 0.396408 0.138443 -0.0751838
6.71803 0.39669 0.138704 -0.075049
6.81796 0.396842 0.138658 -0.0739674
6.90596 0.396918 0.138882 -0.0737219
7.00179 0.397107 0.139123 -0.0736563
7.09477 0.397196 0.139275 -0.0737749
7.19011 0.397173 0.139424 -0.0724633
7.29213 0.39735 0.139726 -0.0723841
7.37682 0.397487 0.139813 -0.072175
7.48352 0.397708 0.14003 -0.0704427
7.57394 0.397484 0.14009 -0.0706506
7.65956 0.397528 0.140038 -0.0692817
7.74615 0.397554 0.14016 -0.0674784
7.84015 0.397876 0.139829 -0.0652071
7.93792 0.398254 0.139968 -0.0649346
8.03152 0.398642 0.140048 -0.0628116
8.1276 0.398216 0.139832 -0.0607405
8.22827 0.398194 0.139571 -0.0576868
8.32468 0.398476 0.14006 -0.0580366
8.43069 0.399008 0.140023 -0.0556586
8.51925 0.399128 0.140111 -0.054763
8.6146 0.399072 0.140215 -0.0530614
8.70333 0.39924 0.141027 -0.0540878
8.8014 0.397762 0.141196 -0.0545719
8.89838 0.395846 0.141669 -0.0567329
8.98766 0.396967 0.141823 -0.0550365
9.09668 0.39721 0.141881 -0.0541531
9.17571 0.397692 0.141422 -0.051723
9.27172 0.396744 0.14177 -0.0507055
9.36343 0.398058 0.142011 -0.0487889
9.46354 0.398615 0.142219 -0.0472508
9.55717 0.398009 0.142241 -0.0472478
9.64376 0.398144 0.142118 -0.0453581
9.74846 0.397142 0.142127 -0.0447432
9.83341 0.398662 0.142104 -0.0420384
9.92892 0.397671 0.142187 -0.0433397
10.0259 0.397514 0.142341 -0.0408616
10.13 0.396997 0.142215 -0.0402513
10.2218 0.3979 0.142096 -0.0373555
10.3113 0.397717 0.141997 -0.0374103
10.4164 0.397591 0.142043 -0.03706
10.5067 0.397605 0.142113 -0.0356432
10.6092 0.397467 0.141965 -0.0357132
10.6965 0.397163 0.142031 -0.03561
10.8003 0.397097 0.142222 -0.0351914
10.8918 0.39705 0.141964 -0.0360142
10.9871 0.398389 0.141846 -0.0350218
11.0778 0.396832 0.141733 -0.0349957
11.1656 0.397402 0.142021 -0.0357378
11.2666 0.3977 0.142063 -0.0351279
11.3602 0.398132 0.14197 -0.0353761
11.4701 0.399744 0.142132 -0.0341558
11.5473 0.400118 0.142067 -0.0338268
11.6399 0.40165 0.141734 -0.0326474
11.7364 0.40278 0.141921 -0.0333184
11.8276 0.404371 0.142016 -0.0324863
11.924 0.404043 0.141903 -0.0340687
12.0231 0.406104 0.141833 -0.0319852
12.1168 0.407047 0.141651 -0.0325937
12.2155 0.409268 0.141708 -0.0322885
12.3111 0.41047 0.141699 -0.0318504
12.4097 0.41398 0.142097 -0.031488
12.4982 0.415333 0.141793 -0.0310826
12.5942 0.417409 0.141463 -0.0295608
12.6885 0.418276 0.141272 -0.0294994
12.7794 0.421476 0.141723 -0.0294309
12.8851 0.423584 0.1419 -0.0291397
12.9786 0.425064 0.141934 -0.0316673
13.0764 0.427304 0.14179 -0.0298191
13.167 0.430447 0.141632 -0.0308082
13.2561 0.432182 0.141513 -0.0297466
13.358 0.43564 0.142008 -0.0303136
13.4418 0.435896 0.14147 -0.0313409
13.5492 0.438748 0.1417 -0.0301217
13.631 0.442945 0.141746 -0.0301585
13.7297 0.444188 0.141524 -0.0312021
13.831 0.446367 0.141368 -0.030323
13.9383 0.450602 0.141576 -0.0293254
14.0286 0.452393 0.141364 -0.0296846
14.1243 0.454571 0.141034 -0.0303612
14.227 0.455417 0.140761 -0.0301772
14.3187 0.459405 0.140691 -0.029476
14.4263 0.461112 0.140412 -0.0285702
14.5238 0.462925 0.14052 -0.0304066
14.6107 0.465051 0.140262 -0.0304232
14.7142 0.466657 0.139776 -0.0296578
14.795 0.469307 0.140043 -0.0284633
14.8992 0.47078 0.139984 -0.0291429
14.9823 0.471495 0.139746 -0.0289333
15.0883 0.473272 0.139668 -0.0301762
15.1737 0.474636 0.139699 -0.03031
15.2654 0.474599 0.139186 -0.0303643
15.3633 0.476793 0.139362 -0.0307776
15.4564 0.476519 0.138896 -0.0303273
15.5479 0.478944 0.13878 -0.0288346
15.641 0.479101 0.138736 -0.0290805
15.7391 0.479916 0.138434 -0.0291425
15.8297 0.479733 0.138742 -0.0312034
15.9255 0.479604 0.138526 -0.0311426
16.024 0.479966 0.138475 -0.0315582
16.1138 0.480044 0.138306 -0.02909
16.2161 0.479955 0.138172 -0.031236
16.3014 0.47989 0.137641 -0.0286855
16.4108 0.480259 0.137358 -0.0296624
16.5091 0.480219 0.136711 -0.0289368
16.6124 0.48048 0.136264 -0.0299645
16.7087 0.48024 0.13554 -0.029633
16.8174 0.480238 0.134475 -0.0297008
16.9131 0.480858 0.133311 -0.0310222
17.0187 0.480944 0.131969 -0.0287347
17.1065 0.481251 0.130969 -0.0300106
17.2063 0.481462 0.129641 -0.029334
17.3002 0.482862 0.128349 -0.0290142
17.3952 0.482411 0.127026 -0.031489
17.4955 0.482928 0.125276 -0.0305914
17.5825 0.483554 0.123171 -0.028781
17.6922 0.48327 0.121209 -0.0304378
17.7773 0.485149 0.119575 -0.0284369
17.8689 0.485064 0.117562 -0.0272346
17.9699 0.484955 0.11542 -0.0284295
18.0641 0.486256 0.113494 -0.0272063
18.1651 0.486339 0.110917 -0.0283845
18.2609 0.487464 0.108705 -0.0279713
18.3629 0.488107 0.105761 -0.0278406
18.4576 0.488715 0.103662 -0.0302105
18.5625 0.488979 0.0999268 -0.0266523
18.658 0.490321 0.0980001 -0.0285734
18.7605 0.489446 0.0946716 -0.0271544
18.8521 0.491862 0.0919675 -0.02566
18.9576 0.491672 0.0888683 -0.0259886
19.049 0.491732 0.0856276 -0.0284103
19.1413 0.4934 0.0829021 -0.0236929
19.2371 0.493726 0.0798457 -0.0260515
19.3276 0.493707 0.0767374 -0.026304
19.4277 0.493885 0.0731174 -0.0254063
19.516 0.495236 0.0701821 -0.0260213
19.6155 0.495143 0.0665229 -0.0253093
19.7049 0.495788 0.0630499 -0.0278175
19.7963 0.496961 0.0603006 -0.0257522
19.8985 0.496579 0.0561543 -0.0263477
19.9956 0.497987 0.0522972 -0.026819
20.0995 0.498031 0.0486042 -0.027434
20.1964 0.499054 0.0447178 -0.0264858
20.3043 0.49838 0.0408897 -0.0292544
20.3961 0.498515 0.0362368 -0.0276526
20.5001 0.498688 0.0325269 -0.0290589
20.6024 0.50026 0.0284159 -0.0288454
20.6962 0.499516 0.0242495 -0.027542
20.7896 0.500782 0.0208679 -0.0250645
20.8855 0.500962 0.0163739 -0.02483
20.9753 0.501219 0.0127593 -0.0268508
21.0714 0.500632 0.00824498 -0.0281344
21.1661 0.501832 0.00414494 -0.0242649
21.2581 0.503212 0.000956804 -0.0239123
21.3597 0.503161 -0.00348955 -0.0227918
21.4458 0.503179 -0.00764993 -0.0266635
21.5415 0.503218 -0.0122358 -0.0243276
21.6399 0.502962 -0.0164602 -0.0269021
21.7391 0.503082 -0.0209917 -0.0258568
21.8367 0.503525 -0.0248806 -0.023855
21.9356 0.502796 -0.02932 -0.0270764
22.0356 0.502693 -0.0339285 -0.0277651
22.1286 0.502799 -0.0381767 -0.0263796
22.2171 0.503522 -0.042033 -0.0246005
22.3312 0.503014 -0.0471758 -0.0274415
22.4203 0.503269 -0.0510078 -0.0260931
22.496 0.502608 -0.0549011 -0.027594
22.5878 0.502689 -0.0586725 -0.029837
22.6842 0.501751 -0.0631357 -0.0308412
22.7731 0.502148 -0.0669146 -0.02918
22.8736 0.501494 -0.0727932 -0.02919
22.9761 0.501358 -0.0769024 -0.0283023
23.0756 0.500539 -0.0811817 -0.0276092
23.1691 0.500652 -0.0853157 -0.0279529
23.2632 0.500207 -0.0898078 -0.0281965
23.3632 0.499949 -0.0936584 -0.0269859
23.4552 0.499393 -0.098287 -0.0239265
23.5534 0.498273 -0.101395 -0.0262218
23.6576 0.497814 -0.106116 -0.0234999
23.7504 0.497178 -0.109554 -0.0241538
23.8489 0.496878 -0.113522 -0.0207781
23.9545 0.496605 -0.116648 -0.0220264
24.0496 0.496038 -0.120796 -0.0216399
24.1441 0.49512 -0.124055 -0.022387
24.2394 0.494363 -0.12716 -0.0214469
24.3308 0.493415 -0.130679 -0.0230528
24.429 0.492779 -0.13516 -0.0234662
24.526 0.492403 -0.137751 -0.022811
24.6254 0.491888 -0.141373 -0.0219476
24.7156 0.491028 -0.144959 -0.0208908
24.8077 0.490571 -0.147305 -0.0218841
24.9116 0.48898 -0.151325 -0.0243762
25.0069 0.488778 -0.15457 -0.024352
25.1031 0.486428 -0.157763 -0.0278445
25.2154 0.48534 -0.16099 -0.0293908
25.3131 0.484383 -0.165004 -0.0302473
25.4119 0.48413 -0.168372 -0.0301044
25.5032 0.483576 -0.170464 -0.028728
25.5962 0.482564 -0.173321 -0.0283739
25.6949 0.481722 -0.175893 -0.0277077
25.7807 0.481259 -0.178211 -0.0279506
25.8763 0.480513 -0.180317 -0.0286233
25.9659 0.480153 -0.182989 -0.0275976
26.058 0.479339 -0.185799 -0.029418
26.1456 0.47932 -0.187204 -0.0273745
26.2533 0.478496 -0.189748 -0.026612
26.3625 0.476621 -0.191615 -0.0284856
26.4552 0.476617 -0.193593 -0.0272866
26.5439 0.475651 -0.195218 -0.0278113
26.6359 0.475118 -0.197141 -0.0277133
26.721 0.475027 -0.19844 -0.0264952
26.8182 0.473516 -0.19921 -0.0261362
26.9024 0.47285 -0.20064 -0.0259562
26.9958 0.472838 -0.202134 -0.0272311
27.094 0.472158 -0.203476 -0.0267611
27.1864 0.472433 -0.204853 -0.0269215
27.2752 0.471416 -0.205237 -0.0255673
27.3643 0.471619 -0.206471 -0.0260458
27.4638 0.470976 -0.207125 -0.0265587
27.5541 0.470972 -0.207292 -0.0254045
27.664 0.471148 -0.208156 -0.0248964
27.7599 0.470789 -0.209032 -0.0272802
27.8523 0.470522 -0.209302 -0.0266425
27.95 0.470809 -0.209388 -0.0269495
28.0813 0.47085 -0.20905 -0.0264115
28.1884 0.470688 -0.209463 -0.0275191
28.2933 0.470718 -0.20944 -0.0264065
28.3917 0.470528 -0.209541 -0.0273279
28.4836 0.470746 -0.20971 -0.0275802
28.5712 0.470872 -0.209222 -0.0268518
28.6535 0.470687 -0.209792 -0.0275215
28.743 0.471072 -0.209874 -0.0270194
28.8306 0.470791 -0.209741 -0.027589
28.9113 0.470679 -0.210239 -0.0274521
28.9993 0.470237 -0.210176 -0.0259345
29.1023 0.470164 -0.210652 -0.0270336
29.1938 0.470401 -0.210343 -0.0264123
29.2909 0.469971 -0.210897 -0.0270304
29.3878 0.470068 -0.210919 -0.0259617
29.4812 0.469777 -0.211041 -0.0253886
29.6008 0.4697 -0.211241 -0.025699
29.6879 0.469934 -0.211479 -0.0247987
29.7728 0.469468 -0.211645 -0.0251239
29.8562 0.469661 -0.211824 -0.0229956
29.9466 0.469661 -0.211884 -0.0238182
30.0815 0.469686 -0.212151 -0.0225091
30.1797 0.469937 -0.212816 -0.0224334
30.2805 0.469526 -0.212822 -0.0219263
30.3676 0.469955 -0.213247 -0.0210859
30.452 0.469945 -0.213181 -0.0201575
30.5393 0.470106 -0.213436 -0.0189776
30.625 0.469863 -0.21315 -0.0194123
30.7246 0.470114 -0.213712 -0.0173325
30.8264 0.469663 -0.213524 -0.0180195
30.9449 0.470134 -0.213559 -0.0179678
31.0402 0.470459 -0.213815 -0.0153844
31.1538 0.470042 -0.21399 -0.0164963
31.2351 0.469472 -0.214119 -0.0179215
31.3246 0.470306 -0.213789 -0.0174812
31.4549 0.470372 -0.212964 -0.017188
31.5731 0.469455 -0.211844 -0.0194077
31.6555 0.469885 -0.211004 -0.0188107
31.7454 0.46984 -0.20976 -0.0185955
31.8301 0.470828 -0.208469 -0.0183188
31.9163 0.470312 -0.207432 -0.0196157
32.0171 0.470102 -0.205302 -0.0220883
32.1133 0.47034 -0.203202 -0.0224707
32.228 0.471012 -0.200869 -0.0219444
32.3433 0.470654 -0.196928 -0.0222127
32.4399 0.470562 -0.193879 -0.0231416
32.5284 0.470806 -0.192467 -0.0246791
32.6164 0.471311 -0.190186 -0.0259387
32.7014 0.471651 -0.187718 -0.0258809
32.7898 0.471344 -0.185788 -0.0259899
32.8778 0.471756 -0.183802 -0.026192
32.9742 0.472304 -0.182284 -0.0289376
33.0595 0.47246 -0.180195 -0.0291305
33.1574 0.472826 -0.178994 -0.0311379
33.2555 0.472882 -0.177025 -0.0303054
33.3449 0.472901 -0.174805 -0.0309043
33.4442 0.472804 -0.173579 -0.0320562
33.5373 0.473098 -0.172227 -0.0323436
33.636 0.47329 -0.170815 -0.0321462
33.722 0.472976 -0.169417 -0.0313754
33.8176 0.47284 -0.168291 -0.0319589
33.9108 0.472553 -0.167549 -0.0312081
34.0082 0.472195 -0.167159 -0.030205
34.1445 0.472171 -0.16675 -0.0309125
34.262 0.471775 -0.166908 -0.0319695
34.3825 0.48349 -0.140669 -0.0457772
34.5032 0.658832 1.33182 -0.269446
34.6254 0.718108 1.60567 -0.416418
34.7288 0.902185 1.43104 -1.38097
34.8238 1.01501 0.0102389 -0.213859
34.9401 0.84878 1.68425 -1.1489
35.0468 0.762357 0.869094 -0.536813
35.1202 0.924333 2.47088 -1.7109
35.195 1.09245 1.71692 -1.17572
35.2938 1.08051 1.71452 -1.10901
35.3992 0.633672 0.904944 -0.694745
35.4785 0.971473 1.25593 -1.09408
35.5724 1.30471 3.7808 -2.80537
35.6654 1.0949 2.11736 -1.46408
35.7617 1.08207 2.03198 -1.31031
35.8513 1.11879 1.72923 -1.1287
35.9437 0.890629 1.54966 -1.1379
36.0389 0.978931 1.4373 -1.09549
36.1259 0.699846 0.665655 -0.54555
36.2121 0.629202 1.23782 -0.869612
36.3076 1.09142 1.88284 -1.14161
36.3914 0.969746 1.19297 -0.987495
36.4749 0.982691 1.98906 -1.38462
36.5808 0.782477 1.59354 -1.14806
36.675 1.06867 1.47279 -1.03146
36.7642 0.786635 1.60986 -1.12894
36.846 1.15523 1.66656 -1.19927
36.9386 1.03566 1.26546 -0.924931
37.0208 0.751115 0.847478 -0.728519
37.1372 0.629132 0.738145 -0.641749
37.2094 0.815336 1.13627 -0.912112
37.3017 1.01389 1.33302 -0.940613
37.3851 1.01869 1.39375 -1.06032
37.47 0.763988 1.4725 -0.973925
37.5684 1.12559 1.17176 -0.942998
37.6774 1.09372 1.23016 -0.957615
37.7626 1.01213 1.55496 -1.22613
37.859 1.08177 1.28 -0.979154
37.9528 0.915135 0.851651 -0.674687
38.0488 0.96307 2.04163 -1.30716
38.1562 0.985271 1.91932 -1.315
38.2263 1.0084 1.32137 -1.01548
38.3236 1.003 1.8893 -1.36084
38.4114 0.871811 1.45484 -1.04016
38.5382 1.22958 1.37268 -1.01994
38.6125 1.1061 1.13569 -0.897766
38.699 0.980363 1.66685 -1.22152
38.7946 0.889019 0.754847 -0.651728
38.883 0.97304 0.859825 -0.719947
38.9858 1.15238 1.3682 -1.02227
39.0741 0.819455 1.49593 -1.14065
39.1729 1.07113 1.39962 -1.0991
39.2642 1.11543 1.12078 -0.88956
