-4.76837e-07 0.454361 0.0488954 0.23
0.0928347 0.454362 0.0489271 0.23
0.16967 0.45437 0.0489223 0.23
0.253334 0.454375 0.048933 0.23
0.34291 0.454378 0.0489081 0.23
0.431765 0.454365 0.0489023 0.23
0.512672 0.454378 0.0489004 0.23
0.597338 0.454368 0.0488979 0.23
0.687516 0.454366 0.0488994 0.23
0.769533 0.454372 0.0489287 0.23
0.849497 0.45438 0.0489136 0.23
0.931285 0.454381 0.0489207 0.23
1.02285 0.45437 0.0489052 0.23
1.09894 0.454386 0.0488987 0.23
1.18382 0.454358 0.0489235 0.23
1.27037 0.454377 0.0489001 0.23
1.35483 0.454364 0.0488965 0.23
1.43695 0.454375 0.0489119 0.23
0 0.454377 0.048901 0.23
0.078891 0.454352 0.0489224 0.23
0.164232 0.454378 0.0489129 0.23
0.253867 0.454364 0.0489257 0.23
0.336454 0.454366 0.0489209 0.23
0.416789 0.454384 0.0489311 0.23
0.500913 0.454372 0.0489059 0.23
0.589513 0.454382 0.0489066 0.23
0.674349 0.454373 0.0488977 0.23
0.756142 0.454371 0.0489159 0.23
0.845541 0.454374 0.0488989 0.23
0.928951 0.454381 0.0489094 0.23
1.00711 0.454375 0.048907 0.23
1.1013 0.45437 0.0489021 0.23
1.18322 0.454371 0.0489136 0.23
1.26482 0.454381 0.0489216 0.23
1.34844 0.454378 0.0489116 0.23
1.43919 0.454375 0.0489119 0.23
1.52621 0.454372 0.0488892 0.23
1.60575 0.454379 0.0489231 0.23
1.68924 0.454375 0.0489082 0.23
1.7809 0.454367 0.0489033 0.23
1.86362 0.454376 0.0489055 0.23
1.94465 0.454368 0.0488991 0.23
2.0258 0.45436 0.0489072 0.23
2.12566 0.454379 0.0489141 0.23
2.20959 0.454359 0.0489162 0.23
2.30097 0.454369 0.0489344 0.23
2.39146 0.454381 0.0489113 0.23
2.48868 0.45437 0.0489043 0.23
2.57124 0.454375 0.0489051 0.23
2.66959 0.45439 0.0488776 0.23
2.74753 0.454362 0.0489015 0.23
2.83122 0.454374 0.048916 0.23
2.92193 0.454375 0.0489052 0.23
3.00601 0.454376 0.0489289 0.23
3.09164 0.45437 0.0488985 0.23
3.17974 0.454382 0.0489133 0.23
3.26348 0.454372 0.0489014 0.23
3.3495 0.454374 0.0489272 0.23
3.43117 0.454351 0.0489113 0.23
3.51436 0.45437 0.0488918 0.23
3.59944 0.454366 0.0489132 0.23
3.68313 0.454379 0.0489042 0.23
3.77525 0.45438 0.048901 0.23
3.85708 0.454373 0.0488942 0.23
3.94023 0.454381 0.0489175 0.23
4.02187 0.454362 0.0489151 0.23
4.11943 0.454372 0.0489162 0.23
4.20451 0.454367 0.0489079 0.23
4.28751 0.454378 0.0489165 0.23
4.38191 0.45439 0.0489085 0.23
4.46368 0.454378 0.0489062 0.23
4.55747 0.45437 0.0489007 0.23
4.63454 0.454363 0.0489073 0.23
4.72106 0.454378 0.0488967 0.23
4.80122 0.454369 0.0488991 0.23
4.88545 0.454374 0.0489035 0.23
4.97556 0.454394 0.04891 0.23
5.05645 0.45437 0.0489177 0.23
5.14011 0.454365 0.0489174 0.23
5.23542 0.454375 0.0489222 0.23
5.31574 0.454378 0.0489119 0.23
5.39908 0.454378 0.0489345 0.23
5.48131 0.454387 0.0489115 0.23
5.56417 0.454367 0.0489041 0.23
5.65186 0.454373 0.0488977 0.23
5.73521 0.454361 0.0489044 0.23
5.81398 0.454382 0.048912 0.23
5.90177 0.454367 0.0489248 0.23
5.99638 0.454362 0.0489183 0.23
6.07918 0.454361 0.048899 0.23
6.15631 0.454367 0.0489033 0.23
6.25194 0.454377 0.0489248 0.23
6.33153 0.454369 0.0488973 0.23
6.41507 0.454372 0.0489073 0.23
6.51027 0.454369 0.0489107 0.23
6.59016 0.45437 0.0488909 0.23
6.68075 0.454368 0.0488934 0.23
6.76553 0.454362 0.0488957 0.23
6.8524 0.454369 0.0489107 0.23
6.93592 0.454384 0.0489001 0.23
7.02077 0.454365 0.048908 0.23
7.10913 0.454365 0.0489205 0.23
7.19437 0.454363 0.0489323 0.23
7.27802 0.454387 0.0489276 0.23
7.36583 0.454368 0.0489158 0.23
7.45325 0.454379 0.0489235 0.23
7.53555 0.45438 0.0488957 0.23
7.61702 0.454397 0.0489208 0.23
7.71187 0.45437 0.0489232 0.23
7.79506 0.454372 0.048905 0.23
7.87763 0.454376 0.0489055 0.23
7.96925 0.454377 0.0489125 0.23
8.05393 0.454362 0.0489262 0.23
8.14177 0.454375 0.0489222 0.23
8.22169 0.454367 0.0489078 0.23
8.31399 0.454369 0.0489286 0.23
8.40301 0.454377 0.0489013 0.23
8.48934 0.454356 0.0488991 0.23
8.58255 0.454363 0.0489154 0.23
8.66948 0.454381 0.048896 0.23
8.74878 0.454365 0.0489035 0.23
8.83639 0.454374 0.04889 0.23
8.91852 0.454377 0.0489068 0.23
9.0013 0.454363 0.0489369 0.23
9.08205 0.45436 0.0488941 0.23
9.18112 0.454376 0.0489055 0.23
9.2544 0.454371 0.0489274 0.23
-4.76837e-07 0.454377 0.0489135 0.23
0.0788429 0.454367 0.048893 0.23
0.157479 0.454378 0.0489215 0.23
0.240566 0.454373 0.0488999 0.23
0.337667 0.454358 0.0489137 0.23
0.420318 0.454376 0.0489225 0.23
0.507378 0.454366 0.0488868 0.23
0.595004 0.454381 0.0489149 0.23
0.688585 0.454379 0.0489142 0.23
0.787612 0.454368 0.0489103 0.23
0.901529 0.454364 0.0489089 0.23
1.01437 0.454375 0.0489074 0.23
1.11023 0.454387 0.0489173 0.23
1.21018 0.454388 0.0489118 0.23
1.30367 0.454358 0.0489244 0.23
1.38892 0.454385 0.0489269 0.23
1.48917 0.454381 0.0489005 0.23
1.57839 0.454365 0.0489205 0.23
1.67814 0.454392 0.0489384 0.23
1.77114 0.454367 0.0489289 0.23
1.87185 0.454376 0.0489189 0.23
1.96749 0.454371 0.0489128 0.23
2.05937 0.454384 0.048897 0.23
2.1601 0.45439 0.0489004 0.23
2.2509 0.454371 0.0489046 0.23
2.34968 0.454358 0.0489178 0.23
2.44002 0.454379 0.0489254 0.23
2.53796 0.454373 0.0488995 0.23
2.63424 0.454374 0.0489034 0.23
2.74278 0.454376 0.048945 0.23
2.85065 0.454375 0.0489096 0.23
2.94284 0.454381 0.048931 0.23
3.0469 0.454354 0.0488826 0.23
3.13499 0.454384 0.0489092 0.23
3.24233 0.454379 0.04892 0.23
3.32781 0.454366 0.0489097 0.23
3.42043 0.454363 0.0489207 0.23
3.50411 0.45438 0.0489024 0.23
3.60515 0.454367 0.0489289 0.23
3.69572 0.454389 0.0489203 0.23
3.79641 0.454371 0.0489216 0.23
3.89432 0.454366 0.0488948 0.23
3.98145 0.454377 0.0489012 0.23
4.08894 0.454373 0.0489134 0.23
4.17972 0.454385 0.0489175 0.23
4.28445 0.454379 0.0489096 0.23
4.37331 0.454378 0.0489219 0.23
4.47111 0.454374 0.0489057 0.23
4.56214 0.454365 0.048917 0.23
4.67158 0.454381 0.048913 0.23
4.78265 0.454368 0.0489193 0.23
4.90128 0.454376 0.0488903 0.23
5.00038 0.454369 0.048913 0.23
5.11413 0.454366 0.0489151 0.23
5.2136 0.454372 0.0489086 0.23
5.30858 0.454365 0.0489183 0.23
5.41422 0.454379 0.0489065 0.23
5.49209 0.454366 0.0489132 0.23
5.59202 0.454378 0.0488914 0.23
5.68582 0.454372 0.0489005 0.23
5.79848 0.454368 0.0489023 0.23
5.87491 0.454367 0.0489324 0.23
5.9633 0.454389 0.0489346 0.23
6.06239 0.454419 0.0489222 0.23
6.16086 0.454468 0.0489416 0.23
6.2566 0.45451 0.0489646 0.23
6.34375 0.454561 0.0489376 0.23
6.43687 0.454663 0.0489668 0.23
6.5314 0.454714 0.0489554 0.23
6.62412 0.454776 0.0489518 0.23
6.71803 0.454877 0.0489706 0.23
6.81796 0.454948 0.0489887 0.23
6.90596 0.455029 0.0489772 0.23
7.00179 0.455127 0.0489928 0.23
7.09477 0.455204 0.0490075 0.23
7.19011 0.455312 0.0489962 0.23
7.29213 0.455413 0.048999 0.23
7.37682 0.455499 0.0490205 0.23
7.48352 0.455601 0.0490341 0.23
7.57394 0.455657 0.0490057 0.23
7.65956 0.455735 0.0490256 0.23
7.74615 0.455829 0.049 0.23
7.84015 0.455863 0.0489974 0.23
7.93792 0.455921 0.0489945 0.23
8.03152 0.455992 0.0489881 0.23
8.1276 0.456028 0.0489762 0.23
8.22827 0.456091 0.0489327 0.23
8.32468 0.456117 0.048923 0.23
8.43069 0.456141 0.0488697 0.23
8.51925 0.456149 0.0488589 0.23
8.6146 0.456149 0.0488142 0.23
8.70333 0.456147 0.0487578 0.23
8.8014 0.456169 0.0487435 0.23
8.89838 0.456145 0.048712 0.23
8.98766 0.456137 0.0486992 0.23
9.09668 0.456093 0.0486279 0.23
9.17571 0.456062 0.0485493 0.23
9.27172 0.456036 0.0485228 0.23
9.36343 0.45602 0.0484831 0.23
9.46354 0.455957 0.0484489 0.23
9.55717 0.455893 0.0484055 0.23
9.64376 0.455859 0.0483544 0.23
9.74846 0.455775 0.0482926 0.23
9.83341 0.455713 0.0482791 0.23
9.92892 0.455673 0.0482111 0.23
10.0259 0.455653 0.0482009 0.23
10.13 0.5358 0.0481373 0.23
10.2218 0.5358 0.0481116 0.22879
10.3113 0.5358 0.0481012 0.22938
10.4164 0.5358 0.0480533 0.229998
10.5067 0.5358 0.0480314 0.230406
10.6092 0.5358 0.0480324 0.230752
10.6965 0.5358 0.0480305 0.230982
10.8003 0.5358 0.048031 0.231067
10.8918 0.5358 0.0480225 0.231053
10.9871 0.5358 0.0480155 0.231075
11.0778 0.5358 0.047996 0.231136
11.1656 0.5358 0.0480155 0.231171
11.2666 0.5358 0.0480374 0.231231
11.3602 0.5358 0.0480924 0.231251
11.4701 0.5358 0.0481085 0.231355
11.5473 0.5358 0.0481366 0.231449
11.6399 0.5358 0.048166 0.231543
11.7364 0.5358 0.0482216 0.231627
11.8276 0.5358 0.0482618 0.231767
11.924 0.5358 0.0482743 0.231825
12.0231 0.5358 0.0483609 0.23199
12.1168 0.5358 0.0484172 0.232084
12.2155 0.5358 0.0484216 0.232193
12.3111 0.5358 0.048521 0.232347
12.4097 0.5358 0.0485637 0.232577
12.4982 0.5358 0.0486047 0.232643
12.5942 0.5358 0.0486197 0.232673
12.6885 0.5358 0.0485862 0.232789
12.7794 0.5358 0.0486221 0.232883
12.8851 0.5358 0.0486978 0.233054
12.9786 0.5358 0.0486776 0.233145
13.0764 0.5358 0.0486816 0.233253
13.167 0.5358 0.0486486 0.233265
13.2561 0.5358 0.0487072 0.233308
13.358 0.5358 0.0486488 0.233323
13.4418 0.5358 0.0485689 0.233365
13.5492 0.5358 0.0485329 0.233409
13.631 0.5358 0.048502 0.233456
13.7297 0.5358 0.048451 0.233376
13.831 0.5358 0.0484046 0.233384
13.9383 0.5358 0.0483618 0.233353
14.0286 0.5358 0.0482621 0.233298
14.1243 0.5358 0.0481715 0.233296
14.227 0.5358 0.0480505 0.233238
14.3187 0.5358 0.0479697 0.233142
14.4263 0.5358 0.0478623 0.233061
14.5238 0.5358 0.0477851 0.233012
14.6107 0.5358 0.04771 0.232902
14.7142 0.5358 0.047574 0.232808
14.795 0.5358 0.0475232 0.232786
14.8992 0.5358 0.0474658 0.232721
14.9823 0.5358 0.0473467 0.232671
15.0883 0.5358 0.0472628 0.232544
15.1737 0.5358 0.0471924 0.232514
15.2654 0.5358 -0.3 0.232434
15.3633 0.534328 -0.3 0.232321
15.4564 0.535075 -0.3 0.232275
15.5479 0.535785 -0.3 0.23219
15.641 0.53627 -0.3 0.232154
15.7391 0.536627 -0.3 0.232123
15.8297 0.53682 -0.3 0.232155
15.9255 0.536862 -0.3 0.232183
16.024 0.536851 -0.3 0.232162
16.1138 0.536865 -0.3 0.232156
16.2161 0.536959 -0.3 0.232163
16.3014 0.537097 -0.3 0.232191
16.4108 0.53726 -0.3 0.232188
16.5091 0.53746 -0.3 0.232202
16.6124 0.537737 -0.3 0.232219
16.7087 0.538001 -0.3 0.232241
16.8174 0.53835 -0.3 0.232272
16.9131 0.538704 -0.3 0.232282
17.0187 0.539123 -0.3 0.232322
17.1065 0.539493 -0.3 0.232329
17.2063 0.539902 -0.3 0.232382
17.3002 0.540379 -0.3 0.232408
17.3952 0.540857 -0.3 0.232411
17.4955 0.541383 -0.3 0.23245
17.5825 0.541861 -0.3 0.232472
17.6922 0.54251 -0.3 0.232483
17.7773 0.542976 -0.3 0.232506
17.8689 0.543576 -0.3 0.232572
17.9699 0.544251 -0.3 0.232627
18.0641 0.544839 -0.3 0.23268
18.1651 0.545527 -0.3 0.232711
18.2609 0.546167 -0.3 0.232746
18.3629 0.546886 -0.3 0.232761
18.4576 0.547503 -0.3 0.232812
18.5625 0.548256 -0.3 0.232814
18.658 0.548894 -0.3 0.232872
18.7605 0.549645 -0.3 0.232933
18.8521 0.550346 -0.3 0.232985
18.9576 0.551098 -0.3 0.233009
19.049 0.551715 -0.3 0.233041
19.1413 0.552385 -0.3 0.23306
19.2371 0.553069 -0.3 0.233113
19.3276 0.553715 -0.3 0.23319
19.4277 0.554422 -0.3 0.233208
19.516 0.555018 -0.3 0.233243
19.6155 0.555701 -0.3 0.233313
19.7049 0.556257 -0.3 0.233353
19.7963 0.556892 -0.3 0.233415
19.8985 0.557572 -0.3 0.233504
19.9956 0.558123 -0.3 0.233489
20.0995 0.558766 -0.3 0.233552
20.1964 0.559313 -0.3 0.233512
20.3043 0.559913 -0.3 0.233551
20.3961 0.560424 -0.3 0.233619
20.5001 0.560967 -0.3 0.233674
20.6024 0.561427 -0.3 0.233701
20.6962 0.561846 -0.3 0.233686
20.7896 0.562327 -0.3 0.23375
20.8855 0.562696 -0.3 0.233797
20.9753 0.563034 -0.3 0.233788
21.0714 0.563341 -0.3 0.233824
21.1661 0.563665 -0.3 0.23381
21.2581 0.563936 -0.3 0.233882
21.3597 0.5642 -0.3 0.233941
21.4458 0.564418 -0.3 0.233898
21.5415 0.564568 -0.3 0.233925
21.6399 0.564747 -0.3 0.233955
21.7391 0.564929 -0.3 0.234032
21.8367 0.564985 -0.3 0.233998
21.9356 0.565077 -0.3 0.234065
22.0356 0.56507 -0.3 0.234041
22.1286 0.565071 -0.3 0.23408
22.2171 0.565052 -0.3 0.234053
22.3312 0.564958 -0.3 0.234033
22.4203 0.56488 -0.3 0.234065
22.496 0.56476 -0.3 0.234031
22.5878 0.564613 -0.3 0.234113
22.6842 0.564409 -0.3 0.234079
22.7731 0.564193 -0.3 0.234058
22.8736 0.563904 -0.3 0.234015
22.9761 0.563642 -0.3 0.234094
23.0756 0.563343 -0.3 0.234123
23.1691 0.562974 -0.3 0.234098
23.2632 0.56258 -0.3 0.234102
23.3632 0.562162 -0.3 0.233999
23.4552 0.561731 -0.3 0.234045
23.5534 0.561324 -0.3 0.234072
23.6576 0.56077 -0.3 0.234021
23.7504 0.560308 -0.3 0.233981
23.8489 0.559721 -0.3 0.233969
23.9545 0.559123 -0.3 0.233993
24.0496 0.558575 -0.3 0.233955
24.1441 0.557923 -0.3 0.233932
24.2394 0.55735 -0.3 0.233908
24.3308 0.556728 -0.3 0.233886
24.429 0.556039 -0.3 0.233884
24.526 0.555366 -0.3 0.233911
24.6254 0.554719 -0.3 0.233876
24.7156 0.554043 -0.3 0.23384
24.8077 0.553357 -0.3 0.233783
24.9116 0.552577 -0.3 0.233738
25.0069 0.551909 -0.3 0.233758
25.1031 0.55121 -0.3 0.233741
25.2154 0.550432 -0.3 0.233728
25.3131 0.549653 -0.3 0.233715
25.4119 0.548906 -0.3 0.233655
25.5032 0.548242 -0.3 0.233602
25.5962 0.547569 -0.3 0.233646
25.6949 0.546827 -0.3 0.233589
25.7807 0.546196 -0.3 0.233558
25.8763 0.545571 -0.3 0.233558
25.9659 0.54492 -0.3 0.233534
26.058 0.544331 -0.3 0.233498
26.1456 0.543692 -0.3 0.233414
26.2533 0.542989 -0.3 0.233454
26.3625 0.542369 -0.3 0.233482
26.4552 0.541767 -0.3 0.233483
26.5439 0.541256 -0.3 0.23342
26.6359 0.540792 -0.3 0.233382
26.721 0.540333 -0.3 0.233391
26.8182 0.53978 -0.3 0.233371
26.9024 0.53937 -0.3 0.233367
26.9958 0.539049 -0.3 0.233326
27.094 0.538617 -0.3 0.233344
27.1864 0.538283 -0.3 0.25
27.2752 0.537989 -0.298316 0.25
27.3643 0.537697 -0.299154 0.25
27.4638 0.537446 -0.299958 0.25
27.5541 0.537236 -0.300585 0.25
27.664 0.537054 -0.301172 0.25
27.7599 0.536962 -0.301525 0.25
27.8523 0.536891 -0.301745 0.25
27.95 0.536854 -0.301862 0.25
28.0813 0.536862 -0.301865 0.25
28.1884 0.536856 -0.301878 0.25
28.2933 0.536888 -0.301924 0.25
28.3917 0.5369 -0.301951 0.25
28.4836 0.536899 -0.302012 0.25
28.5712 0.536915 -0.302011 0.25
28.6535 0.536933 -0.302081 0.25
28.743 0.536928 -0.302117 0.25
28.8306 0.536924 -0.302202 0.25
28.9113 0.536942 -0.30227 0.25
28.9993 0.536929 -0.302314 0.25
29.1023 0.536947 -0.302442 0.25
29.1938 0.536935 -0.302499 0.25
29.2909 0.536939 -0.302602 0.25
29.3878 0.536924 -0.302691 0.25
29.4812 0.536926 -0.302779 0.25
29.6008 0.536957 -0.302892 0.25
29.6879 0.536948 -0.30297 0.25
29.7728 0.536956 -0.303049 0.25
29.8562 0.536935 -0.303125 0.25
29.9466 0.536923 -0.30322 0.25
30.0815 0.53691 -0.30334 0.25
30.1797 0.536898 -0.259 0.22
30.2805 0.536909 -0.259 0.22
30.3676 0.53688 -0.259 0.22
30.452 0.536893 -0.259 0.22
30.5393 0.536872 -0.259 0.22
30.625 0.536898 -0.259 0.22
30.7246 0.536868 -0.259 0.22
30.8264 0.536851 -0.259 0.22
30.9449 0.53685 -0.259 0.22
31.0402 0.536844 -0.259 0.22
31.1538 0.536809 -0.259 0.22
31.2351 0.536812 -0.259 0.22
31.3246 0.536793 -0.259 0.22
31.4549 0.536842 -0.259 0.22
31.5731 0.536931 -0.259 0.22
31.6555 0.537014 -0.259 0.22
31.7454 0.537112 -0.259 0.22
31.8301 0.537195 -0.259 0.22
31.9163 0.537263 -0.259 0.22
32.0171 0.537328 -0.259 0.22
32.1133 0.537409 -0.259 0.22
32.228 0.537497 -0.259 0.22
32.3433 0.537639 -0.259 0.22
32.4399 0.537627 -0.259 0.22
32.5284 0.537628 -0.259 0.22
32.6164 0.537686 -0.259 0.22
32.7014 0.537687 -0.259 0.22
32.7898 0.537723 -0.259 0.22
32.8778 0.537719 -0.259 0.22
32.9742 0.537701 -0.259 0.22
33.0595 0.537687 -0.259 0.22
33.1574 0.537597 -0.259 0.22
33.2555 0.537513 -0.259 0.22
33.3449 0.537469 -0.259 0.22
33.4442 0.537468 -0.259 0.22
33.5373 0.537366 -0.259 0.22
33.636 0.537286 -0.259 0.22
33.722 0.537227 -0.259 0.22
33.8176 0.537158 -0.259 0.22
33.9108 0.602445 -0.170215 -0.0223994
34.0082 0.60267 -0.168993 -0.0219084
34.1445 0.602418 -0.168945 -0.0212219
34.262 0.602128 -0.169255 -0.0222837
34.3825 0.591426 -0.123455 -0.054462
34.5032 0.658767 1.33007 -0.269376
34.6254 0.717975 1.60361 -0.416306
34.7288 0.901841 1.42919 -1.38058
34.8238 1.01454 0.010026 -0.213806
34.9401 0.8485 1.68212 -1.14858
35.0468 0.762176 0.867906 -0.536668
35.1202 0.92397 2.46788 -1.71042
35.195 1.0919 1.71479 -1.1754
35.2938 1.07998 1.7124 -1.1087
35.3992 0.633638 0.903735 -0.694559
35.4785 0.971063 1.25434 -1.09378
35.5724 1.30393 3.77641 -2.80459
35.6654 1.09436 2.11482 -1.46368
35.7617 1.08154 2.02955 -1.30995
35.8513 1.11822 1.72714 -1.12839
35.9437 0.890315 1.54778 -1.1376
36.0389 0.978522 1.43555 -1.0952
36.1259 0.699742 0.664745 -0.545411
36.2121 0.629174 1.2363 -0.869384
36.3076 1.0909 1.88063 -1.14131
36.3914 0.969354 1.1915 -0.987238
36.4749 0.982287 1.98676 -1.38426
36.5808 0.782287 1.59166 -1.14777
36.675 1.06818 1.47105 -1.03119
36.7642 0.786442 1.60798 -1.12865
36.846 1.15466 1.66463 -1.19896
36.9386 1.03521 1.26396 -0.924697
37.0208 0.750961 0.846416 -0.728337
37.1372 0.629105 0.737201 -0.64159
37.2094 0.815118 1.13492 -0.911884
37.3017 1.01347 1.33147 -0.940378
37.3851 1.01827 1.39215 -1.06006
37.47 0.763824 1.47082 -0.973684
37.5684 1.12506 1.1704 -0.942766
37.6774 1.09322 1.22874 -0.957381
37.7626 1.01172 1.55322 -1.22583
37.859 1.08129 1.27855 -0.978916
37.9528 0.914825 0.850629 -0.674526
38.0488 0.962714 2.03944 -1.30684
38.1562 0.984894 1.91725 -1.31468
38.2263 1.008 1.3199 -1.01523
38.3236 1.00261 1.88729 -1.36052
38.4114 0.87155 1.45325 -1.03991
38.5382 1.22898 1.37118 -1.0197
38.6125 1.10562 1.13442 -0.897556
38.699 0.980001 1.66508 -1.22124
38.7946 0.888746 0.753957 -0.651579
38.883 0.972688 0.85884 -0.719782
38.9858 1.15186 1.36673 -1.02203
39.0741 0.819251 1.49436 -1.14039
39.1729 1.07069 1.39814 -1.09885
39.2642 1.11495 1.11957 -0.889359
