7.77245e-05 0.28236 0.173701 -0.0811518 0
0.102052 0.282366 0.173667 -0.0817123 0
0.219616 0.282406 0.17363 -0.0810103 0
0.327126 0.282422 0.173659 -0.0811905 0
0.422629 0.282432 0.173772 -0.0814788 0
0.517253 0.282353 0.17366 -0.0801084 0
0.639045 0.282355 0.173658 -0.0802495 0
0.733749 0.282424 0.173742 -0.0810343 0
0.842752 0.282375 0.173627 -0.0807052 0
0.9758 0.282411 0.173642 -0.0804746 0
1.10089 0.282436 0.173703 -0.0809471 0
1.22841 0.282362 0.173646 -0.0812632 0
1.35708 0.282334 0.173641 -0.0805693 0
1.47955 0.282422 0.173793 -0.0814236 0
1.58969 0.282331 0.173612 -0.081037 0
1.68119 0.282429 0.173688 -0.0806709 0
1.75794 0.282313 0.173646 -0.0813975 0
1.88207 0.282429 0.173763 -0.0816584 0
1.96946 0.282379 0.173736 -0.0815209 0
2.07493 0.282369 0.173731 -0.081533 0
2.17742 0.282355 0.173696 -0.0817165 0
2.31516 0.282372 0.173683 -0.0805214 0
2.46377 0.28243 0.173637 -0.0809093 0
2.58986 0.282373 0.173716 -0.08138 0
2.72247 0.28243 0.173663 -0.0805188 0
2.83591 0.28237 0.173677 -0.080926 0
2.98361 0.282329 0.17365 -0.0814664 0
3.07733 0.282339 0.17366 -0.081717 0
3.20174 0.282403 0.173642 -0.080907 0
3.32357 0.282429 0.173741 -0.0811687 0
3.46173 0.282354 0.17365 -0.0807048 0
3.59458 0.282415 0.17364 -0.0808002 0
3.71864 0.282387 0.173649 -0.0808576 0
3.85429 0.282406 0.17371 -0.0814522 0
3.99747 0.282334 0.173661 -0.08153 0
4.12178 0.28238 0.173701 -0.0815663 0
4.25305 0.282342 0.173577 -0.0810774 0
4.37724 0.282393 0.173791 -0.0819453 0
4.49833 0.282321 0.173691 -0.0817832 0
4.61741 0.282138 0.173702 -0.082082 0
4.72739 0.282318 0.173652 -0.0812027 0
4.86346 0.282364 0.173692 -0.0814971 0
4.99698 0.282328 0.173678 -0.08212 0
5.10285 0.28233 0.173755 -0.0822531 0
5.20773 0.282417 0.173731 -0.0814459 0
5.33724 0.282377 0.173733 -0.0812055 0
5.43684 0.282354 0.173682 -0.0823147 0
5.53934 0.282387 0.173688 -0.0808082 0
5.66429 0.28242 0.173757 -0.0819521 0
5.75529 0.282416 0.173802 -0.0819303 0
5.8905 0.282381 0.173688 -0.0813058 0
6.00681 0.282377 0.173746 -0.0812431 0
6.12138 0.28239 0.173764 -0.0810291 0
6.22121 0.282428 0.173767 -0.0814332 0
6.33808 0.2824 0.173637 -0.0809309 0
6.4566 0.282445 0.17367 -0.0809247 0
6.56997 0.282384 0.173762 -0.0816979 0
6.68679 0.282348 0.173625 -0.0817269 0
6.79727 0.282235 0.173589 -0.081715 0
6.92846 0.282383 0.173751 -0.0822781 0
7.08059 0.282335 0.173634 -0.0813402 0
7.20467 0.282311 0.173698 -0.0822055 0
7.34618 0.282364 0.173708 -0.0817598 0
7.46368 0.282355 0.173724 -0.0818692 0
7.61172 0.282409 0.173694 -0.0810875 0
7.75409 0.282425 0.173728 -0.0815483 0
7.85392 0.282414 0.173766 -0.0816888 0
7.99872 0.282344 0.173684 -0.0818845 0
8.15033 0.282404 0.173633 -0.0810789 0
8.23616 0.282365 0.173651 -0.0811248 0
8.38375 0.282387 0.173645 -0.080675 0
8.53521 0.28235 0.173657 -0.0810914 0
8.68486 0.282327 0.173596 -0.0805504 0
8.79221 0.282384 0.173651 -0.0807193 0
8.92767 0.28239 0.173829 -0.0810525 0
9.06349 0.282623 0.174258 -0.0820247 0
9.18921 0.282699 0.174221 -0.0818345 0
9.30514 0.282785 0.174265 -0.081152 0
9.42657 0.282649 0.17457 -0.0802638 0
9.55877 0.282799 0.174952 -0.0801472 0
9.68225 0.28233 0.175477 -0.0807823 0
9.78352 0.283242 0.175642 -0.0792096 0
9.89883 0.283238 0.175867 -0.0791408 0
10.0209 0.283069 0.176253 -0.0778903 0
10.1569 0.283103 0.176594 -0.0771435 0
10.2714 0.283203 0.176954 -0.076157 0
10.3837 0.281906 0.177251 -0.0768816 0
10.539 0.281605 0.178375 -0.0769808 0
10.6467 0.284195 0.178116 -0.0747603 0
10.7613 0.281033 0.17874 -0.0759659 0
10.8863 0.282748 0.178823 -0.0726996 0
11.0333 0.282293 0.178834 -0.0699201 0
11.1484 0.281346 0.179282 -0.0701919 0
11.2684 0.281425 0.178948 -0.0685794 0
11.3887 0.281722 0.179064 -0.067306 0
11.5032 0.282419 0.178882 -0.0653865 0
11.6414 0.282395 0.179124 -0.0645352 0
11.7503 0.281997 0.17909 -0.0616064 0
11.8817 0.283468 0.178981 -0.0583583 0
12.0032 0.282526 0.179305 -0.0583303 0
12.1391 0.28226 0.179613 -0.0568358 0
12.2682 0.282885 0.179648 -0.0555049 0
12.3924 0.281953 0.180276 -0.0568309 0
12.5151 0.28241 0.180256 -0.0551207 0
12.6472 0.281861 0.18032 -0.0539396 0
12.7691 0.281715 0.180364 -0.0532787 0
12.889 0.281844 0.180091 -0.051693 0
13.0023 0.282609 0.180035 -0.0494718 0
13.1195 0.282235 0.180004 -0.0490263 0
13.2424 0.282331 0.179848 -0.0480479 1
13.3569 0.282525 0.180063 -0.0465112 1
13.4852 0.282634 0.180036 -0.0465734 1
13.6105 0.282819 0.180145 -0.0457691 1
13.7267 0.282386 0.179929 -0.0467629 1
13.8517 0.282696 0.179882 -0.045148 1
13.9592 0.283065 0.180013 -0.0450189 1
14.0943 0.283902 0.180013 -0.0444408 1
14.202 0.284409 0.180329 -0.0449148 1
14.3552 0.286103 0.180731 -0.0441719 1
14.4615 0.287728 0.180989 -0.0437772 1
14.5881 0.290695 0.181381 -0.0436102 1
14.6983 0.295284 0.181628 -0.0417829 1
14.8244 0.297336 0.182122 -0.0415942 1
14.9532 0.301847 0.182676 -0.039943 1
15.0854 0.307194 0.183084 -0.0385098 1
15.2032 0.312279 0.183271 -0.0374885 1
15.3273 0.316828 0.183875 -0.0387758 1
15.4648 0.321093 0.184167 -0.0370665 1
15.6027 0.32771 0.184631 -0.0354742 1
15.7331 0.337106 0.184932 -0.0327255 1
15.847 0.342731 0.185228 -0.0326173 1
15.969 0.350538 0.185275 -0.0328098 1
16.1011 0.357687 0.18569 -0.0313352 1
16.2188 0.36588 0.185416 -0.0292629 1
16.3354 0.373714 0.185326 -0.0282614 1
16.4724 0.378984 0.185134 -0.0284365 1
16.6075 0.386544 0.184436 -0.0283285 1
16.7113 0.395118 0.184488 -0.0259951 1
16.8323 0.402659 0.183605 -0.0261573 1
16.9689 0.408424 0.183309 -0.0262384 1
17.1177 0.415727 0.182252 -0.0266657 1
17.2445 0.426831 0.181182 -0.0244482 1
17.3621 0.429139 0.180566 -0.0245966 1
17.4687 0.437487 0.180821 -0.0288613 1
17.6026 0.444655 0.179315 -0.028153 1
17.7402 0.449551 0.179254 -0.026855 1
17.8723 0.457353 0.177902 -0.0277967 1
17.9989 0.461557 0.176815 -0.0289207 1
18.1257 0.46646 0.176184 -0.0292804 1
18.2481 0.46937 0.17565 -0.0306074 1
18.3783 0.47238 0.175188 -0.0319089 1
18.502 0.475302 0.174527 -0.0331465 2
18.6273 0.476363 0.174503 -0.034105 2
18.7552 0.479058 0.174108 -0.0343968 2
18.8777 0.478789 0.174056 -0.0364032 2
18.9984 0.478924 0.173929 -0.0333755 2
19.098 0.478748 0.173829 -0.0363673 2
19.2201 0.478908 0.173354 -0.0350775 2
19.3487 0.478549 0.172539 -0.0364206 2
19.4749 0.47908 0.172008 -0.0345457 2
19.6235 0.480288 0.170698 -0.033593 2
19.7279 0.47989 0.169787 -0.0343473 2
19.8618 0.480343 0.168244 -0.0360476 2
19.9754 0.481468 0.166615 -0.0343719 2
20.1157 0.481395 0.164464 -0.0346269 2
20.2182 0.481141 0.1626 -0.0336763 2
20.3568 0.482931 0.160615 -0.0357087 2
20.457 0.481969 0.15821 -0.0340213 2
20.5939 0.483306 0.155669 -0.0342508 2
20.7209 0.485086 0.152836 -0.0314685 2
20.8429 0.485444 0.150066 -0.0317668 2
20.985 0.486456 0.146935 -0.0317618 2
21.11 0.487704 0.143955 -0.032319 2
21.2133 0.488232 0.140672 -0.0330779 2
21.3406 0.489129 0.137185 -0.0327183 2
21.4618 0.489353 0.133611 -0.0331849 2
21.6015 0.491567 0.129483 -0.0281381 2
21.7078 0.492296 0.125769 -0.0291427 2
21.8418 0.492569 0.122119 -0.031966 2
21.9657 0.49431 0.117346 -0.028486 2
22.1031 0.494496 0.113473 -0.0332224 2
22.2318 0.4949 0.108899 -0.0332201 2
22.3655 0.496774 0.101965 -0.0296516 2
22.5169 0.497769 0.0981115 -0.0275835 2
22.6433 0.499137 0.0921723 -0.0307158 2
22.7786 0.49941 0.0869985 -0.0291238 2
22.9083 0.500239 0.0815638 -0.0298011 2
23.0417 0.500965 0.0759393 -0.0301206 2
23.1708 0.502066 0.0703067 -0.0290097 2
23.3004 0.502505 0.0649289 -0.0312839 2
23.4205 0.503747 0.0592737 -0.0305782 2
23.5308 0.503559 0.054401 -0.0312144 2
23.6546 0.504398 0.0493245 -0.03037 2
23.7723 0.505087 0.0440166 -0.0281089 2
23.8893 0.506973 0.0380066 -0.0265513 2
24.0251 0.506353 0.0321876 -0.0280136 2
24.1528 0.505731 0.0262139 -0.0326277 2
24.2828 0.50679 0.0199807 -0.0325998 2
24.4182 0.506824 0.0127779 -0.0287977 2
24.5448 0.507365 0.00608248 -0.0301152 2
24.6587 0.507821 0.00135624 -0.0300062 2
24.785 0.508255 -0.00482216 -0.0300536 2
24.8969 0.50819 -0.0103377 -0.0304177 2
25.0468 0.507751 -0.0174261 -0.0319224 2
25.1577 0.508222 -0.022814 -0.0290694 2
25.2883 0.507373 -0.0299668 -0.0331755 2
25.4198 0.50711 -0.0359774 -0.0330822 2
25.532 0.507783 -0.0418738 -0.0284302 2
25.6566 0.507039 -0.0477079 -0.0314546 2
25.78 0.506683 -0.0535806 -0.0324477 2
25.917 0.506661 -0.0598979 -0.0332119 2
26.0382 0.504931 -0.0659403 -0.0353237 2
26.175 0.506856 -0.0738885 -0.0264534 2
26.2959 0.504902 -0.0791584 -0.0281929 2
26.4156 0.504134 -0.084405 -0.0304873 2
26.5441 0.503323 -0.0905488 -0.0326747 2
26.6565 0.50276 -0.0956885 -0.0311857 2
26.7896 0.501313 -0.101671 -0.0317361 2
26.9217 0.500518 -0.10719 -0.0266511 2
27.0528 0.498615 -0.112971 -0.0299104 2
27.1788 0.498117 -0.117427 -0.0293788 2
27.3145 0.496737 -0.123395 -0.0299653 2
27.4326 0.495385 -0.127212 -0.0285082 2
27.5598 0.494413 -0.132803 -0.0300948 2
27.6798 0.493044 -0.136644 -0.030802 2
27.8135 0.49215 -0.14195 -0.0315454 2
27.9349 0.489902 -0.145794 -0.0329325 2
28.0596 0.488593 -0.150332 -0.0341787 2
28.1847 0.4868 -0.154582 -0.0345177 2
28.306 0.484732 -0.157868 -0.0335755 2
28.4169 0.484541 -0.161783 -0.033016 2
28.543 0.482414 -0.165693 -0.034348 2
28.703 0.481188 -0.171079 -0.0360451 2
28.8288 0.480715 -0.175287 -0.0370633 2
28.9521 0.479787 -0.178043 -0.0366032 2
29.0586 0.479113 -0.180921 -0.0364891 2
29.1928 0.477864 -0.184706 -0.0354646 2
29.3329 0.477157 -0.186765 -0.0337316 2
29.4344 0.475804 -0.189256 -0.0356734 2
29.5685 0.475256 -0.191935 -0.0341592 2
29.7055 0.474301 -0.194596 -0.0337715 2
29.8394 0.473713 -0.196952 -0.0335371 2
29.9688 0.473115 -0.198248 -0.033772 2
30.0905 0.472559 -0.200291 -0.0330811 2
30.2073 0.472245 -0.201223 -0.0328761 2
30.3158 0.471061 -0.202606 -0.0329185 3
30.4656 0.470133 -0.203572 -0.0333293 3
30.5621 0.470806 -0.204284 -0.032966 3
30.7014 0.469233 -0.204869 -0.0342724 3
30.8226 0.46936 -0.20527 -0.0352824 3
30.9474 0.469434 -0.204743 -0.0340527 3
31.0726 0.469157 -0.204742 -0.0332203 3
31.1702 0.469542 -0.204932 -0.03325 3
31.3085 0.469728 -0.205272 -0.0337618 3
31.4425 0.468816 -0.20508 -0.034407 3
31.5447 0.469244 -0.2049 -0.0336403 3
31.6653 0.468759 -0.205242 -0.0339966 3
31.7942 0.469536 -0.205506 -0.0335752 3
31.9288 0.469371 -0.205306 -0.0330513 3
32.0536 0.469261 -0.205937 -0.0331856 3
32.161 0.468882 -0.206501 -0.0338529 3
32.2831 0.468939 -0.206424 -0.0334498 3
32.434 0.469159 -0.206685 -0.0340639 3
32.5566 0.468737 -0.206565 -0.0325015 3
32.6609 0.468882 -0.20666 -0.0320597 3
32.8102 0.468999 -0.207408 -0.0316928 3
32.9343 0.468688 -0.207916 -0.0313327 3
33.0454 0.469061 -0.208204 -0.0306033 3
33.1939 0.468596 -0.208408 -0.0300325 3
33.2931 0.468624 -0.208666 -0.0287589 4
33.4092 0.468449 -0.208746 -0.029576 4
33.5463 0.468374 -0.209324 -0.0273988 4
33.6781 0.468513 -0.209156 -0.0279098 4
33.7817 0.469332 -0.209607 -0.0268591 4
33.9035 0.468881 -0.210177 -0.0264473 4
34.0407 0.469051 -0.210308 -0.0257004 4
34.1621 0.468749 -0.210288 -0.0260104 4
34.2631 0.469025 -0.210195 -0.0249318 4
34.3858 0.468412 -0.209871 -0.0256385 4
34.49 0.4685 -0.209491 -0.0261292 4
34.6146 0.469134 -0.208278 -0.026121 4
34.742 0.469696 -0.20693 -0.0258453 4
34.8828 0.469171 -0.204214 -0.0271166 4
35.0027 0.469437 -0.201454 -0.0281335 4
35.1487 0.469547 -0.198631 -0.0296433 4
35.2642 0.469722 -0.195924 -0.0287621 4
35.3863 0.469943 -0.193144 -0.0296551 4
35.499 0.470251 -0.190112 -0.0297864 4
35.6277 0.470077 -0.187408 -0.032054 4
35.7293 0.470725 -0.18502 -0.0321581 4
35.8525 0.470618 -0.182334 -0.0333899 4
35.9719 0.470585 -0.179944 -0.0348377 4
36.0934 0.470746 -0.17668 -0.0344878 4
36.2067 0.470628 -0.174511 -0.0356538 4
36.3203 0.471036 -0.172912 -0.0360411 4
36.4444 0.471197 -0.170846 -0.0372774 4
36.5749 0.471309 -0.16862 -0.0376062 4
36.7016 0.471078 -0.167437 -0.037833 4
36.8075 0.470495 -0.164996 -0.034789 4
36.9422 0.470231 -0.163898 -0.0348438 4
36.9422 0 0 0 5
37.0755 0.469995 -0.162997 -0.033448 5
37.1982 0.469854 -0.162582 -0.0334557 5
37.3334 0.46969 -0.162763 -0.0335886 5
37.4454 0.469518 -0.167385 -0.0321476 5
37.5774 0.46966 -0.169726 -0.030331 5
37.6946 0.470518 -0.172208 -0.0332683 5
37.8289 0.471731 -0.173007 -0.0363453 5
37.9191 0.472671 -0.175315 -0.035642 5
38.0701 0.475734 -0.175833 -0.0364416 5
38.1729 0.477108 -0.178499 -0.0354459 5
38.3259 0.477531 -0.177383 -0.0390047 5
38.4373 0.477766 -0.176927 -0.0393736 5
38.5385 0.477932 -0.176999 -0.039152 5
38.6592 0.477961 -0.177272 -0.0392916 5
38.7907 0.478136 -0.177142 -0.0391113 5
38.9168 0.477954 -0.177059 -0.0391014 5
39.04 0.477893 -0.177711 -0.0391707 5
39.1863 0.477802 -0.177457 -0.0398198 5
39.2957 0.478122 -0.17688 -0.039661 5
39.4269 0.477818 -0.177392 -0.0388695 5
39.5334 0.477785 -0.177389 -0.0397313 5
39.6501 0.47814 -0.177192 -0.0393023 5
39.7944 0.478119 -0.177177 -0.03885 5
39.8903 0.477845 -0.17685 -0.0382364 5
40.0121 0.477754 -0.177413 -0.03917 5
40.1433 0.477972 -0.177069 -0.0390764 5
40.2609 0.478081 -0.176889 -0.0388572 5
40.3843 0.477925 -0.177383 -0.0393109 5
40.5054 0.47781 -0.17761 -0.0393114 5
40.636 0.477894 -0.177264 -0.0393145 5
40.7394 0.477868 -0.177237 -0.0395515 5
40.8591 0.477637 -0.177663 -0.0398966 5
40.978 0.477758 -0.176854 -0.03964 5
41.1112 0.477723 -0.177115 -0.0391203 5
41.2258 0.477785 -0.177247 -0.0395729 5
41.3536 0.478145 -0.176911 -0.0386245 5
