7.77245e-05 0.406925 0.171666 -0.0785034 0
0.102052 0.406912 0.171611 -0.0785263 0
0.219616 0.406935 0.171675 -0.0786914 0
0.327126 0.406938 0.171663 -0.0786541 0
0.422629 0.406974 0.171824 -0.0783747 0
0.517253 0.406917 0.171757 -0.0780008 0
0.639045 0.40696 0.171702 -0.0786447 0
0.733749 0.406976 0.17169 -0.0781579 0
0.842752 0.406942 0.171642 -0.0787136 0
0.9758 0.406942 0.171676 -0.0785581 0
1.10089 0.406955 0.171836 -0.0788904 0
1.22841 0.406918 0.17163 -0.0780522 0
1.35708 0.406882 0.171664 -0.0782864 0
1.47955 0.406959 0.171878 -0.0788679 0
1.58969 0.406908 0.171617 -0.0786355 0
1.68119 0.406924 0.171798 -0.0781303 0
1.75794 0.406877 0.171662 -0.078936 0
1.88207 0.406972 0.171748 -0.0787481 0
1.96946 0.406921 0.171747 -0.0788202 0
2.07493 0.406927 0.171668 -0.0785465 0
2.17742 0.406914 0.171705 -0.0790524 0
2.31516 0.406938 0.171678 -0.0784257 0
2.46377 0.406972 0.171671 -0.0782946 0
2.58986 0.406932 0.171793 -0.0789156 0
2.72247 0.406948 0.171617 -0.0773723 0
2.83591 0.406935 0.171632 -0.0782336 0
2.98361 0.406963 0.171665 -0.0794518 0
3.07733 0.406894 0.171674 -0.0784404 0
3.20174 0.406941 0.171651 -0.0782918 0
3.32357 0.406962 0.17175 -0.0787407 0
3.46173 0.406874 0.171688 -0.0788114 0
3.59458 0.406892 0.171668 -0.0787388 0
3.71864 0.406908 0.171715 -0.0785317 0
3.85429 0.406974 0.17171 -0.0789349 0
3.99747 0.406943 0.171616 -0.078504 0
4.12178 0.40692 0.171689 -0.0791082 0
4.25305 0.406893 0.17159 -0.0787434 0
4.37724 0.406965 0.171749 -0.0785469 0
4.49833 0.406868 0.171697 -0.0788739 0
4.61741 0.406959 0.171695 -0.079198 0
4.72739 0.406846 0.171614 -0.0778206 0
4.86346 0.406921 0.171663 -0.0788059 0
4.99698 0.406891 0.171649 -0.0789452 0
5.10285 0.406959 0.171699 -0.0788145 0
5.20773 0.406962 0.1717 -0.0784541 0
5.33724 0.406982 0.171724 -0.0786966 0
5.43684 0.406875 0.171638 -0.078862 0
5.53934 0.406932 0.171776 -0.0783931 0
5.66429 0.406927 0.171719 -0.0786808 0
5.75529 0.407009 0.171781 -0.0791413 0
5.8905 0.406893 0.17171 -0.0789467 0
6.00681 0.406935 0.171824 -0.078468 0
6.12138 0.406952 0.171785 -0.0785926 0
6.22121 0.406975 0.171752 -0.0787266 0
6.33808 0.406926 0.171711 -0.07856 0
6.4566 0.406952 0.171767 -0.0782109 0
6.56997 0.406928 0.171708 -0.0783042 0
6.68679 0.406894 0.171676 -0.0797036 0
6.79727 0.406853 0.171581 -0.0789002 0
6.92846 0.40694 0.171731 -0.0795564 0
7.08059 0.406869 0.171637 -0.0790711 0
7.20467 0.406903 0.17165 -0.0788333 0
7.34618 0.406944 0.171703 -0.0793309 0
7.46368 0.406961 0.171689 -0.0790887 0
7.61172 0.406906 0.171704 -0.0786488 0
7.75409 0.406954 0.17174 -0.0790075 0
7.85392 0.406943 0.171779 -0.0785612 0
7.99872 0.406912 0.171623 -0.0785981 0
8.15033 0.406941 0.171633 -0.0783069 0
8.23616 0.406935 0.171692 -0.0785237 0
8.38375 0.406953 0.171664 -0.0788073 0
8.53521 0.406871 0.171657 -0.0785398 0
8.68486 0.406904 0.171735 -0.07899 0
8.79221 0.4069 0.171673 -0.0781605 0
8.92767 0.406969 0.171827 -0.0787321 0
9.06349 0.407269 0.172203 -0.0792703 0
9.18921 0.40725 0.172155 -0.0788885 0
9.30514 0.407335 0.172288 -0.0789336 0
9.42657 0.407419 0.172759 -0.0780616 0
9.55877 0.407673 0.172982 -0.0774895 0
9.68225 0.408046 0.173532 -0.0774859 0
9.78352 0.408197 0.173819 -0.0775138 0
9.89883 0.408425 0.174011 -0.0763271 0
10.0209 0.40857 0.174276 -0.0751917 0
10.1569 0.408961 0.174697 -0.074118 0
10.2714 0.409228 0.17509 -0.0732679 0
10.3837 0.409292 0.175285 -0.0723691 0
10.539 0.409923 0.176203 -0.0710579 0
10.6467 0.410228 0.175985 -0.0689636 0
10.7613 0.410766 0.17652 -0.0678471 0
10.8863 0.410416 0.176651 -0.0661033 0
11.0333 0.410502 0.176935 -0.0651965 0
11.1484 0.410437 0.176968 -0.064312 0
11.2684 0.410716 0.176868 -0.0615897 0
11.3887 0.410519 0.177028 -0.0614872 0
11.5032 0.410938 0.177195 -0.0598526 0
11.6414 0.410545 0.177344 -0.0579256 0
11.7503 0.410428 0.177713 -0.0568239 0
11.8817 0.411122 0.177543 -0.053516 0
12.0032 0.410548 0.177797 -0.0532282 0
12.1391 0.410423 0.178164 -0.0527968 0
12.2682 0.410484 0.177901 -0.0505506 0
12.3924 0.410666 0.178193 -0.0493 0
12.5151 0.410593 0.178131 -0.0484108 0
12.6472 0.41052 0.178033 -0.0468424 0
12.7691 0.410402 0.178105 -0.0457079 0
12.889 0.410118 0.177855 -0.0450236 0
13.0023 0.410546 0.177875 -0.0432549 0
13.1195 0.410337 0.177845 -0.0432543 0
13.2424 0.410063 0.177521 -0.0419511 1
13.3569 0.409809 0.177463 -0.0407758 1
13.4852 0.409972 0.177683 -0.0407108 1
13.6105 0.409968 0.177676 -0.039551 1
13.7267 0.410008 0.17751 -0.0401441 1
13.8517 0.410238 0.177399 -0.0392241 1
13.9592 0.410522 0.177465 -0.0377473 1
14.0943 0.411349 0.177479 -0.039073 1
14.202 0.412351 0.177663 -0.0388499 1
14.3552 0.414684 0.178017 -0.0390405 1
14.4615 0.416165 0.178397 -0.0386943 1
14.5881 0.419306 0.178799 -0.0382034 1
14.6983 0.423211 0.179192 -0.0368145 1
14.8244 0.426452 0.179586 -0.0370826 1
14.9532 0.431025 0.179965 -0.0362378 1
15.0854 0.435569 0.180778 -0.0353372 1
15.2032 0.441162 0.180704 -0.0328092 1
15.3273 0.445341 0.181036 -0.0322308 1
15.4648 0.45242 0.181368 -0.0313188 1
15.6027 0.458782 0.181585 -0.031723 1
15.7331 0.467073 0.182138 -0.0307442 1
15.847 0.471523 0.18268 -0.0305448 1
15.969 0.479252 0.18233 -0.0296303 1
16.1011 0.485559 0.182458 -0.0290774 1
16.2188 0.493621 0.18279 -0.0296464 1
16.3354 0.500801 0.18269 -0.0296631 1
16.4724 0.507237 0.182728 -0.0281115 1
16.6075 0.51533 0.181734 -0.0285447 1
16.7113 0.522559 0.182215 -0.0279967 1
16.8323 0.530215 0.181426 -0.0278687 1
16.9689 0.536649 0.181507 -0.0258621 1
17.1177 0.54406 0.180145 -0.0270534 1
17.2445 0.55396 0.179112 -0.025899 1
17.3621 0.556396 0.179046 -0.0269082 1
17.4687 0.566007 0.178382 -0.0240726 1
17.6026 0.572467 0.176872 -0.0250345 1
17.7402 0.576576 0.176691 -0.0254957 1
17.8723 0.58249 0.175246 -0.0259584 1
17.9989 0.587834 0.174801 -0.0271597 1
18.1257 0.591713 0.17408 -0.0262569 1
18.2481 0.595166 0.173642 -0.026723 1
18.3783 0.598324 0.172397 -0.0264214 1
18.502 0.600356 0.172261 -0.0281538 2
18.6273 0.602247 0.172524 -0.0291472 2
18.7552 0.603147 0.17233 -0.0292059 2
18.8777 0.60311 0.172203 -0.0310259 2
18.9984 0.603939 0.172276 -0.0283035 2
19.098 0.603882 0.172066 -0.029562 2
19.2201 0.60419 0.171633 -0.0294441 2
19.3487 0.603968 0.170686 -0.0299881 2
19.4749 0.604352 0.170439 -0.0294957 2
19.6235 0.604416 0.168936 -0.0293144 2
19.7279 0.604695 0.168094 -0.0297228 2
19.8618 0.605271 0.166356 -0.0293325 2
19.9754 0.605701 0.164654 -0.0287716 2
20.1157 0.606188 0.162665 -0.027003 2
20.2182 0.606447 0.161269 -0.0288952 2
20.3568 0.607182 0.158669 -0.0285354 2
20.457 0.607776 0.156843 -0.0285275 2
20.5939 0.608838 0.154005 -0.0275694 2
20.7209 0.609988 0.150859 -0.0267416 2
20.8429 0.610587 0.14842 -0.027671 2
20.985 0.611713 0.145114 -0.0272205 2
21.11 0.612833 0.141777 -0.0265071 2
21.2133 0.613238 0.138943 -0.0281358 2
21.3406 0.614005 0.135473 -0.0282574 2
21.4618 0.615053 0.131502 -0.0268686 2
21.6015 0.616133 0.127451 -0.0243718 2
21.7078 0.616639 0.123793 -0.0267867 2
21.8418 0.618205 0.119514 -0.026303 2
21.9657 0.618875 0.115698 -0.0258107 2
22.1031 0.619904 0.111483 -0.0275197 2
22.2318 0.620945 0.107184 -0.0273997 2
22.3655 0.621983 0.100017 -0.025112 2
22.5169 0.623124 0.096002 -0.0246119 2
22.6433 0.623623 0.0904551 -0.0262248 2
22.7786 0.624957 0.0851129 -0.0237673 2
22.9083 0.625377 0.0798102 -0.0259193 2
23.0417 0.626474 0.0739904 -0.0254547 2
23.1708 0.626803 0.0685244 -0.0259941 2
23.3004 0.627829 0.0629834 -0.0265388 2
23.4205 0.628801 0.0572798 -0.0251812 2
23.5308 0.629662 0.0527183 -0.0258544 2
23.6546 0.630134 0.0470268 -0.0257224 2
23.7723 0.630713 0.0420408 -0.0243006 2
23.8893 0.632 0.0361446 -0.0237705 2
24.0251 0.632098 0.0305319 -0.0245752 2
24.1528 0.632584 0.0241796 -0.0250674 2
24.2828 0.632526 0.0179711 -0.0264971 2
24.4182 0.633164 0.0106338 -0.0240882 2
24.5448 0.633094 0.00445592 -0.0229605 2
24.6587 0.63366 -0.000413299 -0.0256538 2
24.785 0.633841 -0.00701603 -0.0249734 2
24.8969 0.633415 -0.0127325 -0.0242469 2
25.0468 0.633191 -0.0192098 -0.024367 2
25.1577 0.6333 -0.0246946 -0.0246606 2
25.2883 0.633056 -0.0320058 -0.0257509 2
25.4198 0.632769 -0.037784 -0.027346 2
25.532 0.632474 -0.0435692 -0.0253522 2
25.6566 0.632505 -0.0494632 -0.0274838 2
25.78 0.63214 -0.0554026 -0.025853 2
25.917 0.631979 -0.0617085 -0.0271281 2
26.0382 0.631029 -0.0674827 -0.029432 2
26.175 0.632076 -0.0753157 -0.0224947 2
26.2959 0.630817 -0.0806707 -0.0245572 2
26.4156 0.629043 -0.0858578 -0.0247664 2
26.5441 0.629294 -0.0914403 -0.0245142 2
26.6565 0.628378 -0.0964039 -0.0222932 2
26.7896 0.627714 -0.102555 -0.0221902 2
26.9217 0.62683 -0.107937 -0.0192153 2
27.0528 0.625603 -0.113572 -0.0195146 2
27.1788 0.624242 -0.11852 -0.0182966 2
27.3145 0.623539 -0.124575 -0.0191309 2
27.4326 0.622717 -0.128827 -0.0178336 2
27.5598 0.62021 -0.134593 -0.0179538 2
27.6798 0.619337 -0.138998 -0.0184119 2
27.8135 0.618934 -0.143906 -0.0200699 2
27.9349 0.616977 -0.148071 -0.019724 2
28.0596 0.61538 -0.152157 -0.0191288 2
28.1847 0.614505 -0.157032 -0.0190389 2
28.306 0.613378 -0.160043 -0.018875 2
28.4169 0.611905 -0.164136 -0.0224759 2
28.543 0.611452 -0.167525 -0.0232776 2
28.703 0.609782 -0.173018 -0.0226647 2
28.8288 0.609616 -0.177083 -0.0226607 2
28.9521 0.609048 -0.179897 -0.023215 2
29.0586 0.607895 -0.182775 -0.0237432 2
29.1928 0.606824 -0.186801 -0.0233904 2
29.3329 0.607067 -0.188916 -0.0230035 2
29.4344 0.605619 -0.191363 -0.0245967 2
29.5685 0.604992 -0.194312 -0.024062 2
29.7055 0.604985 -0.196564 -0.0233046 2
29.8394 0.602388 -0.199017 -0.0230734 2
29.9688 0.600752 -0.200547 -0.0237387 2
30.0905 0.600224 -0.202239 -0.021108 2
30.2073 0.599635 -0.202589 -0.0210657 2
30.3158 0.59977 -0.204177 -0.0199398 3
30.4656 0.599108 -0.205302 -0.0204097 3
30.5621 0.598899 -0.205731 -0.0203339 3
30.7014 0.598363 -0.206561 -0.0201872 3
30.8226 0.598042 -0.206567 -0.0211946 3
30.9474 0.597997 -0.206193 -0.0209654 3
31.0726 0.597962 -0.206276 -0.0202076 3
31.1702 0.597858 -0.206244 -0.0204236 3
31.3085 0.597699 -0.206702 -0.0220292 3
31.4425 0.59804 -0.206409 -0.0211963 3
31.5447 0.597945 -0.20592 -0.0205634 3
31.6653 0.597882 -0.206236 -0.0203956 3
31.7942 0.598525 -0.206099 -0.0191728 3
31.9288 0.598174 -0.206579 -0.0196328 3
32.0536 0.598201 -0.207142 -0.0195662 3
32.161 0.598335 -0.207809 -0.0198227 3
32.2831 0.598211 -0.207829 -0.0190543 3
32.434 0.598037 -0.208147 -0.0195395 3
32.5566 0.59803 -0.208499 -0.0176209 3
32.6609 0.598468 -0.208517 -0.017617 3
32.8102 0.597398 -0.209162 -0.0173911 3
32.9343 0.597423 -0.209357 -0.015619 3
33.0454 0.597942 -0.209792 -0.0164504 3
33.1939 0.597042 -0.209908 -0.0152099 3
33.2931 0.597197 -0.210052 -0.014134 4
33.4092 0.597389 -0.210005 -0.0136247 4
33.5463 0.597496 -0.210237 -0.0127464 4
33.6781 0.59759 -0.210347 -0.0129922 4
33.7817 0.59745 -0.210536 -0.0122411 4
33.9035 0.598177 -0.210621 -0.011239 4
34.0407 0.597694 -0.210763 -0.011704 4
34.1621 0.597547 -0.210651 -0.0111415 4
34.2631 0.597914 -0.210534 -0.0106365 4
34.3858 0.597969 -0.210203 -0.0107293 4
34.49 0.597845 -0.209577 -0.0116015 4
34.6146 0.597687 -0.208488 -0.0115926 4
34.742 0.598335 -0.2068 -0.012094 4
34.8828 0.598339 -0.204465 -0.0123127 4
35.0027 0.597955 -0.202229 -0.0134739 4
35.1487 0.597666 -0.199238 -0.0146004 4
35.2642 0.597952 -0.196373 -0.013837 4
35.3863 0.599056 -0.193223 -0.0137622 4
35.499 0.598885 -0.191012 -0.0148082 4
35.6277 0.598314 -0.18843 -0.0168495 4
35.7293 0.598783 -0.186111 -0.0165157 4
35.8525 0.598556 -0.183099 -0.018036 4
35.9719 0.59866 -0.180849 -0.0201556 4
36.0934 0.598481 -0.178796 -0.021583 4
36.2067 0.598632 -0.176488 -0.0217191 4
36.3203 0.598835 -0.174124 -0.0219661 4
36.4444 0.599118 -0.172583 -0.0245137 4
36.5749 0.598884 -0.170918 -0.0249822 4
36.7016 0.599022 -0.168304 -0.0240606 4
36.8075 0.598729 -0.166445 -0.0229058 4
36.9422 0.598782 -0.165647 -0.0221033 4
36.9422 0 0 0 5
37.0755 0.598453 -0.165191 -0.0215276 5
37.1982 0.597841 -0.164529 -0.0210631 5
37.3334 0.598467 -0.164726 -0.0208384 5
37.4454 0.599069 -0.16895 -0.0206826 5
37.5774 0.598851 -0.171763 -0.0199253 5
37.6946 0.599403 -0.173858 -0.0207481 5
37.8289 0.59989 -0.174277 -0.0231964 5
37.9191 0.601059 -0.176798 -0.0236325 5
38.0701 0.60217 -0.176996 -0.0280802 5
38.1729 0.603407 -0.179249 -0.0283091 5
38.3259 0.604944 -0.179152 -0.030077 5
38.4373 0.605267 -0.17885 -0.0296218 5
38.5385 0.605453 -0.178767 -0.030013 5
38.6592 0.605167 -0.179053 -0.0303261 5
38.7907 0.605488 -0.1788 -0.0297178 5
38.9168 0.605719 -0.179117 -0.0300041 5
39.04 0.60584 -0.179302 -0.0297491 5
39.1863 0.605937 -0.17916 -0.0298728 5
39.2957 0.605332 -0.178999 -0.030425 5
39.4269 0.605641 -0.179322 -0.0301319 5
39.5334 0.605721 -0.179329 -0.0298317 5
39.6501 0.605193 -0.178816 -0.0302175 5
39.7944 0.605934 -0.179018 -0.030012 5
39.8903 0.605646 -0.178895 -0.0298565 5
40.0121 0.605655 -0.17936 -0.0295406 5
40.1433 0.605426 -0.178682 -0.0301355 5
40.2609 0.606015 -0.179018 -0.0293215 5
40.3843 0.605583 -0.179036 -0.0301204 5
40.5054 0.605267 -0.178938 -0.0302934 5
40.636 0.604738 -0.179154 -0.0308383 5
40.7394 0.605888 -0.179393 -0.0296438 5
40.8591 0.604923 -0.179123 -0.0302015 5
40.978 0.605619 -0.178754 -0.030153 5
41.1112 0.60553 -0.178846 -0.030292 5
41.2258 0.605812 -0.179253 -0.0300461 5
41.3536 0.605853 -0.178796 -0.0295923 5
