7.77245e-05 0.341574 0.0793023 0.167796 0 0
0.102052 0.341569 0.0793109 0.167778 0 0
0.219616 0.341582 0.0793073 0.167798 0 0
0.327126 0.341572 0.079319 0.167785 0 0
0.422629 0.341579 0.0793216 0.167812 0 0
0.517253 0.34156 0.0793173 0.167779 0 0
0.639045 0.341573 0.079322 0.167786 0 0
0.733749 0.34159 0.0793239 0.167816 0 0
0.842752 0.34158 0.0793049 0.167795 0 0
0.9758 0.341582 0.0793051 0.167802 0 0
1.10089 0.341573 0.0793159 0.1678 0 0
1.22841 0.341568 0.0793012 0.167785 0 0
1.35708 0.341579 0.0793054 0.167792 0 0
1.47955 0.341585 0.0793084 0.167816 0 0
1.58969 0.341579 0.0792983 0.167786 0 0
1.68119 0.341593 0.079319 0.167803 0 0
1.75794 0.341567 0.0793099 0.167781 0 0
1.88207 0.341595 0.079321 0.167816 0 0
1.96946 0.341575 0.0793116 0.167795 0 0
2.07493 0.341581 0.0793116 0.167797 0 0
2.17742 0.341578 0.0793002 0.16779 0 0
2.31516 0.341567 0.0793192 0.167788 0 0
2.46377 0.341578 0.0793214 0.167792 0 0
2.58986 0.341577 0.0792959 0.167793 0 0
2.72247 0.34157 0.0793213 0.167788 0 0
2.83591 0.341578 0.0793292 0.167783 0 0
2.98361 0.341577 0.0793101 0.167793 0 0
3.07733 0.34158 0.0793013 0.167792 0 0
3.20174 0.341577 0.0793111 0.167792 0 0
3.32357 0.34158 0.0793225 0.167799 0 0
3.46173 0.341571 0.0793242 0.167779 0 0
3.59458 0.341575 0.0793092 0.167785 0 0
3.71864 0.341578 0.0793223 0.167797 0 0
3.85429 0.341578 0.0793238 0.167808 0 0
3.99747 0.341575 0.0793055 0.167789 0 0
4.12178 0.341576 0.0793143 0.167782 0 0
4.25305 0.341566 0.0793102 0.167769 0 0
4.37724 0.341584 0.0793123 0.1678 0 0
4.49833 0.341571 0.0793044 0.167783 0 0
4.61741 0.341587 0.0793128 0.16779 0 0
4.72739 0.341562 0.0793091 0.167774 0 0
4.86346 0.341559 0.0793075 0.16777 0 0
4.99698 0.341572 0.0793038 0.16778 0 0
5.10285 0.341567 0.0793087 0.167795 0 0
5.20773 0.341583 0.0793148 0.167795 0 0
5.33724 0.341573 0.079323 0.167801 0 0
5.43684 0.341575 0.079304 0.167783 0 0
5.53934 0.341583 0.0793149 0.1678 0 0
5.66429 0.34158 0.0793157 0.167802 0 0
5.75529 0.341586 0.0793286 0.167809 0 0
5.8905 0.341579 0.0793151 0.167791 0 0
6.00681 0.341573 0.0793174 0.16779 0 0
6.12138 0.341588 0.0793285 0.167809 0 0
6.22121 0.341585 0.0793304 0.167807 0 0
6.33808 0.341579 0.07931 0.167793 0 0
6.4566 0.341581 0.0793001 0.167805 0 0
6.56997 0.341576 0.0793122 0.167796 0 0
6.68679 0.341568 0.0793059 0.167786 0 0
6.79727 0.341568 0.0792874 0.167776 0 0
6.92846 0.341582 0.0793038 0.167806 0 0
7.08059 0.341566 0.0792966 0.16778 0 0
7.20467 0.341578 0.0793028 0.167782 0 0
7.34618 0.341567 0.0793193 0.167793 0 0
7.46368 0.341575 0.0793101 0.16779 0 0
7.61172 0.341579 0.0793198 0.167797 0 0
7.75409 0.341584 0.0793201 0.167808 0 0
7.85392 0.341577 0.0793362 0.167795 0 0
7.99872 0.34156 0.0793094 0.167778 0 0
8.15033 0.341566 0.0793 0.167789 0 0
8.23616 0.341562 0.0793188 0.167784 0 0
8.38375 0.341577 0.0793184 0.167785 0 0
8.53521 0.341567 0.0793123 0.167776 0 0
8.68486 0.341567 0.0793015 0.167778 0 0
8.79221 0.341579 0.079316 0.167791 0 0
8.92767 0.341604 0.0793367 0.168001 0 0
9.06349 0.341678 0.0793714 0.16858 0 0
9.18921 0.341738 0.0794086 0.169236 0 0
9.30514 0.341832 0.0794317 0.170007 0 0
9.42657 0.34196 0.079514 0.171017 0 0
9.55877 0.342097 0.0795558 0.172231 0 0
9.68225 0.34226 0.0796143 0.173645 0 0
9.78352 0.342355 0.0796525 0.174847 0 0
9.89883 0.342472 0.0797075 0.176256 0 0
10.0209 0.342639 0.0797776 0.177917 0 0
10.1569 0.342797 0.0798361 0.179914 0 0
10.2714 0.342946 0.0798868 0.181784 0 0
10.3837 0.343035 0.0799071 0.183395 0 0
10.539 0.343249 0.0799735 0.186203 0 0
10.6467 0.343298 0.0800182 0.18796 0 0
10.7613 0.343436 0.0800584 0.190149 0 0
10.8863 0.343526 0.0800546 0.19235 0 0
11.0333 0.343616 0.0800637 0.195174 0 0
11.1484 0.343705 0.0800727 0.197311 0 0
11.2684 0.343705 0.0800255 0.199576 0 0
11.3887 0.343744 0.0800294 0.201859 0 0
11.5032 0.343742 0.0799762 0.20413 0 0
11.6414 0.343713 0.0798873 0.206695 0 0
11.7503 0.343729 0.0798907 0.208667 0 0
11.8817 0.343674 0.0798222 0.211171 0 0
12.0032 0.34362 0.0797315 0.213261 0 0
12.1391 0.343551 0.0796578 0.215632 0 0
12.2682 0.343452 0.0795491 0.217839 0 0
12.3924 0.343357 0.0794611 0.219744 0 0
12.5151 0.343249 0.0793743 0.221468 0 0
12.6472 0.343154 0.0792725 0.22334 0 0
12.7691 0.343063 0.0791837 0.224915 0 0
12.889 0.342954 0.0790907 0.226267 0 0
13.0023 0.342878 0.0790492 0.227418 0 0
13.1195 0.342799 0.0789967 0.228492 0 0
13.2424 0.342702 0.0789251 0.229382 0 1
13.3569 0.342667 0.0788701 0.230082 0 1
13.4852 0.342628 0.0788468 0.230664 0 1
13.6105 0.342598 0.0788126 0.230974 0 1
13.7267 0.342603 0.0788206 0.231111 0 1
13.8517 0.342589 0.0788085 0.231081 0 1
13.9592 0.342943 0.0788804 0.231225 0 1
14.0943 0.344206 0.0790741 0.231545 0 1
14.202 0.345657 0.0793287 0.23195 0 1
14.3552 0.348446 0.0798302 0.232565 0 1
14.4615 0.350844 0.0802546 0.23315 0 1
14.5881 0.35433 0.0807922 0.233987 0 1
14.6983 0.357715 0.081302 0.234698 0 1
14.8244 0.36208 0.0819587 0.235587 0 1
14.9532 0.366935 0.0826366 0.236581 0 1
15.0854 0.372191 0.0833409 0.237579 0 1
15.2032 0.377457 0.0839506 0.238342 0 1
15.3273 0.383507 0.0845838 0.239442 0 1
15.4648 0.39018 0.0852375 0.24017 0 1
15.6027 0.397245 0.0857853 0.241094 0 1
15.7331 0.404164 0.0862732 0.241675 0 1
15.847 0.410427 0.0866259 0.242312 0 1
15.969 0.417664 0.0869173 0.242675 0 1
16.1011 0.425092 0.0872296 0.243067 0 1
16.2188 0.432124 0.0872737 0.243289 0 1
16.3354 0.439139 0.087323 0.243302 0 1
16.4724 0.446756 0.0872565 0.243302 0 1
16.6075 0.45523 0.0870072 0.242874 0 1
16.7113 0.461332 0.0868334 0.242822 0 1
16.8323 0.46826 0.0864107 0.242266 0 1
16.9689 0.474252 0.086043 0.241999 0 1
17.1177 0.481188 0.0854374 0.241142 0 1
17.2445 0.492564 0.0843822 0.239895 0 1
17.3621 0.496185 0.0839967 0.23948 0 1
17.4687 0.500992 0.0835068 0.238905 0 1
17.6026 0.508133 0.08246 0.237599 0 1
17.7402 0.513406 0.0817471 0.236884 0 1
17.8723 0.518723 0.0809097 0.235802 0 1
17.9989 0.523179 0.0802173 0.234946 0 1
18.1257 0.527013 0.0795282 0.234297 0 1
18.2481 0.530163 0.0789486 0.233587 0 1
18.3783 0.532889 0.0784348 0.232953 0 1
18.502 0.534927 0.0780628 0.232467 0 2
18.6273 0.536292 0.0778388 0.232259 0 2
18.7552 0.536981 0.0777083 0.23206 0 2
18.8777 0.537 0.0776471 0.232047 0 2
18.9984 0.537 0.077664 0.232036 0 2
19.098 0.537027 0.0775711 0.232021 0 2
19.2201 0.537199 0.0770895 0.232051 0 2
19.3487 0.537426 0.0763712 0.232025 0 2
19.4749 0.537735 0.0756127 0.232127 0 2
19.6235 0.538207 0.0743255 0.232129 0 2
19.7279 0.538586 0.073328 0.23216 0 2
19.8618 0.539113 0.0717857 0.232165 0 2
19.9754 0.539632 0.0702795 0.23217 0 2
20.1157 0.540347 0.068276 0.232221 0 2
20.2182 0.540939 0.0666462 0.23227 0 2
20.3568 0.541734 0.0643394 0.232303 0 2
20.457 0.542392 0.0623236 0.232313 0 2
20.5939 0.543272 0.0596298 0.232344 0 2
20.7209 0.544169 0.0568549 0.232351 0 2
20.8429 0.545064 0.0541419 0.232432 0 2
20.985 0.546113 0.0507152 0.232476 0 2
21.11 0.547074 0.0476184 0.232495 0 2
21.2133 0.547985 0.0446673 0.232564 0 2
21.3406 0.548951 0.0412813 0.232625 0 2
21.4618 0.549976 0.0376323 0.232612 0 2
21.6015 0.551128 0.033554 0.232728 0 2
21.7078 0.552032 0.0299676 0.232706 0 2
21.8418 0.553142 0.0258947 0.232874 0 2
21.9657 0.554236 0.021551 0.232934 0 2
22.1031 0.555171 0.0176397 0.232956 0 2
22.2318 0.556182 0.0135218 0.232963 0 2
22.3655 0.557731 0.00638009 0.233015 0 2
22.5169 0.558686 0.00196254 0.233153 0 2
22.6433 0.559686 -0.00305167 0.233183 0 2
22.7786 0.560768 -0.00852322 0.233203 0 2
22.9083 0.561653 -0.0134833 0.233194 0 2
23.0417 0.562676 -0.0192752 0.233369 0 2
23.1708 0.56353 -0.0247249 0.233364 0 2
23.3004 0.564332 -0.0301456 0.233393 0 2
23.4205 0.565073 -0.0353103 0.233384 0 2
23.5308 0.565775 -0.0402728 0.233474 0 2
23.6546 0.566471 -0.0460177 0.233525 0 2
23.7723 0.567005 -0.051187 0.233529 0 2
23.8893 0.567533 -0.0566526 0.233528 0 2
24.0251 0.568113 -0.0625448 0.233646 0 2
24.1528 0.568617 -0.0687448 0.233674 0 2
24.2828 0.569019 -0.0748497 0.233666 0 2
24.4182 0.569393 -0.0813403 0.233742 0 2
24.5448 0.569685 -0.087422 0.233755 0 2
24.6587 0.569867 -0.0928443 0.233788 0 2
24.785 0.570016 -0.0989461 0.233799 0 2
24.8969 0.570125 -0.103941 0.233809 0 2
25.0468 0.570145 -0.111349 0.233772 0 2
25.1577 0.570095 -0.116812 0.233785 0 2
25.2883 0.569933 -0.123428 0.233794 0 2
25.4198 0.569795 -0.129685 0.2339 0 2
25.532 0.569547 -0.135095 0.233836 0 2
25.6566 0.569235 -0.141209 0.233821 0 2
25.78 0.568911 -0.146993 0.233863 0 2
25.917 0.568493 -0.153419 0.233974 0 2
26.0382 0.567967 -0.159277 0.233904 0 2
26.175 0.567338 -0.165692 0.233793 0 2
26.2959 0.566776 -0.171628 0.233883 0 2
26.4156 0.566197 -0.176824 0.233876 0 2
26.5441 0.565454 -0.18265 0.233833 0 2
26.6565 0.564708 -0.187862 0.233767 0 2
26.7896 0.563892 -0.193938 0.233807 0 2
26.9217 0.562986 -0.199593 0.233774 0 2
27.0528 0.562023 -0.205476 0.233763 0 2
27.1788 0.56113 -0.210567 0.233724 0 2
27.3145 0.560002 -0.216692 0.233799 0 2
27.4326 0.559106 -0.221306 0.23375 0 2
27.5598 0.558034 -0.226672 0.233695 0 2
27.6798 0.557033 -0.231135 0.233621 0 2
27.8135 0.55587 -0.236389 0.233616 0 2
27.9349 0.554888 -0.240867 0.233612 0 2
28.0596 0.553771 -0.245517 0.233601 0 2
28.1847 0.552683 -0.249776 0.233578 0 2
28.306 0.551651 -0.253828 0.233498 0 2
28.4169 0.550694 -0.257556 0.233506 0 2
28.543 0.54965 -0.261585 0.233524 0 2
28.703 0.548263 -0.266541 0.233463 0 2
28.8288 0.547236 -0.270007 0.23339 0 2
28.9521 0.546308 -0.273174 0.233407 0 2
29.0586 0.545377 -0.276248 0.233362 0 2
29.1928 0.544244 -0.279931 0.233348 0 2
29.3329 0.543374 -0.28284 0.23337 0 2
29.4344 0.542576 -0.285391 0.233368 0 2
29.5685 0.541716 -0.28797 0.233322 0 2
29.7055 0.540898 -0.290495 0.233259 0 2
29.8394 0.540022 -0.293036 0.233249 0 2
29.9688 0.539403 -0.294902 0.233268 0 2
30.0905 0.538857 -0.29649 0.233206 0 2
30.2073 0.538405 -0.297824 0.233202 0 2
30.3158 0.53796 -0.299047 0.233191 0 3
30.4656 0.537556 -0.300221 0.233179 0 3
30.5621 0.537349 -0.300834 0.233208 0 3
30.7014 0.537153 -0.30145 0.233143 0 3
30.8226 0.537045 -0.301761 0.233184 0 3
30.9474 0.537029 -0.301859 0.233161 0 3
31.0726 0.537006 -0.301879 0.233173 0 3
31.1702 0.537018 -0.301903 0.233185 0 3
31.3085 0.537059 -0.301901 0.233377 0 3
31.4425 0.53707 -0.301967 0.233848 0 3
31.5447 0.537069 -0.302031 0.234285 0 3
31.6653 0.537088 -0.302087 0.234909 0 3
31.7942 0.537093 -0.302164 0.235689 0 3
31.9288 0.537089 -0.302297 0.236701 0 3
32.0536 0.537111 -0.302377 0.237546 0 3
32.161 0.537112 -0.302474 0.238396 0 3
32.2831 0.537109 -0.302577 0.239528 0 3
32.434 0.537114 -0.302691 0.24075 0 3
32.5566 0.537131 -0.302805 0.241885 0 3
32.6609 0.537138 -0.302931 0.242894 0 3
32.8102 0.537112 -0.303057 0.244129 0 3
32.9343 0.537115 -0.3032 0.24525 0 3
33.0454 0.537102 -0.303269 0.246156 0 3
33.1939 0.53708 -0.303394 0.247314 0 3
33.2931 0.537064 -0.303468 0.248016 0 4
33.4092 0.537046 -0.303551 0.248784 0 4
33.5463 0.537037 -0.303645 0.249629 0 4
33.6781 0.537043 -0.303704 0.250244 0 4
33.7817 0.537021 -0.303732 0.250624 0 4
33.9035 0.53704 -0.303776 0.250925 0 4
34.0407 0.536991 -0.303792 0.251082 0 4
34.1621 0.537009 -0.30375 0.251149 0 4
34.2631 0.537008 -0.303772 0.251123 0 4
34.3858 0.536983 -0.303518 0.250952 0 4
34.49 0.537006 -0.302784 0.250642 0 4
34.6146 0.537079 -0.301543 0.249973 0 4
34.742 0.537165 -0.300039 0.249299 0 4
34.8828 0.537315 -0.297901 0.248359 0 4
35.0027 0.537372 -0.295909 0.247396 0 4
35.1487 0.537473 -0.293387 0.246255 0 4
35.2642 0.537563 -0.291214 0.245259 0 4
35.3863 0.53767 -0.28868 0.244081 0 4
35.499 0.537682 -0.286265 0.242938 0 4
35.6277 0.537637 -0.283482 0.241573 0 4
35.7293 0.537701 -0.281361 0.240665 0 4
35.8525 0.537702 -0.278662 0.23937 0 4
35.9719 0.53766 -0.276201 0.238209 0 4
36.0934 0.537697 -0.273684 0.237146 0 4
36.2067 0.537589 -0.27152 0.236064 0 4
36.3203 0.53755 -0.2695 0.235144 0 4
36.4444 0.537513 -0.267391 0.234091 0 4
36.5749 0.537398 -0.265342 0.233136 0 4
36.7016 0.537333 -0.263736 0.232403 0 4
36.8075 0.53728 -0.262643 0.231931 0 4
36.9422 0.537199 -0.261555 0.231368 0 4
36.9422 0 0 0 3 5
37.0755 0.53716 -0.260913 0.231098 0 5
37.1982 0.53716 -0.260784 0.23106 0 5
37.3334 0.537201 -0.260802 0.231037 0 5
37.4454 0.538907 -0.2649 0.229313 0 5
37.5774 0.539691 -0.267098 0.228272 0 5
37.6946 0.541179 -0.269058 0.223952 0 5
37.8289 0.542257 -0.270742 0.221228 0 5
37.9191 0.543342 -0.271709 0.219455 0 5
38.0701 0.544304 -0.272728 0.217799 0 5
38.1729 0.545373 -0.274474 0.214314 0 5
38.3259 0.545468 -0.274453 0.214755 0 5
38.4373 0.545457 -0.274464 0.214755 0 5
38.5385 0.545474 -0.274483 0.214764 0 5
38.6592 0.54546 -0.27449 0.214748 0 5
38.7907 0.545457 -0.274505 0.214763 0 5
38.9168 0.545444 -0.274508 0.214787 0 5
39.04 0.545436 -0.274512 0.214778 0 5
39.1863 0.545425 -0.274517 0.214765 0 5
39.2957 0.545462 -0.274507 0.214781 0 5
39.4269 0.545456 -0.274525 0.214778 0 5
39.5334 0.545442 -0.274525 0.214767 0 5
39.6501 0.545442 -0.274511 0.214763 0 5
39.7944 0.545457 -0.2745 0.21476 0 5
39.8903 0.545442 -0.274521 0.214772 0 5
40.0121 0.545423 -0.274524 0.214748 0 5
40.1433 0.545448 -0.274504 0.214769 0 5
40.2609 0.545452 -0.2745 0.214772 0 5
40.3843 0.545442 -0.274516 0.214798 0 5
40.5054 0.545451 -0.274485 0.21476 0 5
40.636 0.545451 -0.274501 0.21478 0 5
40.7394 0.545449 -0.274495 0.214773 0 5
40.8591 0.54544 -0.274512 0.214773 0 5
40.978 0.545434 -0.27454 0.214773 0 5
41.1112 0.545444 -0.274521 0.214776 0 5
41.2258 0.545442 -0.274523 0.214734 0 5
41.3536 0.545459 -0.274504 0.214804 0 5
