3.91006e-05 0.389199 0.160555 -0.0706384 0
0.0803139 0.389158 0.160499 -0.0707213 0
0.167057 0.389287 0.160572 -0.0707444 0
0.267086 0.389191 0.160461 -0.0710272 0
0.367735 0.389208 0.160522 -0.0708223 0
0.43622 0.38929 0.160643 -0.0712194 0
0.525983 0.3892 0.160478 -0.0714889 0
0.625045 0.38927 0.16057 -0.0709721 0
0.696567 0.389219 0.160474 -0.0716324 0
0.780228 0.389227 0.160539 -0.0708303 0
0.864888 0.389253 0.160526 -0.0713284 0
0.957236 0.389235 0.160501 -0.0709099 0
1.03814 0.389227 0.160476 -0.070943 0
1.12452 0.389257 0.160519 -0.071543 0
1.21266 0.389275 0.16057 -0.0717317 0
1.29384 0.38918 0.160499 -0.071319 0
1.38028 0.389266 0.160562 -0.071108 0
1.47585 0.389212 0.160555 -0.0709739 0
1.5645 0.38922 0.160487 -0.0715111 0
1.66352 0.389198 0.160561 -0.0710838 0
1.74844 0.389195 0.160559 -0.0706347 0
1.84326 0.389265 0.160569 -0.0716158 0
1.94758 0.38926 0.160494 -0.0711098 0
2.04781 0.38927 0.160545 -0.0713003 0
2.14359 0.389302 0.160564 -0.0719228 0
2.23974 0.38916 0.160493 -0.0706209 0
2.34179 0.389191 0.160528 -0.0712146 0
2.43996 0.389205 0.160561 -0.0710605 0
2.52684 0.389274 0.160619 -0.071773 0
2.63492 0.389306 0.160474 -0.0709243 0
2.72014 0.389275 0.160531 -0.071609 0
2.82826 0.389229 0.1605 -0.0722623 0
2.91451 0.389212 0.160532 -0.0714214 0
3.01989 0.389182 0.160484 -0.0706105 0
3.1092 0.389274 0.160528 -0.0719385 0
3.20549 0.38918 0.160446 -0.0707262 0
3.31041 0.389234 0.160516 -0.0711301 0
3.42513 0.389282 0.160537 -0.0717203 0
3.52855 0.389278 0.160549 -0.0718336 0
3.61922 0.38918 0.160469 -0.0713301 0
3.7008 0.389153 0.16047 -0.0706269 0
3.79159 0.389223 0.160552 -0.0713241 0
3.89269 0.389231 0.160562 -0.0708679 0
3.98357 0.389241 0.160523 -0.0716195 0
4.07361 0.389305 0.160585 -0.0718712 0
4.18466 0.389229 0.16058 -0.0713519 0
4.29038 0.389237 0.160565 -0.0708534 0
4.38508 0.389164 0.160532 -0.070876 0
4.47259 0.389251 0.160609 -0.0711728 0
4.58066 0.389232 0.160548 -0.0714829 0
4.68667 0.38922 0.160537 -0.070477 0
4.78229 0.38935 0.160547 -0.0716207 0
4.90432 0.389273 0.160587 -0.0716777 0
5.01093 0.389287 0.160588 -0.0722386 0
5.12655 0.389165 0.160428 -0.07117 0
5.22274 0.389253 0.160579 -0.0712602 0
5.31187 0.389178 0.160487 -0.0709846 0
5.41718 0.389168 0.160525 -0.0709442 0
5.50055 0.389309 0.160645 -0.0721482 0
5.59544 0.389283 0.160589 -0.0715241 0
5.69451 0.389199 0.160492 -0.0713369 0
5.78239 0.389225 0.160504 -0.0713712 0
5.89241 0.389256 0.160567 -0.0711811 0
5.97857 0.389233 0.160478 -0.0722329 0
6.07533 0.389302 0.160627 -0.0715377 0
6.16948 0.389367 0.160697 -0.0710154 0
6.26292 0.389597 0.161109 -0.0706003 0
6.36177 0.389683 0.161113 -0.0718804 0
6.45479 0.389843 0.161238 -0.0715475 0
6.55364 0.389892 0.161279 -0.0709422 0
6.64574 0.389971 0.161394 -0.0701359 0
6.7435 0.390228 0.161783 -0.0715311 0
6.84136 0.390251 0.161852 -0.0706999 0
6.93012 0.390403 0.162053 -0.0703564 0
7.03541 0.390833 0.16235 -0.0687845 0
7.11993 0.391037 0.162485 -0.0675145 0
7.21769 0.391176 0.162844 -0.0673502 0
7.3105 0.391417 0.163087 -0.0672271 0
7.40486 0.391478 0.163317 -0.0668814 0
7.50936 0.391941 0.163559 -0.0662864 0
7.60334 0.392119 0.163812 -0.0660348 0
7.70428 0.392382 0.164139 -0.0654223 0
7.7933 0.39302 0.164405 -0.0643518 0
7.90272 0.393261 0.164568 -0.0630927 0
7.98052 0.393271 0.16483 -0.0628133 0
8.08927 0.392951 0.164925 -0.0620284 0
8.17867 0.393193 0.165215 -0.0599636 0
8.27436 0.393226 0.165366 -0.0577712 0
8.36736 0.393307 0.165564 -0.0580403 0
8.45916 0.39315 0.165396 -0.0556067 0
8.55754 0.393085 0.16607 -0.0562843 0
8.64673 0.39322 0.166032 -0.0536688 0
8.73465 0.393419 0.166546 -0.0534381 0
8.83648 0.393838 0.166582 -0.0521202 0
8.93791 0.394291 0.166563 -0.0508912 0
9.03672 0.394203 0.166774 -0.0487288 0
9.1292 0.394508 0.166611 -0.0475672 0
9.22982 0.394275 0.166676 -0.0465473 0
9.31412 0.394038 0.166924 -0.046008 0
9.42176 0.393689 0.16717 -0.0453384 0
9.51213 0.393792 0.167094 -0.0449609 0
9.62318 0.393653 0.167212 -0.0436758 0
9.70198 0.393846 0.167131 -0.0423588 0
9.79685 0.393325 0.167218 -0.0407255 0
9.89423 0.39307 0.167171 -0.0406675 0
9.98491 0.393232 0.166905 -0.0396327 0
10.0868 0.393473 0.166971 -0.0379212 0
10.1805 0.393265 0.166982 -0.0378507 0
10.2694 0.393033 0.16694 -0.0387206 0
10.3642 0.393182 0.16715 -0.0376611 0
10.4584 0.393143 0.166868 -0.0370388 1
10.56 0.393145 0.16698 -0.0361743 1
10.6443 0.393123 0.167061 -0.0360961 1
10.7447 0.393184 0.166812 -0.034701 1
10.8352 0.392887 0.166783 -0.0352597 1
10.9399 0.393121 0.166807 -0.0338917 1
11.0427 0.392706 0.166766 -0.0351844 1
11.1169 0.392918 0.166619 -0.0348524 1
11.2191 0.393657 0.166846 -0.0346656 1
11.3046 0.394486 0.166925 -0.0350717 1
11.4069 0.395735 0.167192 -0.0354789 1
11.494 0.396939 0.167045 -0.0340182 1
11.585 0.399274 0.167661 -0.0343613 1
11.6977 0.400509 0.167655 -0.0345427 1
11.7757 0.403228 0.1679 -0.0314317 1
11.8699 0.406897 0.168054 -0.0301415 1
11.9659 0.407953 0.168425 -0.0311022 1
12.0611 0.411871 0.168782 -0.0298925 1
12.1775 0.416411 0.169235 -0.0289199 1
12.2574 0.42062 0.169997 -0.0269672 1
12.3636 0.4234 0.169957 -0.0263658 1
12.4529 0.427279 0.169877 -0.0278667 1
12.5594 0.433479 0.170692 -0.0243382 1
12.6452 0.436573 0.17093 -0.0262074 1
12.7377 0.441933 0.171472 -0.0273747 1
12.8283 0.446506 0.171756 -0.0225449 1
12.9217 0.45355 0.171773 -0.0227613 1
13.0192 0.458885 0.172002 -0.021014 1
13.1055 0.464955 0.172182 -0.0208255 1
13.2051 0.469654 0.172124 -0.0223713 1
13.2914 0.47425 0.172245 -0.0212279 1
13.3802 0.481218 0.172804 -0.023142 1
13.4746 0.487155 0.172395 -0.0197877 1
13.5609 0.493527 0.172474 -0.0193195 1
13.6776 0.498275 0.171661 -0.0209141 1
13.7607 0.50385 0.171949 -0.0210208 1
13.8482 0.511369 0.170752 -0.0212759 1
13.9496 0.515595 0.170312 -0.0240488 1
14.0357 0.523661 0.170877 -0.0176861 1
14.1277 0.529134 0.17081 -0.0187955 1
14.2313 0.535913 0.170305 -0.0152586 1
14.3457 0.543973 0.169761 -0.0142522 1
14.4317 0.548536 0.169073 -0.0159803 1
14.5209 0.554971 0.168703 -0.0174311 1
14.625 0.560067 0.167819 -0.0158565 1
14.7135 0.565522 0.167416 -0.0159935 1
14.8188 0.570298 0.166857 -0.0156492 1
14.9069 0.5741 0.165715 -0.0155041 1
14.9989 0.578455 0.164982 -0.0154111 1
15.0925 0.582725 0.164315 -0.0176701 1
15.1873 0.58673 0.163562 -0.0183534 1
15.2733 0.5897 0.16319 -0.0173282 1
15.3673 0.592663 0.162741 -0.0180852 1
15.4546 0.595791 0.162507 -0.0203468 1
15.561 0.598379 0.161959 -0.0192145 1
15.6465 0.60006 0.161329 -0.0198997 1
15.7448 0.601565 0.161188 -0.0211386 2
15.8407 0.603021 0.160728 -0.0208055 2
15.9267 0.603533 0.160863 -0.0224385 2
16.0397 0.60392 0.160876 -0.0220262 2
16.1335 0.604028 0.161037 -0.0223146 2
16.2213 0.604141 0.160826 -0.0224898 2
16.3163 0.604213 0.160565 -0.0224294 2
16.4147 0.604327 0.160088 -0.0221233 2
16.5109 0.604624 0.159703 -0.0216188 2
16.6089 0.604886 0.15927 -0.0222389 2
16.7017 0.60503 0.158734 -0.0216081 2
16.7912 0.605101 0.15768 -0.0211619 2
16.8919 0.605197 0.156564 -0.0224095 2
16.9751 0.605852 0.15579 -0.0204266 2
17.07 0.605851 0.154627 -0.021077 2
17.1761 0.606422 0.153343 -0.0208506 2
17.2671 0.607078 0.152033 -0.0197224 2
17.3671 0.607519 0.150325 -0.0198119 2
17.4523 0.607588 0.148873 -0.0206861 2
17.5511 0.608265 0.147403 -0.0212184 2
17.6486 0.608738 0.145648 -0.0205267 2
17.7472 0.609483 0.143868 -0.0216685 2
17.8444 0.61008 0.141153 -0.0195105 2
17.9436 0.610474 0.139437 -0.0215418 2
18.0376 0.611097 0.137254 -0.0196939 2
18.1285 0.611564 0.135183 -0.0203913 2
18.2281 0.612421 0.132748 -0.0210302 2
18.322 0.61319 0.130463 -0.018615 2
18.4215 0.613731 0.127403 -0.0191002 2
18.5137 0.614363 0.12533 -0.0198425 2
18.6103 0.614994 0.122602 -0.019786 2
18.7118 0.61612 0.11936 -0.0170944 2
18.8198 0.616477 0.115845 -0.0193618 2
18.9226 0.617353 0.113218 -0.0193284 2
19.0115 0.617878 0.109661 -0.0181224 2
19.106 0.618361 0.106793 -0.0183462 2
19.2016 0.61887 0.103824 -0.0191515 2
19.3022 0.619604 0.100145 -0.0205492 2
19.3889 0.620515 0.0969152 -0.0184634 2
19.491 0.620842 0.0938036 -0.0180125 2
19.58 0.622066 0.0903235 -0.0183813 2
19.6894 0.622485 0.08603 -0.0185224 2
19.7727 0.623057 0.0832328 -0.0181115 2
19.8608 0.623679 0.0798997 -0.0198468 2
19.9501 0.62417 0.0762139 -0.0187548 2
20.0473 0.624677 0.0726365 -0.0192906 2
20.1444 0.624971 0.0685272 -0.0187689 2
20.2464 0.625529 0.0640683 -0.0182418 2
20.3436 0.626185 0.0604319 -0.0203423 2
20.4466 0.626983 0.0554809 -0.0174501 2
20.5424 0.627455 0.0519733 -0.0191457 2
20.6501 0.627719 0.0471327 -0.0191208 2
20.7282 0.628222 0.0435791 -0.0199453 2
20.8256 0.628829 0.0396993 -0.0177586 2
20.9123 0.629132 0.0349877 -0.0175648 2
21.0138 0.629847 0.0308419 -0.0177545 2
21.1098 0.630615 0.0265853 -0.0163205 2
21.1962 0.629457 0.0229992 -0.0202529 2
21.2922 0.63013 0.0185312 -0.018751 2
21.3948 0.629889 0.0138018 -0.0189965 2
21.49 0.630574 0.00923365 -0.0183363 2
21.5735 0.630688 0.00502533 -0.0179576 2
21.668 0.630956 0.0012781 -0.0179118 2
21.7608 0.631616 -0.00332087 -0.0178172 2
21.853 0.631561 -0.00781745 -0.0188301 2
21.9505 0.631721 -0.0126847 -0.0177238 2
22.0477 0.632002 -0.0168979 -0.0185732 2
22.1382 0.632068 -0.0207937 -0.0193346 2
22.2422 0.631794 -0.0257272 -0.0188073 2
22.3374 0.632346 -0.0304196 -0.0192611 2
22.4475 0.631647 -0.0358067 -0.0198943 2
22.5415 0.631854 -0.0401419 -0.0207712 2
22.635 0.631498 -0.0444878 -0.0190029 2
22.7226 0.631755 -0.0484666 -0.0177791 2
22.823 0.631309 -0.0537894 -0.0190143 2
22.9211 0.63061 -0.0583006 -0.0187125 2
23.023 0.630683 -0.0625975 -0.0217015 2
23.1167 0.630044 -0.066783 -0.0216829 2
23.2058 0.629656 -0.0718572 -0.0198614 2
23.2967 0.629417 -0.0771983 -0.0170805 2
23.3955 0.629183 -0.0810519 -0.018769 2
23.5033 0.629153 -0.0858729 -0.0195863 2
23.6193 0.627907 -0.0910274 -0.0182757 2
23.7051 0.626708 -0.0930409 -0.0177476 2
23.8113 0.626174 -0.0976203 -0.0155149 2
23.9107 0.624855 -0.105086 -0.0149927 2
24.0156 0.624149 -0.108449 -0.0141981 2
24.1178 0.623987 -0.111699 -0.0128886 2
24.2069 0.623293 -0.115508 -0.0131108 2
24.3077 0.622318 -0.119942 -0.0130873 2
24.4225 0.621065 -0.123613 -0.0125328 2
24.5162 0.620758 -0.127628 -0.0120904 2
24.6116 0.619763 -0.131511 -0.0130992 2
24.7015 0.618996 -0.134748 -0.012478 2
24.7897 0.618875 -0.138333 -0.0123443 2
24.88 0.617831 -0.141598 -0.012704 2
24.9807 0.616902 -0.145197 -0.0136237 2
25.0743 0.617407 -0.149154 -0.0122065 2
25.1635 0.616228 -0.151268 -0.0129729 2
25.2659 0.615965 -0.155376 -0.0128323 2
25.3723 0.615463 -0.15832 -0.012042 2
25.4704 0.613885 -0.161641 -0.0134504 2
25.561 0.613428 -0.16563 -0.0135861 2
25.6543 0.612079 -0.167805 -0.0156837 2
25.7446 0.611872 -0.170602 -0.015439 2
25.8457 0.610331 -0.173219 -0.0156295 2
25.9323 0.609967 -0.175868 -0.0153703 2
26.0228 0.608518 -0.178367 -0.016413 2
26.1162 0.608039 -0.180709 -0.0164335 2
26.2145 0.606439 -0.183883 -0.0158872 2
26.3301 0.605345 -0.186256 -0.0157728 2
26.4324 0.604475 -0.188421 -0.0172459 2
26.5283 0.604497 -0.19089 -0.0164016 2
26.6118 0.603543 -0.192473 -0.0171897 2
26.6977 0.603246 -0.194436 -0.0169234 2
26.7861 0.602691 -0.195439 -0.0167984 2
26.8721 0.602225 -0.197047 -0.0176198 2
26.9649 0.601722 -0.198851 -0.01722 2
27.0495 0.601361 -0.200282 -0.0173863 2
27.141 0.600911 -0.201018 -0.0173566 2
27.2394 0.601469 -0.202708 -0.0140094 2
27.3365 0.601331 -0.203428 -0.0141454 2
27.4188 0.600745 -0.204235 -0.0145167 3
27.5211 0.600461 -0.205046 -0.0143364 3
27.6156 0.600005 -0.205933 -0.0148881 3
27.7016 0.600097 -0.206514 -0.0144713 3
27.7996 0.599532 -0.206873 -0.0147617 3
27.8992 0.599944 -0.207361 -0.0148352 3
27.9902 0.599872 -0.207247 -0.0146416 3
28.0867 0.599321 -0.20748 -0.0149409 3
28.1851 0.59927 -0.207439 -0.013854 3
28.2868 0.599093 -0.207373 -0.0148715 3
28.3786 0.598857 -0.207353 -0.0146905 3
28.4676 0.599024 -0.207421 -0.0148467 3
28.5568 0.59929 -0.207447 -0.0145303 3
28.6402 0.599289 -0.207168 -0.0145496 3
28.7346 0.599052 -0.207198 -0.0150667 3
28.82 0.59891 -0.207367 -0.0139226 3
28.9232 0.598876 -0.207699 -0.0139723 3
29.0381 0.599018 -0.207987 -0.0140882 3
29.1448 0.59889 -0.207992 -0.013069 3
29.2382 0.599341 -0.208035 -0.0136022 3
29.3495 0.59997 -0.208167 -0.0125345 3
29.4443 0.599279 -0.208379 -0.0120625 3
29.5247 0.598541 -0.208618 -0.0114865 3
29.6093 0.598576 -0.208856 -0.0115002 3
29.7006 0.598563 -0.209509 -0.0122266 3
29.7931 0.598103 -0.209677 -0.0111751 3
29.8879 0.598536 -0.209879 -0.0105462 3
29.9735 0.59859 -0.209875 -0.0099702 3
30.0683 0.598285 -0.210156 -0.00987674 3
30.1598 0.598641 -0.210272 -0.00909128 3
30.2672 0.598865 -0.210384 -0.00899361 3
30.3539 0.598167 -0.210732 -0.00896829 3
30.4525 0.598829 -0.210529 -0.00830336 4
30.55 0.598738 -0.211003 -0.00761358 4
30.6451 0.599325 -0.210882 -0.00666578 4
30.7542 0.598891 -0.211045 -0.0073992 4
30.8491 0.598699 -0.210996 -0.00707858 4
30.9453 0.598797 -0.211108 -0.0064336 4
31.0458 0.598786 -0.211006 -0.00664243 4
31.1571 0.599184 -0.211339 -0.00527155 4
31.2492 0.598562 -0.211267 -0.00624654 4
31.356 0.598608 -0.21163 -0.0059707 4
31.4525 0.59872 -0.211203 -0.0064994 4
31.5443 0.598728 -0.211045 -0.00641312 4
31.6292 0.599095 -0.210148 -0.00618878 4
31.7234 0.599484 -0.209272 -0.00509164 4
31.8062 0.598892 -0.208261 -0.0063263 4
31.9076 0.598625 -0.206752 -0.00729953 4
31.9929 0.599269 -0.205275 -0.00673459 4
32.1012 0.59904 -0.203884 -0.00773692 4
32.1818 0.599295 -0.202208 -0.00741014 4
32.272 0.599443 -0.200046 -0.00697955 4
32.363 0.599285 -0.197377 -0.00684603 4
32.4736 0.599378 -0.195103 -0.00666279 4
32.5734 0.598871 -0.1924 -0.00792133 4
32.6793 0.599421 -0.190433 -0.0091235 4
32.7719 0.599459 -0.189044 -0.0103903 4
32.8603 0.599813 -0.187142 -0.0102597 4
32.9418 0.59964 -0.184871 -0.0113665 4
33.0317 0.59984 -0.183365 -0.0125627 4
33.1256 0.599516 -0.181032 -0.0140909 4
33.2244 0.599119 -0.178837 -0.0142903 4
33.3291 0.599487 -0.177225 -0.0153848 4
33.4213 0.599474 -0.175647 -0.0163022 4
33.5373 0.59911 -0.173806 -0.017954 4
33.6353 0.599596 -0.171858 -0.0164903 4
33.7235 0.597585 -0.170154 -0.016041 4
33.8231 0.59885 -0.1685 -0.0156318 4
33.9161 0.598257 -0.167075 -0.0154431 4
33.9878 0.596693 -0.166722 -0.0151609 4
34.0812 0.596553 -0.165766 -0.0129314 5
34.1856 0.596353 -0.165055 -0.0136338 5
34.2728 0.596818 -0.165158 -0.0139973 5
34.4032 0.596288 -0.164652 -0.012882 5
34.4828 0.596209 -0.166452 -0.0129944 5
34.5878 0.596052 -0.167341 -0.0126273 5
34.6696 0.59632 -0.168085 -0.0122833 5
34.7613 0.596732 -0.16766 -0.0134719 5
34.8666 0.597377 -0.168102 -0.0132276 5
34.979 0.596911 -0.167957 -0.0139358 5
35.0765 0.597135 -0.167968 -0.0137101 5
35.1673 0.597659 -0.168138 -0.0158019 5
35.2825 0.59707 -0.168446 -0.0141339 5
35.3668 0.598719 -0.168857 -0.0156026 5
35.4759 0.597678 -0.169237 -0.0160398 5
35.5545 0.598455 -0.16927 -0.014861 5
35.6776 0.597836 -0.169184 -0.0163874 5
35.7607 0.596799 -0.168901 -0.0156087 5
35.8467 0.597508 -0.169094 -0.0161731 5
35.9459 0.597068 -0.168668 -0.015715 5
36.0509 0.597378 -0.169014 -0.0160038 5
36.1569 0.597242 -0.168774 -0.0162533 5
36.2714 0.598112 -0.169289 -0.0161544 5
36.3599 0.598007 -0.16923 -0.0156612 5
36.4519 0.597555 -0.169446 -0.0162319 5
36.5745 0.597592 -0.169833 -0.0167037 5
36.6546 0.597919 -0.16987 -0.0169814 5
36.7555 0.597678 -0.170099 -0.0161512 5
36.8619 0.598319 -0.170346 -0.0167671 5
36.9525 0.597671 -0.170106 -0.0162094 5
37.0716 0.598439 -0.170253 -0.0170758 5
37.1714 0.598505 -0.170468 -0.0173675 5
37.2723 0.598561 -0.170024 -0.017065 5
37.3636 0.597628 -0.170415 -0.0165275 5
37.4742 0.597975 -0.170544 -0.0173057 5
37.5486 0.598426 -0.171008 -0.0169086 5
37.6635 0.597868 -0.170804 -0.0171136 5
37.7651 0.597849 -0.170484 -0.017765 5
37.8621 0.598131 -0.170994 -0.0168755 5
37.9662 0.598804 -0.171469 -0.0179881 5
38.0653 0.598147 -0.170747 -0.0174379 5
38.1493 0.598565 -0.171551 -0.0190878 5
38.2656 0.599074 -0.170959 -0.0188275 5
38.3484 0.598978 -0.171605 -0.0197509 5
38.4556 0.599234 -0.171779 -0.0204365 5
38.5322 0.598778 -0.172216 -0.0199766 5
38.6503 0.599156 -0.172473 -0.0209547 5
38.7464 0.599214 -0.172105 -0.0204237 5
38.8344 0.599053 -0.172345 -0.0212068 5
38.9217 0.599217 -0.172056 -0.020822 5
39.0237 0.598758 -0.172414 -0.0222374 5
39.1225 0.599314 -0.172427 -0.0220641 5
39.222 0.599501 -0.172317 -0.0209004 5
39.307 0.599636 -0.172212 -0.0217115 5
39.4299 0.599504 -0.172857 -0.0220954 5
39.5172 0.599654 -0.1729 -0.0231342 5
39.6037 0.600015 -0.172993 -0.0219683 5
39.6987 0.600052 -0.173559 -0.0225052 5
39.7948 0.600086 -0.173308 -0.0239687 5
39.8883 0.600111 -0.173108 -0.0229837 5
40.0007 0.600367 -0.173512 -0.0237739 5
40.101 0.600629 -0.17353 -0.0239161 5
40.185 0.600841 -0.173656 -0.0234335 5
40.2867 0.600784 -0.173896 -0.0234825 5
40.3773 0.601111 -0.17418 -0.0236742 5
40.4926 0.600916 -0.174011 -0.0238691 5
40.5629 0.600909 -0.174147 -0.0231739 5
40.6753 0.601103 -0.173599 -0.0241292 5
40.7624 0.601327 -0.174242 -0.0235825 5
40.8543 0.601427 -0.174263 -0.0243795 5
40.9556 0.60152 -0.175335 -0.0242757 5
41.0613 0.601256 -0.174953 -0.0241908 5
41.159 0.601472 -0.174926 -0.0238323 5
41.282 0.601762 -0.175387 -0.0241845 5
41.3725 0.601949 -0.17568 -0.0242896 5
41.483 0.602042 -0.175637 -0.024376 5
41.5753 0.601803 -0.175907 -0.0236895 5
41.6506 0.601727 -0.175851 -0.0244293 5
41.7375 0.602136 -0.176013 -0.0247289 5
41.8681 0.602208 -0.17542 -0.0254063 5
41.9664 0.602187 -0.175968 -0.0247194 5
42.0569 0.602328 -0.175837 -0.0259743 5
42.1502 0.602612 -0.176864 -0.0255588 5
42.2506 0.602476 -0.176517 -0.0249812 5
42.3536 0.602432 -0.176125 -0.0260328 5
42.4719 0.602621 -0.175642 -0.0257675 5
42.5655 0.602782 -0.1762 -0.0263977 5
42.6665 0.602882 -0.176855 -0.0258656 5
42.7664 0.60313 -0.176724 -0.0266546 5
42.8557 0.602981 -0.176544 -0.0264747 5
42.9634 0.60282 -0.176586 -0.0259123 5
43.0719 0.60276 -0.176733 -0.0268808 5
43.1891 0.603262 -0.176688 -0.0267565 5
43.2663 0.603473 -0.176692 -0.0264782 5
43.3754 0.603465 -0.176842 -0.0268063 5
43.4634 0.603287 -0.176818 -0.0264208 5
43.5786 0.603353 -0.176854 -0.0274977 5
43.6636 0.603078 -0.176549 -0.0267583 5
43.7763 0.603071 -0.176739 -0.0267058 5
43.8572 0.603453 -0.176813 -0.0272059 5
43.9784 0.603264 -0.176856 -0.0280856 5
44.0786 0.603759 -0.176918 -0.0286576 5
44.167 0.603608 -0.177052 -0.0284151 5
44.2464 0.603383 -0.177793 -0.0278344 5
44.3552 0.603459 -0.178131 -0.0290886 5
44.438 0.603497 -0.178093 -0.0291411 5
44.5444 0.603243 -0.177962 -0.0295391 5
44.6251 0.60318 -0.177387 -0.030238 5
44.7359 0.603321 -0.177689 -0.0294051 5
44.8192 0.603333 -0.177569 -0.0303557 5
44.9311 0.603558 -0.177512 -0.0302163 5
45.0123 0.603527 -0.177266 -0.0302383 5
45.1236 0.603959 -0.177026 -0.0308768 5
45.2174 0.603738 -0.176797 -0.0309219 5
45.3301 0.603786 -0.177051 -0.0306129 5
45.4377 0.603715 -0.177267 -0.0300997 5
45.5358 0.603386 -0.176926 -0.030125 5
45.6223 0.603461 -0.177009 -0.0306147 5
45.7243 0.603686 -0.17674 -0.0318916 5
45.8102 0.603574 -0.177667 -0.0306075 5
45.9326 0.603695 -0.177485 -0.0299556 5
46.0071 0.603429 -0.177428 -0.0309975 5
46.1109 0.603173 -0.177256 -0.0302927 5
46.207 0.603763 -0.177267 -0.0306287 5
46.3308 0.603587 -0.176851 -0.0314513 5
46.4107 0.603143 -0.177063 -0.031163 5
46.5195 0.603385 -0.177121 -0.0316293 5
46.6268 0.603513 -0.176974 -0.0317079 5
46.7232 0.60332 -0.177184 -0.0312194 5
46.8206 0.603504 -0.177336 -0.0319423 5
46.939 0.603398 -0.1776 -0.030522 5
47.0125 0.603601 -0.177333 -0.0307102 5
47.1385 0.603529 -0.177653 -0.0307973 5
47.2158 0.603275 -0.177269 -0.0318185 5
47.3258 0.603591 -0.177284 -0.0311546 5
47.4017 0.603424 -0.176937 -0.0319547 5
47.5108 0.603739 -0.176718 -0.0311617 5
47.6094 0.60408 -0.176954 -0.0312 5
47.7131 0.603571 -0.177093 -0.0307473 5
47.8018 0.603472 -0.17683 -0.0306972 5
47.9121 0.603583 -0.176911 -0.0307413 5
48.0169 0.603232 -0.176833 -0.0301569 5
48.1182 0.603504 -0.177007 -0.0307962 5
48.2074 0.603271 -0.17695 -0.0309424 5
48.2836 0.603534 -0.177324 -0.029687 5
48.4079 0.603205 -0.177332 -0.0298564 5
48.485 0.603194 -0.177344 -0.031073 5
48.6013 0.6036 -0.177349 -0.0308481 5
48.682 0.603274 -0.177148 -0.0304128 5
48.7958 0.603698 -0.177066 -0.0318246 5
48.883 0.603397 -0.177089 -0.0319413 5
48.9862 0.60331 -0.177119 -0.0317597 5
49.0693 0.603583 -0.177204 -0.0305814 5
49.1843 0.603345 -0.176921 -0.0319345 5
49.2773 0.603568 -0.177584 -0.0312003 5
49.3878 0.603468 -0.177074 -0.0317661 5
49.4643 0.603228 -0.17733 -0.0306328 5
49.5716 0.603779 -0.177635 -0.0308389 5
49.6857 0.603605 -0.177753 -0.0303517 5
49.7716 0.60337 -0.177482 -0.0306302 5
49.881 0.603882 -0.17746 -0.0312056 5
49.9681 0.603462 -0.176644 -0.0314807 5
50.0756 0.60335 -0.177038 -0.0308406 5
50.1619 0.602799 -0.176555 -0.0308728 5
50.2679 0.603117 -0.176416 -0.0309067 5
50.3607 0.603427 -0.17721 -0.0310748 5
50.4701 0.603313 -0.177223 -0.0308195 5
50.563 0.603557 -0.177363 -0.0311997 5
50.6728 0.603238 -0.177492 -0.0308862 5
50.7763 0.60342 -0.177377 -0.0314975 5
50.8649 0.603511 -0.17716 -0.0309534 5
50.954 0.603443 -0.1772 -0.0319272 5
51.0407 0.603683 -0.176706 -0.0310524 5
51.1462 0.603469 -0.177211 -0.0309839 5
51.2334 0.603144 -0.177245 -0.0308882 5
51.3521 0.603508 -0.177294 -0.0312272 5
51.4364 0.603385 -0.177118 -0.0310606 5
51.5388 0.60339 -0.177122 -0.0309516 5
51.6226 0.603433 -0.17708 -0.0315316 5
51.718 0.603234 -0.177224 -0.030556 5
51.812 0.603264 -0.177069 -0.0305122 5
51.9151 0.603427 -0.177375 -0.0306581 5
52.0156 0.60336 -0.177079 -0.0301544 5
52.1379 0.603369 -0.177031 -0.0300477 5
52.2147 0.603294 -0.177309 -0.0304363 5
52.3314 0.603525 -0.176835 -0.0306614 5
52.4139 0.60339 -0.177435 -0.0310518 5
52.5146 0.603365 -0.177497 -0.0306725 5
52.6029 0.603565 -0.176909 -0.0309975 5
52.7182 0.603496 -0.177361 -0.0314552 5
52.7944 0.603358 -0.177191 -0.0299343 5
52.9065 0.603851 -0.177094 -0.0306828 5
52.9819 0.603655 -0.177257 -0.0308574 5
53.1036 0.603751 -0.176789 -0.0311611 5
53.1808 0.603413 -0.176785 -0.0314644 5
53.2731 0.603321 -0.176561 -0.0316237 5
53.3724 0.60377 -0.177355 -0.0303889 5
53.478 0.603843 -0.17698 -0.03145 5
53.5775 0.603351 -0.176981 -0.0313316 5
53.6791 0.60333 -0.176859 -0.0308614 5
53.7748 0.603535 -0.176803 -0.0315763 5
53.881 0.603498 -0.176862 -0.0325797 5
53.9703 0.603564 -0.17728 -0.0312534 5
54.0548 0.603524 -0.177391 -0.0315525 5
54.1454 0.603439 -0.177289 -0.031503 5
54.2472 0.603806 -0.177288 -0.030587 5
54.3381 0.603571 -0.177164 -0.0308817 5
54.4348 0.603328 -0.177414 -0.0302408 5
54.5264 0.603603 -0.177278 -0.0309528 5
54.6284 0.603268 -0.17719 -0.0308697 5
54.7224 0.603646 -0.177204 -0.0312731 5
54.8147 0.603524 -0.177238 -0.0306054 5
54.9145 0.603687 -0.176868 -0.0316627 5
54.9869 0.60338 -0.177362 -0.0306819 5
55.0827 0.603566 -0.177163 -0.0316376 5
55.1855 0.603793 -0.177144 -0.0321106 5
55.285 0.603765 -0.177028 -0.0323362 5
