-4.76837e-07 0.702214 -0.180005 -0.0735709
0.130649 0.701932 -0.180066 -0.0733881
0.267303 0.702178 -0.17993 -0.0736972
0.384856 0.7022 -0.180108 -0.0739595
0.502541 0.702114 -0.180019 -0.0731602
0.644273 0.70207 -0.179972 -0.0737448
0.791937 0.7022 -0.180041 -0.0733181
0.927913 0.702222 -0.179912 -0.0742783
1.0739 0.70215 -0.179928 -0.0739053
1.21351 0.702209 -0.180021 -0.0734979
1.34772 0.7022 -0.180008 -0.0738679
1.48735 0.701988 -0.180137 -0.0729256
1.61917 0.70216 -0.179997 -0.0733132
1.75825 0.702292 -0.17998 -0.0737699
1.87629 0.702044 -0.179877 -0.0737791
2.00285 0.702242 -0.179954 -0.0732921
2.12132 0.702074 -0.179869 -0.0733284
2.24541 0.702073 -0.179819 -0.0735101
2.35431 0.702085 -0.180104 -0.0739764
2.47362 0.702172 -0.180155 -0.0737966
2.58698 0.702229 -0.179743 -0.0742803
2.7131 0.702009 -0.180035 -0.0733816
2.83672 0.702235 -0.180136 -0.0738034
2.96068 0.701965 -0.180127 -0.0732388
3.07454 0.702078 -0.179877 -0.0735052
3.19202 0.702251 -0.179895 -0.0741003
3.3142 0.702103 -0.179926 -0.0734849
3.43088 0.702003 -0.1801 -0.073543
3.57044 0.702203 -0.17995 -0.073914
3.69787 0.702045 -0.179818 -0.0735997
3.83093 0.70217 -0.180225 -0.0735355
3.95436 0.702161 -0.179954 -0.0743378
4.06613 0.70212 -0.18024 -0.0730162
4.18037 0.702208 -0.180017 -0.0738544
4.30117 0.702156 -0.17989 -0.0744771
4.44379 0.702076 -0.180049 -0.073645
4.59623 0.702167 -0.180025 -0.0732965
4.72965 0.702245 -0.17982 -0.0740269
4.86779 0.702231 -0.180205 -0.0736467
5.00685 0.702137 -0.180049 -0.0739642
5.13797 0.702144 -0.180166 -0.0738993
5.27671 0.702006 -0.179896 -0.073251
5.42217 0.702086 -0.179848 -0.0738074
5.55258 0.702096 -0.180197 -0.0737775
5.70994 0.702258 -0.180039 -0.0739761
5.81058 0.701801 -0.180068 -0.0725719
5.95862 0.701988 -0.179749 -0.0738481
6.07439 0.702138 -0.179966 -0.073362
6.21832 0.702134 -0.179821 -0.0742413
6.35748 0.701963 -0.18006 -0.0728762
6.49403 0.702135 -0.180074 -0.0736827
6.62827 0.702099 -0.180032 -0.0736233
6.78546 0.702023 -0.179883 -0.0742708
6.93043 0.702205 -0.180061 -0.0738795
7.05229 0.701977 -0.179981 -0.0728503
7.17582 0.702163 -0.18018 -0.0732959
7.29737 0.702142 -0.180098 -0.0729999
7.4227 0.702039 -0.179874 -0.0735283
7.56807 0.702241 -0.180007 -0.0739658
7.69557 0.702032 -0.180089 -0.073795
7.83162 0.702361 -0.180055 -0.0739927
7.96529 0.70201 -0.179891 -0.0732597
8.09873 0.7021 -0.180079 -0.0735111
8.23427 0.702116 -0.179857 -0.0741183
8.36648 0.702131 -0.180085 -0.0732641
8.52073 0.702251 -0.180003 -0.0742887
8.68347 0.702085 -0.179743 -0.0742303
8.80579 0.702206 -0.179966 -0.0742703
8.92795 0.702177 -0.18035 -0.0732071
9.07127 0.702153 -0.18012 -0.0736513
9.23596 0.70241 -0.179966 -0.0745775
9.37171 0.701908 -0.179515 -0.0735633
9.48724 0.701612 -0.1791 -0.0738901
9.60269 0.701022 -0.17837 -0.0740491
9.70539 0.700517 -0.177407 -0.0738491
9.83888 0.69923 -0.176235 -0.0736525
9.94578 0.698155 -0.175254 -0.0727057
10.0605 0.697461 -0.174067 -0.0716856
10.1862 0.695749 -0.172396 -0.0700623
10.3235 0.694236 -0.170827 -0.0680138
10.4542 0.691837 -0.168024 -0.067651
10.5762 0.689965 -0.166721 -0.0654201
10.6932 0.688479 -0.165875 -0.062826
10.8177 0.68567 -0.163831 -0.0616538
10.9419 0.682911 -0.160772 -0.059188
11.0708 0.680486 -0.159193 -0.0555072
11.1913 0.678759 -0.154934 -0.0521308
11.3039 0.676773 -0.151246 -0.0505048
11.4286 0.673138 -0.146702 -0.0480928
11.5535 0.669389 -0.143899 -0.0436665
11.6851 0.666093 -0.140265 -0.0427752
11.795 0.662739 -0.136487 -0.0391286
11.9078 0.659602 -0.133803 -0.0346241
12.0242 0.655701 -0.130302 -0.0316179
12.153 0.651978 -0.126893 -0.0294935
12.2782 0.646276 -0.122336 -0.0243242
12.4097 0.643484 -0.118964 -0.0220468
12.5455 0.638478 -0.114947 -0.0174977
12.6774 0.632915 -0.111157 -0.0138744
12.7911 0.628738 -0.108157 -0.00724207
12.9122 0.623732 -0.104458 -0.00214076
13.0264 0.618164 -0.101074 -0.000358522
13.1324 0.614658 -0.098592 0.00338118
13.2614 0.608979 -0.0946319 0.0061325
13.3887 0.604394 -0.0910352 0.0108673
13.4934 0.599731 -0.0877801 0.0127401
13.601 0.593733 -0.0854521 0.0166989
13.7191 0.588462 -0.0822326 0.0206638
13.8272 0.584393 -0.0789618 0.0224358
13.9366 0.578703 -0.0762701 0.0263568
14.0593 0.573338 -0.073257 0.029235
14.1682 0.567125 -0.0705863 0.0322806
14.29 0.562273 -0.067603 0.0356951
14.4174 0.556481 -0.0647827 0.0384616
14.5297 0.550313 -0.0620788 0.0414765
14.6406 0.544228 -0.0593568 0.0441543
14.7373 0.540878 -0.0576365 0.0464142
14.8254 0.535027 -0.0548954 0.048439
14.9505 0.528859 -0.0534515 0.0509788
15.0509 0.524367 -0.0509058 0.0530832
15.1681 0.519308 -0.0486698 0.0551311
15.2927 0.513267 -0.0474037 0.057154
15.3897 0.509105 -0.0453586 0.0585358
15.5003 0.503262 -0.0426489 0.0600424
15.6261 0.497218 -0.0412843 0.0625195
15.716 0.494903 -0.0398539 0.0623125
15.8311 0.489253 -0.0383855 0.0651095
15.9717 0.482931 -0.0363867 0.0652391
16.0706 0.479291 -0.0356753 0.0669369
16.1769 0.475364 -0.0334392 0.0674835
16.2904 0.469645 -0.0322452 0.0675005
16.3797 0.46552 -0.0312074 0.0686385
16.5083 0.460651 -0.029892 0.0697044
16.6049 0.458234 -0.0294118 0.0700169
16.7249 0.452964 -0.0280974 0.0708003
16.8401 0.447808 -0.0271598 0.071925
16.9675 0.443947 -0.0262927 0.0715158
17.0726 0.440597 -0.0247242 0.0713447
17.1808 0.436314 -0.0238202 0.0719888
17.2903 0.43326 -0.0231877 0.0722611
17.4091 0.428494 -0.0224382 0.0728994
17.5394 0.424677 -0.0218183 0.072787
17.6444 0.422979 -0.0219595 0.072899
17.7642 0.419942 -0.0211076 0.072551
17.8745 0.41651 -0.0211595 0.0741775
17.9843 0.414459 -0.0208946 0.0733918
18.0977 0.412729 -0.0211074 0.0729483
18.2245 0.40969 -0.0207722 0.0736565
18.3186 0.408193 -0.0208442 0.0735646
18.4301 0.405759 -0.0200564 0.0739809
18.5463 0.405295 -0.0198064 0.0738347
18.6299 0.404502 -0.0194076 0.0731453
18.7449 0.40254 -0.0191569 0.0734977
18.8662 0.401966 -0.0183624 0.073186
18.9736 0.401308 -0.0187741 0.073865
19.0847 0.40104 -0.0188649 0.0731248
19.2052 0.400975 -0.0187775 0.0721301
19.3616 0.400686 -0.0183438 0.0719038
19.4805 0.400712 -0.0193682 0.0733207
19.6233 0.40058 -0.0184652 0.0719588
19.7885 0.400594 -0.0186453 0.0725604
19.9074 0.400444 -0.0192129 0.07248
20.0387 0.400918 -0.0192815 0.0729116
20.1995 0.401153 -0.0195355 0.0731085
20.3305 0.401002 -0.018676 0.0723469
20.4904 0.400631 -0.0188261 0.0725851
20.6146 0.400811 -0.018608 0.0725385
20.7138 0.40108 -0.0183454 0.0722983
20.8596 0.400914 -0.0185335 0.0718306
20.9781 0.400852 -0.0182474 0.072007
21.1122 0.401128 -0.0185201 0.0727485
21.2511 0.400829 -0.0184701 0.0719735
21.3704 0.400772 -0.0182915 0.0723419
21.5095 0.40061 -0.0186073 0.0717414
21.6268 0.400515 -0.0184873 0.0716464
21.7539 0.400786 -0.0185206 0.0714352
21.8917 0.400118 -0.0184745 0.072307
22.0208 0.400379 -0.0192555 0.0732935
22.1456 0.400683 -0.0190786 0.0731965
22.2633 0.401407 -0.018864 0.0724909
22.392 0.40094 -0.0187253 0.07281
22.4877 0.4007 -0.0186513 0.0721161
22.5746 0.401287 -0.0189751 0.0726611
22.6663 0.401242 -0.0183157 0.0720567
22.7518 0.400544 -0.0184651 0.0719402
22.844 0.401437 -0.0195304 0.0728069
22.9467 0.400722 -0.0187914 0.0720285
23.0454 0.400151 -0.0191929 0.0731245
23.1503 0.401174 -0.0187967 0.0723333
23.2526 0.400498 -0.0187013 0.0726428
23.3512 0.40087 -0.0188487 0.0721422
