0 0.539049 -0.0985672 -0.07265
0.104132 0.538929 -0.0983099 -0.0724732
0.187558 0.538991 -0.0982544 -0.071853
0.293192 0.539002 -0.0982923 -0.0720398
0.383884 0.539185 -0.0984604 -0.0726647
0.484485 0.539141 -0.0983971 -0.0724144
0.5778 0.538955 -0.0982417 -0.0723559
0.671911 0.539067 -0.0986263 -0.0731796
0.772702 0.539094 -0.0983988 -0.0728593
0.877795 0.538958 -0.0985278 -0.0728594
0.975193 0.538976 -0.0983412 -0.0725571
1.09477 0.53903 -0.0984467 -0.0728149
1.18065 0.539029 -0.0984813 -0.0726238
1.2977 0.539059 -0.0985359 -0.0733495
1.42985 0.53897 -0.0985464 -0.0723897
1.55794 0.539113 -0.0984896 -0.0728175
1.67962 0.539142 -0.0982445 -0.0721107
1.78372 0.53903 -0.0984285 -0.0729187
1.90096 0.538967 -0.0985216 -0.0729344
2.0071 0.539077 -0.0983396 -0.0726929
2.11269 0.538967 -0.09858 -0.0732867
2.22769 0.539156 -0.0985155 -0.0727668
2.35081 0.539182 -0.0984426 -0.0726968
2.44185 0.539116 -0.0984685 -0.0731755
2.55468 0.539079 -0.0985436 -0.0728135
2.64647 0.539054 -0.0982962 -0.0725885
2.7534 0.539043 -0.0984971 -0.0731219
2.85974 0.538981 -0.0985443 -0.0730726
2.97709 0.538931 -0.098386 -0.0722647
3.09759 0.539045 -0.0982751 -0.0724721
3.22074 0.538912 -0.09841 -0.072492
3.35001 0.53907 -0.0983869 -0.0728786
3.46484 0.53916 -0.0991573 -0.0726412
3.5916 0.539341 -0.0998848 -0.0711365
3.70493 0.539244 -0.100754 -0.0691418
3.82578 0.539314 -0.102355 -0.0708112
3.9459 0.539756 -0.103117 -0.0686302
4.06767 0.5403 -0.104671 -0.0693174
4.17636 0.53995 -0.105264 -0.0685834
4.30747 0.540966 -0.107704 -0.0714516
4.39061 0.540958 -0.110338 -0.0674896
4.5131 0.540743 -0.109557 -0.0640369
4.65381 0.538691 -0.107229 -0.0564368
4.74418 0.539574 -0.109325 -0.0516888
4.84411 0.539832 -0.11033 -0.0487713
4.95074 0.539886 -0.11229 -0.0420653
5.05288 0.540536 -0.112662 -0.038151
5.15701 0.539936 -0.112742 -0.0338062
5.2776 0.53977 -0.113198 -0.0300731
5.38487 0.539918 -0.112952 -0.0267465
5.52821 0.539822 -0.112583 -0.0213155
5.63964 0.53925 -0.111588 -0.0189026
5.73546 0.538885 -0.10629 -0.0142014
5.84361 0.538802 -0.107456 -0.0171576
5.96292 0.539168 -0.11361 -0.02319
6.05726 0.539378 -0.112775 -0.0205485
6.17822 0.53957 -0.111282 -0.0179654
6.29251 0.539703 -0.111007 -0.0184703
6.41274 0.539694 -0.113037 -0.0208985
6.5362 0.539446 -0.112958 -0.0214839
6.61909 0.539558 -0.112305 -0.0197235
6.75855 0.539598 -0.111656 -0.0185901
6.86432 0.53932 -0.111488 -0.0210962
6.95214 0.539919 -0.110846 -0.0235737
7.06817 0.540134 -0.108504 -0.0260916
7.18754 0.541292 -0.105581 -0.0295029
7.29216 0.541204 -0.100424 -0.0310117
7.40465 0.540806 -0.0917055 -0.0268694
7.52761 0.540848 -0.0846323 -0.0264963
7.62442 0.541261 -0.0813173 -0.0286168
7.72061 0.541472 -0.0782426 -0.0304651
7.83054 0.54108 -0.0707394 -0.0282282
7.9444 0.541039 -0.0634548 -0.0273714
8.05849 0.541399 -0.0595133 -0.0291555
8.16831 0.540782 -0.0538474 -0.029369
8.2718 0.54175 -0.0491643 -0.030396
8.38173 0.541995 -0.0418609 -0.028441
8.50036 0.542745 -0.037708 -0.0307156
8.59761 0.541942 -0.0332492 -0.0302903
8.71516 0.542458 -0.0263009 -0.0304075
8.84502 0.542377 -0.0186508 -0.0272721
8.94918 0.5426 -0.0132467 -0.0284285
9.07046 0.543165 -0.0090876 -0.030675
9.18453 0.542639 -0.00321345 -0.0318298
9.28763 0.542827 0.00371261 -0.0305006
9.40331 0.542842 0.00903993 -0.0286811
9.50522 0.542526 0.0143442 -0.0304719
9.61523 0.542407 0.0184565 -0.031048
9.72421 0.542458 0.0249127 -0.031794
9.841 0.542581 0.0298204 -0.030958
9.94843 0.543102 0.0360976 -0.0309599
10.0731 0.542992 0.0434635 -0.031266
10.177 0.543009 0.0474625 -0.0305622
10.2683 0.543322 0.0536201 -0.0305234
10.3712 0.543123 0.058986 -0.0296038
10.4802 0.543271 0.0645332 -0.0305317
10.6021 0.543966 0.0687722 -0.031451
10.7226 0.543829 0.0751258 -0.0323301
10.8236 0.543699 0.0804903 -0.0307839
10.9327 0.54395 0.0861638 -0.0312343
11.0544 0.543807 0.0937497 -0.0312228
11.1609 0.544176 0.0983783 -0.0302819
11.2676 0.544374 0.102616 -0.0307769
11.3871 0.544454 0.107811 -0.0310625
11.4922 0.544832 0.114299 -0.0323206
11.5849 0.54511 0.118818 -0.0311809
11.7115 0.545009 0.126365 -0.0304602
11.818 0.544856 0.13097 -0.0309649
11.9097 0.545685 0.136845 -0.0309788
12.043 0.545671 0.141223 -0.0313442
12.143 0.545859 0.148293 -0.0296397
12.238 0.545117 0.154236 -0.0294733
12.3518 0.545382 0.159339 -0.0287896
12.4657 0.545549 0.165005 -0.0294525
12.5699 0.545564 0.169202 -0.0283831
12.6857 0.545746 0.176318 -0.0272875
12.7936 0.546296 0.180893 -0.0262285
12.8989 0.545704 0.187031 -0.0268618
13.005 0.546479 0.191481 -0.0271314
13.1009 0.546135 0.196926 -0.0268196
13.2095 0.546333 0.200172 -0.0260557
13.3217 0.545357 0.205252 -0.0222688
13.4556 0.545114 0.207802 -0.0189515
13.5601 0.544802 0.210055 -0.0204609
13.6539 0.544629 0.20792 -0.0235341
13.7588 0.544891 0.205574 -0.0234612
13.8741 0.545035 0.206318 -0.0209407
13.971 0.544773 0.20907 -0.0205745
14.0732 0.544588 0.208727 -0.0230405
14.1965 0.544978 0.206225 -0.0219872
14.2838 0.544898 0.207495 -0.0210596
14.4043 0.541165 0.209075 -0.0198351
14.544 0.534305 0.20797 -0.0205475
14.6555 0.528836 0.205338 -0.0210313
14.7624 0.523381 0.206193 -0.0198453
14.868 0.517877 0.207504 -0.0197294
14.9766 0.512639 0.207348 -0.0202136
15.0926 0.507422 0.206075 -0.0202174
15.1992 0.502618 0.206026 -0.0208748
15.3117 0.496323 0.206286 -0.0202025
15.4262 0.490673 0.206638 -0.0212612
15.5455 0.484899 0.206766 -0.0211551
15.6726 0.480197 0.207758 -0.021696
15.7664 0.480107 0.207895 -0.0223559
15.8737 0.479665 0.209013 -0.0218369
16.0013 0.479511 0.209736 -0.0245418
16.103 0.479332 0.208621 -0.0217876
16.2065 0.47967 0.208687 -0.0220074
16.3064 0.479715 0.208932 -0.021222
16.4061 0.480132 0.2099 -0.0226917
16.5231 0.480256 0.212262 -0.0249278
16.6392 0.481063 0.214411 -0.0271066
16.763 0.481642 0.219788 -0.0278248
16.8738 0.481921 0.227283 -0.0245631
16.9771 0.481529 0.232313 -0.0230149
17.084 0.481084 0.235844 -0.0231593
17.1928 0.480476 0.237664 -0.0213386
17.2846 0.480057 0.240706 -0.0181283
17.4209 0.48006 0.241384 -0.018007
17.5038 0.480316 0.238327 -0.0216685
17.6192 0.48041 0.237732 -0.0217936
17.7254 0.480767 0.238324 -0.0182356
17.8369 0.480622 0.239383 -0.0184461
17.9464 0.480798 0.238834 -0.0216396
18.0361 0.480714 0.239465 -0.0233881
18.1371 0.480998 0.241331 -0.0222763
18.2524 0.480635 0.243572 -0.0292209
18.3664 0.481049 0.24007 -0.0376126
18.4701 0.481404 0.238267 -0.0441441
18.5655 0.481462 0.239211 -0.0470851
18.6687 0.481512 0.240529 -0.050437
18.7718 0.482023 0.239603 -0.0572259
18.8816 0.481875 0.23902 -0.0628536
18.9838 0.481813 0.239237 -0.0673954
19.093 0.481983 0.240077 -0.0714366
19.2027 0.482619 0.240175 -0.0772223
19.3343 0.481977 0.244969 -0.0770557
19.4418 0.482023 0.247322 -0.0781569
19.569 0.481394 0.251422 -0.0740597
19.6985 0.481006 0.254079 -0.0763936
19.8294 0.480462 0.256044 -0.0775258
19.9256 0.480139 0.2579 -0.0754869
20.034 0.479611 0.259032 -0.0767027
20.1422 0.477969 0.26238 -0.0757621
20.2623 0.477163 0.263815 -0.0774306
20.3818 0.475962 0.264773 -0.0798719
20.4999 0.476243 0.264666 -0.078368
20.6305 0.476331 0.26414 -0.0769819
20.7402 0.476664 0.263925 -0.0767233
20.861 0.476191 0.264113 -0.0770816
20.9841 0.476205 0.264227 -0.0772746
21.1028 0.476694 0.264871 -0.0768958
21.2176 0.476517 0.264737 -0.0774269
21.3232 0.476758 0.264361 -0.0771452
21.4269 0.477036 0.264324 -0.0775013
21.5418 0.476992 0.264297 -0.0768633
21.642 0.477035 0.264216 -0.0770664
21.747 0.476951 0.264354 -0.0768733
21.8559 0.477032 0.264381 -0.076689
21.9748 0.477028 0.264381 -0.0774571
22.0781 0.477083 0.264181 -0.0768219
22.1899 0.476846 0.26427 -0.0775907
22.3018 0.476981 0.264392 -0.0769895
22.4267 0.476798 0.264122 -0.077108
22.5392 0.477007 0.264297 -0.0771981
22.6671 0.476925 0.264214 -0.0761016
22.8027 0.477119 0.264301 -0.0772359
22.9115 0.47676 0.264372 -0.0774871
23.022 0.477151 0.264248 -0.0768775
23.147 0.477119 0.264229 -0.0769579
23.2596 0.476982 0.264189 -0.0768908
-4.76837e-07 0.500973 0.0812535 -0.0687575
0.118731 0.500992 0.0812232 -0.0679048
0.222615 0.500951 0.0811831 -0.0677325
0.322635 0.500858 0.0811424 -0.0667841
0.436463 0.501127 0.0811998 -0.0684682
0.546953 0.500949 0.0812207 -0.0685726
0.657861 0.500952 0.0813221 -0.0680627
0.754797 0.500966 0.0812967 -0.0675274
0.860652 0.500977 0.081215 -0.0686287
0.956376 0.500853 0.0811509 -0.0676881
1.069 0.50095 0.0813111 -0.0682899
1.18149 0.500957 0.0812402 -0.0683364
1.29011 0.500698 0.0813009 -0.0669351
1.38316 0.501023 0.0812844 -0.0680396
1.48296 0.500768 0.0813417 -0.0674644
1.59318 0.501023 0.0811705 -0.0689296
1.6878 0.5009 0.0812719 -0.0680486
1.79894 0.500845 0.0812752 -0.0679105
1.91399 0.500833 0.0811716 -0.0671514
2.02295 0.500852 0.0809576 -0.0672941
2.12371 0.50103 0.0812932 -0.0673522
2.23475 0.501046 0.0812925 -0.0678829
2.34978 0.50103 0.0812118 -0.0683597
2.46645 0.500868 0.0812845 -0.0677508
2.57533 0.500953 0.0812656 -0.0684625
2.6753 0.500829 0.0811973 -0.0679891
2.80727 0.500949 0.081238 -0.0687054
2.91325 0.501037 0.0812986 -0.0681943
3.04165 0.500873 0.0812635 -0.0675967
3.15444 0.501013 0.0812728 -0.0679113
3.27903 0.500887 0.0812802 -0.068513
3.38494 0.500892 0.0811512 -0.0678995
3.47629 0.500981 0.0812359 -0.0680623
3.59778 0.500922 0.081372 -0.0684069
3.73248 0.50097 0.0812164 -0.0691161
3.824 0.50087 0.0812807 -0.0679764
3.94202 0.500954 0.081184 -0.0680658
4.05452 0.500839 0.0812036 -0.0668044
4.17076 0.500991 0.0813497 -0.0686375
4.27861 0.500996 0.0813125 -0.0677391
4.39769 0.500854 0.0812528 -0.0674354
4.49899 0.50083 0.0812971 -0.0678291
4.60878 0.50084 0.0811429 -0.0674829
4.71812 0.500938 0.0813384 -0.067986
4.82538 0.500932 0.0813492 -0.0682478
4.93125 0.500908 0.0812958 -0.0676503
5.04014 0.500695 0.0812439 -0.0661829
5.15809 0.500696 0.0813373 -0.0665605
5.26307 0.500892 0.0812498 -0.0676793
5.37804 0.500928 0.0812601 -0.0675089
5.48063 0.500863 0.0813034 -0.0674067
5.58299 0.500822 0.0813824 -0.0675039
5.71305 0.500923 0.0812574 -0.0682971
5.82826 0.500988 0.0813176 -0.0686119
5.92468 0.500915 0.0811953 -0.0685229
6.03249 0.500969 0.0812706 -0.0680938
6.14345 0.500666 0.0813501 -0.0666034
6.24273 0.500896 0.0813104 -0.0683707
6.34789 0.500938 0.0811469 -0.0675126
6.47288 0.500777 0.0812911 -0.0679056
6.56743 0.500868 0.0811699 -0.0666728
6.69553 0.500901 0.0813436 -0.0678152
6.78975 0.500867 0.0812442 -0.06782
6.90055 0.50086 0.0811758 -0.0680436
7.01857 0.500963 0.0809133 -0.0678993
7.12795 0.500928 0.0812455 -0.0685485
7.2338 0.500942 0.0812328 -0.068631
7.33701 0.500623 0.081292 -0.066676
7.46058 0.5008 0.0810482 -0.0670618
7.58141 0.500945 0.0812548 -0.0684015
7.70431 0.50088 0.0811771 -0.0671273
7.82949 0.501032 0.0812 -0.0680452
7.94144 0.500891 0.0812407 -0.0677117
8.05872 0.500768 0.0812913 -0.0675301
8.17894 0.500852 0.0813043 -0.0664928
8.2953 0.500818 0.081263 -0.067057
8.40402 0.50083 0.0812446 -0.0674992
8.52336 0.50066 0.0813413 -0.0672242
8.64574 0.500945 0.0813624 -0.0683202
8.75781 0.500962 0.0810178 -0.0684523
8.8686 0.500746 0.0812869 -0.0664034
8.9863 0.500839 0.0813126 -0.06737
9.09663 0.500782 0.0812941 -0.0670226
9.20163 0.500792 0.0812668 -0.0674753
9.3104 0.501051 0.0812383 -0.068274
9.43672 0.50089 0.0812704 -0.0681004
9.53851 0.500983 0.0811616 -0.0674763
9.647 0.501037 0.0812471 -0.0687914
9.76599 0.500901 0.0812669 -0.0680888
9.88355 0.500731 0.0813499 -0.0672872
9.99699 0.500909 0.0812111 -0.0680234
10.1166 0.500645 0.0813291 -0.0662183
10.222 0.500901 0.0811916 -0.0687231
10.3304 0.500991 0.0813049 -0.0694686
10.4419 0.500903 0.0813757 -0.0677579
10.573 0.500934 0.0812387 -0.0684359
10.6751 0.501018 0.0813252 -0.068638
10.7691 0.500897 0.0812287 -0.0683024
10.8968 0.501123 0.081237 -0.0688399
11.0367 0.500993 0.0812741 -0.0689788
11.1437 0.500912 0.0812232 -0.0685632
11.257 0.501017 0.0812413 -0.0692205
11.3445 0.50095 0.081315 -0.0680465
11.456 0.500535 0.0813571 -0.0667459
11.5878 0.500884 0.0812778 -0.0684149
11.7003 0.500888 0.0811885 -0.0677651
11.8032 0.500964 0.0812665 -0.0685447
11.9051 0.500829 0.0811884 -0.0679872
12.0137 0.500839 0.0812697 -0.0681438
12.1315 0.500849 0.0812252 -0.0679286
12.2525 0.500919 0.0812711 -0.0690386
12.3785 0.500823 0.0813285 -0.0672622
12.4889 0.500882 0.0813608 -0.0682446
12.604 0.50076 0.0812941 -0.0673035
12.7324 0.500837 0.0812607 -0.0678903
12.8488 0.500904 0.0810818 -0.0675719
12.9752 0.500956 0.0813038 -0.0678499
13.0955 0.500811 0.0812781 -0.0679145
13.2137 0.501039 0.0812664 -0.0682407
13.3258 0.500907 0.0812328 -0.0676374
13.4533 0.500963 0.0812432 -0.0681307
13.5555 0.500859 0.0813021 -0.0674564
13.6631 0.500817 0.0812694 -0.0668886
13.7829 0.500971 0.0812901 -0.0690323
13.9072 0.50096 0.08129 -0.0683695
14.0266 0.500903 0.0813142 -0.0684747
14.151 0.50097 0.0812022 -0.0680006
14.2578 0.500929 0.08124 -0.0677546
14.3719 0.500826 0.0812271 -0.0686713
14.4929 0.500995 0.0810911 -0.0678228
14.6189 0.500801 0.0812663 -0.0671942
14.7417 0.500793 0.0812111 -0.0677736
14.8555 0.500902 0.081278 -0.0680824
14.9744 0.500932 0.0812694 -0.0681894
15.0937 0.500906 0.081233 -0.0675099
15.1978 0.500973 0.081288 -0.0691399
15.3234 0.500923 0.0811319 -0.0672594
15.4433 0.500837 0.0812871 -0.0680616
15.5658 0.500853 0.0812462 -0.0680744
15.6924 0.50099 0.0812865 -0.0680288
15.8173 0.50094 0.0813134 -0.068829
15.9318 0.500988 0.0812997 -0.0688682
16.0527 0.500935 0.0811507 -0.0682206
16.1644 0.500964 0.0812668 -0.0680092
16.2562 0.50093 0.0811896 -0.0684628
16.3826 0.500959 0.0812561 -0.0687545
16.4816 0.500875 0.0813422 -0.0683541
16.5858 0.500897 0.0812028 -0.0680095
16.6895 0.501026 0.0812556 -0.067741
16.8006 0.50102 0.0812386 -0.067769
16.9106 0.500726 0.081334 -0.0662695
17.0173 0.500866 0.0812841 -0.0680012
17.1495 0.500854 0.0812494 -0.0670596
17.2448 0.500927 0.0812492 -0.0684497
17.3664 0.500951 0.0811938 -0.0677156
17.4876 0.500896 0.0812764 -0.0684014
17.6 0.500843 0.0812482 -0.0677562
17.7147 0.500792 0.0812514 -0.0676228
17.8371 0.500837 0.0813011 -0.0678965
17.9664 0.500959 0.0812721 -0.0690073
18.084 0.500841 0.0813 -0.0683078
18.2128 0.50095 0.0812781 -0.0683828
18.3317 0.500906 0.0813285 -0.0692353
18.4483 0.501007 0.0812713 -0.0683126
18.5438 0.500957 0.0812544 -0.0686155
18.6557 0.500954 0.0812595 -0.0687732
18.7691 0.500913 0.0813873 -0.0687089
18.8841 0.50091 0.0812678 -0.0681961
18.9931 0.500915 0.0810593 -0.0682464
19.0961 0.500881 0.081248 -0.0680416
19.2213 0.500949 0.0812943 -0.0690378
19.3512 0.500939 0.0812708 -0.0685598
19.4534 0.500939 0.0813401 -0.0686441
19.5771 0.500934 0.0812588 -0.0683634
19.6585 0.500878 0.0812854 -0.0685627
19.7762 0.500861 0.0812725 -0.068657
19.8831 0.500917 0.0812661 -0.0685926
19.9973 0.500969 0.0812151 -0.0684936
20.1129 0.500753 0.0813679 -0.0673293
20.2267 0.50102 0.0812818 -0.0686068
20.3379 0.50071 0.0812603 -0.0669227
20.4475 0.500987 0.0812436 -0.0691917
20.5413 0.500966 0.0812421 -0.0686437
20.6625 0.500903 0.0810821 -0.067877
20.7575 0.500927 0.0812135 -0.0682345
20.8889 0.500962 0.0812542 -0.0689363
21.0015 0.501007 0.0812916 -0.0690557
21.1268 0.500905 0.0813397 -0.0685616
21.2481 0.500991 0.0812805 -0.0688184
21.3683 0.501 0.0812067 -0.068956
21.5021 0.500949 0.0812423 -0.0669348
21.6074 0.500925 0.0813531 -0.0689354
21.7057 0.500912 0.0813337 -0.0690863
21.8276 0.50094 0.0812499 -0.0688048
21.9387 0.500984 0.0813266 -0.0687441
22.0558 0.500964 0.0812457 -0.0690067
22.1594 0.500889 0.0812722 -0.0691943
22.2732 0.500782 0.0809272 -0.0692757
22.3855 0.50014 0.0809138 -0.0673536
22.5009 0.500731 0.0810334 -0.0709815
22.6264 0.500556 0.0803361 -0.0720313
22.7355 0.500648 0.0802317 -0.0730411
22.8513 0.500552 0.0802291 -0.0728207
22.9693 0.500535 0.0801485 -0.0725231
23.0843 0.500543 0.0806828 -0.0721927
23.202 0.500533 0.0801951 -0.0727062
23.3232 0.500159 0.079568 -0.0735561
23.4441 0.500445 0.0803714 -0.0743621
23.5526 0.500547 0.0797561 -0.0773776
23.6651 0.500481 0.0795573 -0.0760106
23.7691 0.500635 0.0792478 -0.0795569
23.8807 0.500199 0.080342 -0.0749785
23.9957 0.500199 0.0794613 -0.0742877
24.1189 0.500407 0.080276 -0.0763539
24.2314 0.500309 0.0784387 -0.0788765
24.3575 0.500423 0.0796132 -0.0772241
24.4737 0.500393 0.0792025 -0.0778281
24.5939 0.500689 0.0794029 -0.0828486
24.7285 0.50068 0.079706 -0.0825755
24.8443 0.500535 0.0791814 -0.080861
24.9588 0.500685 0.0788667 -0.0829004
25.0739 0.500733 0.0798119 -0.0825033
25.1843 0.500603 0.0795826 -0.0816784
25.3249 0.500711 0.0796373 -0.0825396
25.4459 0.500722 0.0799913 -0.0826945
25.5455 0.500716 0.079065 -0.0830063
25.6551 0.500719 0.0805559 -0.0833034
25.7737 0.500657 0.0796559 -0.0826098
25.9021 0.500646 0.0792201 -0.0820316
26.0099 0.500626 0.0791271 -0.0815632
26.1447 0.500771 0.0792169 -0.0833437
26.2389 0.500636 0.0791307 -0.0821232
26.3535 0.500696 0.0799481 -0.0826901
26.4804 0.500631 0.0795664 -0.0830955
26.5995 0.500605 0.0790704 -0.0820009
26.7179 0.500674 0.0794195 -0.08357
26.8481 0.500559 0.0793329 -0.0803252
26.9346 0.500641 0.0791074 -0.0828963
27.0604 0.500656 0.0801809 -0.0825518
27.185 0.500626 0.0795446 -0.0819707
27.2888 0.500557 0.0794624 -0.0808449
27.4192 0.500705 0.0790429 -0.0824032
-4.76837e-07 0.504386 0.270971 -0.072726
0.126833 0.504398 0.270958 -0.0728354
0.251616 0.504314 0.27091 -0.0723198
0.371997 0.504347 0.270892 -0.0715663
0.497025 0.50437 0.271009 -0.0725974
0.630148 0.504253 0.270907 -0.071716
0.75256 0.50429 0.270862 -0.0718643
0.856838 0.504253 0.270887 -0.0724337
0.965138 0.504267 0.270845 -0.0716098
1.09358 0.504348 0.271037 -0.0719134
1.19359 0.504238 0.27093 -0.0719104
1.31369 0.504313 0.270959 -0.0720819
1.42573 0.504301 0.270916 -0.0719328
1.54055 0.50424 0.27086 -0.0713452
1.66233 0.504223 0.270861 -0.0715312
1.78265 0.504278 0.270934 -0.0719776
1.89483 0.504357 0.270964 -0.0726119
2.01249 0.504336 0.270976 -0.0722844
2.13371 0.504307 0.270918 -0.0719732
2.2579 0.5043 0.270958 -0.0718196
2.3796 0.504329 0.270996 -0.0720674
2.49243 0.504277 0.270889 -0.0717339
2.60727 0.504313 0.270934 -0.071949
2.71182 0.504263 0.270967 -0.0720855
2.84551 0.504325 0.270989 -0.0720502
2.9497 0.504307 0.270949 -0.0718489
3.03718 0.504415 0.270976 -0.0726056
3.17674 0.504324 0.27096 -0.0717807
3.26223 0.50438 0.27092 -0.0726944
3.38148 0.504391 0.271018 -0.0729031
3.49009 0.504263 0.270947 -0.0716703
3.60793 0.504263 0.270874 -0.0713452
3.71962 0.504299 0.270917 -0.0719878
3.84891 0.504298 0.270888 -0.072352
3.95766 0.504358 0.270947 -0.0723389
4.08169 0.50434 0.27096 -0.0715072
4.17707 0.50427 0.270846 -0.0720699
4.29092 0.50426 0.270899 -0.0716538
4.39506 0.504359 0.270897 -0.0723976
4.52906 0.504355 0.270968 -0.072298
4.6421 0.504344 0.270946 -0.0719887
4.7695 0.504269 0.270911 -0.0721938
4.89074 0.50433 0.270975 -0.0724572
5.01651 0.504312 0.270998 -0.07206
5.1291 0.504302 0.270917 -0.0716268
5.25451 0.504258 0.270915 -0.0720453
5.37473 0.504247 0.270882 -0.07227
5.49067 0.504358 0.270944 -0.0726414
5.61521 0.504252 0.270888 -0.0720152
5.72927 0.504285 0.270915 -0.0719952
5.8633 0.504372 0.270988 -0.072505
5.97321 0.504327 0.270947 -0.0721506
6.10958 0.504305 0.270924 -0.0718891
6.20814 0.504365 0.270978 -0.072552
6.30741 0.504345 0.270925 -0.0723403
6.41903 0.504274 0.270914 -0.0720217
6.54225 0.504387 0.270954 -0.0723892
6.65224 0.504185 0.270899 -0.0716137
6.7588 0.504575 0.271273 -0.0723809
6.85974 0.504704 0.271466 -0.0713371
6.99798 0.505362 0.271746 -0.0718287
7.11237 0.505655 0.271934 -0.0711578
7.20497 0.505837 0.272332 -0.071854
7.32068 0.506173 0.271561 -0.0700787
7.45236 0.507082 0.270758 -0.0731216
7.57119 0.507573 0.27099 -0.0729599
7.69208 0.507211 0.271237 -0.0734237
7.81235 0.507459 0.271134 -0.0725111
7.9317 0.507438 0.271145 -0.0734449
8.06619 0.507511 0.271144 -0.0734863
8.18112 0.507211 0.271336 -0.0720483
8.29886 0.507286 0.27122 -0.0727623
8.41909 0.507382 0.271248 -0.0734148
8.54946 0.507277 0.27126 -0.0725089
8.66215 0.507492 0.271258 -0.0732391
8.77373 0.507357 0.271267 -0.0727081
8.89896 0.507337 0.271218 -0.073581
9.03623 0.50735 0.271161 -0.0733456
9.14693 0.507384 0.271123 -0.0733918
9.28031 0.507383 0.271199 -0.0736629
9.36486 0.507388 0.27122 -0.0726657
9.50358 0.507324 0.27133 -0.0723976
9.60526 0.507452 0.271054 -0.074117
9.74124 0.507482 0.271288 -0.0728027
9.84298 0.507374 0.271259 -0.0735633
9.95641 0.507298 0.271208 -0.0727295
10.0729 0.507338 0.27127 -0.0725985
10.1869 0.507224 0.271138 -0.0736637
10.295 0.507397 0.271226 -0.07349
10.397 0.507488 0.271248 -0.0733854
10.525 0.507159 0.271154 -0.0724738
10.6341 0.507181 0.271481 -0.0735227
10.7476 0.50683 0.271372 -0.0740618
10.8602 0.506072 0.271407 -0.073068
10.9845 0.504938 0.271665 -0.0731968
11.0769 0.504829 0.271559 -0.0722405
11.1891 0.504768 0.271468 -0.0715686
11.3085 0.504694 0.271409 -0.0721168
11.4252 0.504719 0.271427 -0.0720367
11.5323 0.504846 0.271432 -0.0729395
11.6403 0.5047 0.27138 -0.0718648
11.7377 0.504793 0.271441 -0.0718987
11.8641 0.504645 0.271348 -0.0719687
11.9633 0.504612 0.271377 -0.0715841
12.1077 0.504739 0.271338 -0.0722223
12.2117 0.504697 0.271327 -0.0718113
12.3054 0.50469 0.271375 -0.0714015
12.4331 0.504657 0.271402 -0.0726687
12.56 0.504831 0.2714 -0.0723216
12.6681 0.504713 0.271394 -0.071991
12.8046 0.504719 0.271377 -0.0724481
12.9145 0.504661 0.271433 -0.0724768
13.0179 0.504638 0.271344 -0.0714483
13.1351 0.504664 0.27139 -0.0718185
13.2528 0.504611 0.271354 -0.0715591
13.3638 0.50465 0.27141 -0.0718786
13.5139 0.504607 0.271381 -0.072156
13.5968 0.504782 0.271484 -0.072671
-2.38419e-07 0.511679 0.072407 -0.0768901
0.114866 0.511602 0.0723271 -0.0769738
0.221649 0.511681 0.0724495 -0.0767088
0.33128 0.511652 0.0723715 -0.0768928
0.458949 0.511561 0.0723229 -0.0758201
0.564623 0.511622 0.0723542 -0.0771046
0.675741 0.511711 0.0724665 -0.0768607
0.784017 0.511665 0.0724645 -0.076868
0.919948 0.511627 0.0723369 -0.0772717
1.01306 0.511561 0.072324 -0.0764571
1.15106 0.511806 0.0724728 -0.078179
1.24528 0.511688 0.0724415 -0.0770516
1.36476 0.511611 0.0723887 -0.0763982
1.47548 0.511735 0.0723844 -0.0775258
1.60211 0.511786 0.0723451 -0.0766106
1.70373 0.511579 0.0723448 -0.0764242
1.83604 0.511603 0.0723309 -0.0769686
1.95002 0.511911 0.0724183 -0.0773772
2.07461 0.511557 0.0722855 -0.0763597
2.19139 0.511653 0.0723638 -0.0780077
2.29794 0.511548 0.072268 -0.0766312
2.4159 0.511661 0.0723607 -0.0767247
2.53364 0.511613 0.0723753 -0.0768794
2.64174 0.511651 0.0723915 -0.0769444
2.77428 0.511629 0.072363 -0.0772794
2.86486 0.511695 0.0723671 -0.0775607
3.00406 0.511531 0.0723904 -0.0760378
3.09885 0.51165 0.0723209 -0.0766004
3.22734 0.511647 0.0723962 -0.0768133
3.34975 0.511907 0.0724042 -0.0773355
3.44094 0.511622 0.0723647 -0.0769773
3.57173 0.51179 0.0723538 -0.0775939
3.68964 0.511657 0.0723751 -0.0772482
3.80252 0.511607 0.0723053 -0.0770362
3.92262 0.511528 0.0722963 -0.076429
4.03615 0.511598 0.0722758 -0.0770172
4.16158 0.511594 0.0723115 -0.0759276
4.27003 0.511585 0.0723553 -0.0760581
4.39695 0.511578 0.0724273 -0.0764659
4.49519 0.51166 0.0723929 -0.07717
4.60207 0.511703 0.0724097 -0.0775499
4.70667 0.511865 0.0723757 -0.077458
4.83257 0.511581 0.0723979 -0.0770952
4.94174 0.511592 0.0723272 -0.077112
5.05823 0.511649 0.0723812 -0.0762787
5.17083 0.511619 0.0723823 -0.0771977
5.27776 0.511785 0.0723447 -0.0774624
5.40354 0.51157 0.0723208 -0.0761804
5.53886 0.511639 0.0723465 -0.0770471
5.63943 0.511562 0.0723038 -0.0769846
5.75448 0.511636 0.0723431 -0.0772841
5.86556 0.511622 0.0722938 -0.0766273
5.98573 0.511544 0.0722937 -0.0762634
6.106 0.511681 0.0723635 -0.0773514
6.221 0.511674 0.0723739 -0.0774782
6.32252 0.51169 0.0723585 -0.0770428
6.44011 0.511759 0.0723433 -0.0772448
6.54987 0.511657 0.0724012 -0.0770838
6.67541 0.51168 0.0723664 -0.077366
6.78709 0.511645 0.0724523 -0.0774433
6.90525 0.511608 0.0722744 -0.0770904
7.01933 0.511812 0.0723402 -0.0766014
7.1266 0.511911 0.0724147 -0.0773841
7.24306 0.51156 0.0723205 -0.0768792
7.36357 0.511499 0.072309 -0.0758837
7.47337 0.511538 0.0724085 -0.0762156
7.58423 0.511662 0.0723818 -0.0764571
7.70189 0.511593 0.0723709 -0.0767381
7.84194 0.511652 0.0723883 -0.0762916
7.93388 0.511734 0.0723984 -0.0780572
8.04986 0.511623 0.0723607 -0.075611
8.15727 0.511639 0.0723188 -0.077608
8.26778 0.511678 0.0724543 -0.0770013
8.38145 0.511666 0.0723519 -0.0770489
8.5025 0.511607 0.0723494 -0.0758965
8.63668 0.511624 0.0723014 -0.077177
8.75392 0.511499 0.0723317 -0.0762787
8.86053 0.511646 0.072353 -0.0763616
8.99257 0.511625 0.0723771 -0.0769841
9.098 0.511659 0.0722613 -0.0760406
9.2341 0.511727 0.0723308 -0.077159
9.3367 0.51173 0.0723552 -0.0775811
9.46628 0.511803 0.0724235 -0.0781868
9.55218 0.511618 0.0723047 -0.0770892
9.67758 0.511674 0.0723591 -0.0770648
9.80115 0.511656 0.0723946 -0.0768281
9.92297 0.511582 0.0723504 -0.0769291
10.0413 0.511647 0.0722983 -0.076956
10.1671 0.51161 0.072369 -0.0768742
10.2873 0.511588 0.0723161 -0.0770484
10.4007 0.511608 0.0723946 -0.0770774
10.5483 0.511606 0.0724085 -0.0768657
10.6334 0.511801 0.0723157 -0.076878
10.7833 0.511811 0.0723646 -0.0772159
10.8901 0.511748 0.0723653 -0.0762667
11.0018 0.51166 0.0723489 -0.0771487
11.124 0.511551 0.0723331 -0.077029
11.2372 0.51159 0.072353 -0.0770743
11.336 0.511686 0.0723295 -0.0771548
11.4415 0.511599 0.0723117 -0.0772337
11.5636 0.51153 0.0723272 -0.0758547
11.6728 0.511537 0.0723405 -0.0759224
11.7824 0.511734 0.072366 -0.0773662
11.9095 0.511629 0.0722859 -0.0766168
12.0295 0.51163 0.0723286 -0.0766531
12.1428 0.511733 0.0723023 -0.0767914
12.262 0.511631 0.0723471 -0.0765872
12.3609 0.511601 0.0723653 -0.0770009
12.4745 0.511559 0.0722919 -0.0763657
12.5972 0.511609 0.0723478 -0.0773279
12.7052 0.511645 0.0723566 -0.0769727
12.8359 0.511703 0.0724435 -0.0776014
12.9606 0.511658 0.0723395 -0.0774179
13.0904 0.511792 0.0723769 -0.0780134
13.199 0.511522 0.0722264 -0.0757765
13.3079 0.511638 0.072304 -0.0764774
13.4244 0.511619 0.0724237 -0.0766534
13.5352 0.51179 0.0723658 -0.0773585
13.6589 0.511634 0.0723599 -0.0763522
13.7692 0.511674 0.0723331 -0.0772025
13.8784 0.511638 0.0723453 -0.0767114
13.9751 0.511538 0.0723582 -0.0763059
14.1176 0.511573 0.0723769 -0.0765227
14.2259 0.511861 0.0723372 -0.0779331
14.3202 0.511609 0.0723949 -0.0765968
14.4365 0.511786 0.0723359 -0.077214
14.5559 0.511592 0.0723187 -0.07672
14.6889 0.51163 0.0723568 -0.0767405
14.8015 0.51164 0.0723373 -0.0778923
14.9134 0.5117 0.072453 -0.0774217
15.0057 0.511757 0.0724307 -0.077894
15.1306 0.511902 0.0723598 -0.0773661
15.2385 0.511619 0.0723531 -0.0771208
15.3692 0.511709 0.0723269 -0.0776789
15.4891 0.511603 0.0722689 -0.0771152
15.6068 0.511674 0.072224 -0.0774212
15.7313 0.512217 0.0726521 -0.0769622
15.8339 0.512727 0.0725961 -0.0747451
15.9546 0.513147 0.0733011 -0.0711422
16.0686 0.513844 0.0740272 -0.066632
16.1874 0.513158 0.0748557 -0.0655521
16.3061 0.512934 0.0757262 -0.0641465
16.4293 0.512558 0.075707 -0.0630719
16.555 0.512631 0.0759791 -0.0647605
16.6692 0.51272 0.0760134 -0.0643258
16.7964 0.512545 0.0759634 -0.0629138
16.9267 0.512678 0.0754809 -0.0622445
17.0506 0.512489 0.0756688 -0.0621639
17.1638 0.512608 0.0762586 -0.0638821
17.2804 0.512514 0.0755219 -0.0620799
17.4172 0.512922 0.0756732 -0.0628907
17.5345 0.513304 0.0756659 -0.0624366
17.6495 0.512383 0.075196 -0.060061
17.7486 0.512876 0.075933 -0.0639013
17.8661 0.51307 0.0757032 -0.0629579
17.9721 0.509378 0.0761761 -0.0632032
18.0837 0.5032 0.0761128 -0.0632995
18.2125 0.496929 0.075966 -0.0625186
18.341 0.491008 0.0763475 -0.0626346
18.4437 0.484837 0.0760569 -0.0643319
18.5738 0.48002 0.0765776 -0.06459
18.693 0.472693 0.0765407 -0.0627302
18.8133 0.468945 0.0771619 -0.0650096
18.9282 0.461007 0.076669 -0.0661658
19.036 0.45688 0.0767418 -0.0658993
19.1603 0.45177 0.0766809 -0.065282
19.2778 0.452462 0.0767575 -0.0636349
19.3758 0.452405 0.0769451 -0.0654635
19.5038 0.45269 0.0770287 -0.0648729
19.6204 0.452558 0.0766649 -0.064763
19.7298 0.453333 0.0769389 -0.0641829
19.8443 0.452757 0.0765561 -0.0645185
19.9445 0.452627 0.0767601 -0.0643529
20.0739 0.452745 0.0768168 -0.0650953
20.1934 0.452136 0.0768386 -0.0650214
20.3228 0.453052 0.077195 -0.0653694
20.426 0.453267 0.0770258 -0.0650297
20.5236 0.45248 0.076448 -0.0651716
20.6368 0.451749 0.0761816 -0.0660769
20.754 0.452334 0.0759842 -0.0689511
20.8642 0.452357 0.0746924 -0.0706544
20.9692 0.452324 0.0740252 -0.0724243
21.0899 0.451747 0.0739374 -0.0773648
21.1978 0.451427 0.0738131 -0.0801975
21.3004 0.451421 0.0738846 -0.0856246
21.4106 0.451634 0.0739564 -0.0859594
21.5267 0.451625 0.0738682 -0.0866432
21.648 0.451753 0.0738715 -0.0866237
21.7665 0.451624 0.0737735 -0.0856129
21.8726 0.451458 0.0737568 -0.0857391
21.984 0.45135 0.0738703 -0.0865021
22.111 0.451373 0.0738028 -0.0857409
22.2317 0.451706 0.0738482 -0.0862741
22.3727 0.451671 0.0738377 -0.0868109
22.4786 0.451591 0.073779 -0.0863082
22.601 0.451569 0.0737979 -0.0864338
22.7215 0.451636 0.0738035 -0.086256
22.8252 0.451456 0.0737729 -0.0858988
22.9361 0.451632 0.0738035 -0.0861046
23.0471 0.451602 0.0737902 -0.0856303
23.1658 0.451687 0.0740501 -0.085371
23.2768 0.452171 0.074254 -0.0856493
23.3941 0.451941 0.0737648 -0.0856315
23.5058 0.451977 0.0735644 -0.0817549
23.6391 0.452128 0.0739763 -0.0802548
23.7244 0.452009 0.074083 -0.0791735
23.8559 0.452239 0.0740414 -0.0796618
23.9641 0.452144 0.074055 -0.0796906
24.0781 0.452067 0.074086 -0.0792101
24.1973 0.452159 0.074003 -0.0795285
24.3084 0.45216 0.0740142 -0.0793976
24.4221 0.45207 0.0739864 -0.0787077
24.531 0.452601 0.074351 -0.0800605
24.6515 0.452583 0.074424 -0.0781449
24.7637 0.452344 0.0742042 -0.0793341
24.8854 0.452284 0.0743865 -0.0770137
25.0113 0.452016 0.0744428 -0.0748183
25.1129 0.452296 0.0745123 -0.0743453
25.2197 0.452392 0.074567 -0.0754203
25.3629 0.452903 0.0746082 -0.0756563
25.4784 0.453097 0.0744491 -0.0750399
25.5678 0.452846 0.0746069 -0.0755509
25.6674 0.452759 0.0745607 -0.0745057
25.7812 0.452225 0.0742955 -0.0745371
25.9098 0.451946 0.0741845 -0.0743984
26.0347 0.451579 0.0736607 -0.0785385
26.1502 0.451968 0.0740769 -0.0831367
26.2633 0.451511 0.0737989 -0.088318
26.3733 0.451251 0.0737784 -0.0887569
26.5123 0.45125 0.0737098 -0.0890832
26.6153 0.451218 0.0736736 -0.0888992
26.7416 0.450682 0.0734388 -0.0875029
26.8412 0.450827 0.0735846 -0.0881358
26.9456 0.451217 0.0737088 -0.0887819
27.0758 0.450997 0.0736404 -0.088463
27.1677 0.451018 0.0736376 -0.0879514
27.2963 0.450862 0.073602 -0.0877547
27.4184 0.451025 0.0736739 -0.088652
27.547 0.450949 0.0735954 -0.088603
27.6654 0.451021 0.0736872 -0.0882412
27.8001 0.451032 0.0736883 -0.0882076
27.9117 0.451009 0.0736557 -0.0884967
28.0352 0.450727 0.0736214 -0.0886842
28.154 0.451151 0.0736767 -0.0888113
28.277 0.450778 0.0735832 -0.0878545
28.3895 0.450846 0.0736271 -0.0876139
28.5047 0.450996 0.0736338 -0.0879594
28.625 0.451111 0.0736503 -0.089091
28.7319 0.450964 0.0737192 -0.0887262
28.8321 0.451017 0.0736336 -0.0878274
28.963 0.450914 0.0736445 -0.0890094
29.0652 0.450902 0.0736272 -0.0889392
29.2034 0.451113 0.0736268 -0.088946
29.3204 0.451013 0.0736082 -0.0884903
29.4241 0.450922 0.0737162 -0.0881147
29.5559 0.450819 0.0736448 -0.0879854
29.6415 0.45096 0.073653 -0.0879245
29.7603 0.450943 0.0736452 -0.0880157
29.8745 0.450973 0.0736827 -0.089401
29.9728 0.45099 0.0736371 -0.0883783
30.0921 0.450787 0.0736348 -0.0874178
30.2101 0.450851 0.0736211 -0.088863
30.3319 0.450992 0.0736011 -0.0880434
30.4502 0.450825 0.0735842 -0.0881424
30.5762 0.450812 0.0736319 -0.0879176
30.7048 0.451166 0.0736475 -0.0892088
30.7995 0.451009 0.0736966 -0.0890456
30.9242 0.450974 0.0736981 -0.0893508
31.0327 0.450894 0.0735823 -0.0876826
31.1415 0.450715 0.073594 -0.0873213
31.256 0.450916 0.0735759 -0.088158
31.3676 0.450801 0.0736521 -0.0878266
31.4844 0.451159 0.0736624 -0.0883294
31.593 0.451044 0.0736414 -0.08877
31.7192 0.45084 0.0735966 -0.0883295
31.8099 0.451026 0.0736389 -0.0881442
31.9268 0.451094 0.0736174 -0.0882872
32.0311 0.450966 0.073594 -0.087864
32.1413 0.451016 0.0736402 -0.088531
32.285 0.451007 0.0736782 -0.0896854
32.3698 0.450938 0.0736945 -0.0886166
32.4989 0.451048 0.0736461 -0.0880356
32.599 0.451122 0.0736938 -0.0892359
32.7125 0.450998 0.0735884 -0.0888957
32.8526 0.450966 0.0736292 -0.0876809
32.9485 0.451029 0.0736449 -0.0883152
33.0561 0.451114 0.0736165 -0.0882638
33.1718 0.451087 0.0736914 -0.0884659
33.2903 0.450896 0.0736547 -0.0882443
33.3924 0.450831 0.073588 -0.0874468
33.4929 0.450899 0.073637 -0.0881273
33.6242 0.450974 0.0736583 -0.0890379
33.7498 0.451161 0.0737407 -0.09001
33.8562 0.450859 0.0735653 -0.0877069
33.954 0.450952 0.0736116 -0.0881848
34.0728 0.450954 0.073634 -0.0884831
34.1934 0.450888 0.0736269 -0.0890937
34.3087 0.451033 0.0735884 -0.088774
34.433 0.450893 0.0736763 -0.087735
34.559 0.451148 0.0736023 -0.0881376
34.6831 0.451076 0.0737772 -0.0894664
34.777 0.450903 0.0735979 -0.0882501
34.9027 0.451144 0.0736514 -0.0884819
35.0271 0.451115 0.073722 -0.0882828
35.1383 0.450878 0.0735946 -0.0878449
35.2562 0.45081 0.0736577 -0.0892644
35.3786 0.451002 0.0736588 -0.0879546
35.4914 0.450941 0.073676 -0.0881247
35.604 0.451051 0.0735838 -0.0883093
35.7228 0.451152 0.0736667 -0.0882633
35.8265 0.450989 0.0736604 -0.088206
35.9401 0.450967 0.0735963 -0.0879079
36.0503 0.451059 0.0736822 -0.0894536
36.1635 0.450983 0.0736271 -0.0889044
36.2676 0.450985 0.0736295 -0.0882169
36.3933 0.451023 0.0736298 -0.0887991
36.5141 0.450882 0.0735929 -0.0877648
36.6079 0.451024 0.0736991 -0.0895649
36.7383 0.450754 0.0735758 -0.0884148
36.8522 0.450807 0.0736603 -0.0879819
36.9746 0.451126 0.0736508 -0.0890753
37.107 0.450861 0.0735626 -0.0880401
37.2178 0.450912 0.0736269 -0.0884286
37.3308 0.451101 0.0736904 -0.0887192
37.4417 0.451052 0.0737356 -0.0886983
37.555 0.451126 0.0737264 -0.0889223
37.6677 0.450887 0.0736545 -0.0877883
37.773 0.450865 0.0736054 -0.0873361
37.9237 0.451044 0.0736017 -0.0883831
38.0405 0.450947 0.0736816 -0.0881887
38.1657 0.451075 0.0736841 -0.0886369
38.2871 0.451055 0.0736845 -0.0900223
38.4069 0.450995 0.0736217 -0.0883373
38.5285 0.450976 0.0736893 -0.0897584
38.6462 0.450949 0.0736403 -0.0889047
38.7721 0.450977 0.0735894 -0.0884042
38.8904 0.451023 0.0736311 -0.089111
39.0129 0.451065 0.073658 -0.0892949
39.1362 0.450905 0.0736727 -0.0884059
39.2583 0.450976 0.0735526 -0.0889768
39.383 0.451068 0.0736275 -0.088837
39.4985 0.451068 0.0736318 -0.0892553
39.626 0.450893 0.0736992 -0.0889679
39.7474 0.450932 0.0736385 -0.0890611
39.8515 0.450817 0.0735799 -0.0886129
39.9664 0.451041 0.0736658 -0.088935
40.066 0.451003 0.0736989 -0.0893479
40.192 0.450985 0.0736119 -0.0883591
40.3124 0.451178 0.0736852 -0.0886532
40.4327 0.450988 0.0736772 -0.0891518
40.5545 0.450936 0.0735739 -0.0894036
40.6722 0.451067 0.0736146 -0.087829
40.8003 0.45102 0.0736495 -0.0888229
40.9334 0.451078 0.0736484 -0.0890176
41.0454 0.450848 0.0736201 -0.0888831
41.1685 0.451 0.0736676 -0.088929
41.2981 0.451053 0.0736322 -0.0891401
41.4271 0.451261 0.073664 -0.089207
41.5503 0.450956 0.0736195 -0.08849
41.6714 0.450965 0.0736844 -0.0888412
41.7903 0.450816 0.0735849 -0.0885938
41.9159 0.450964 0.073618 -0.0874696
42.01 0.451056 0.0735924 -0.0889349
42.1306 0.450999 0.0737605 -0.0889424
42.2387 0.45115 0.0736848 -0.0889353
42.3535 0.45086 0.0735868 -0.087892
42.4855 0.450968 0.0736644 -0.0882401
42.5977 0.451094 0.0736531 -0.0892093
42.7068 0.450925 0.0735814 -0.0883128
42.8237 0.450782 0.0735845 -0.0878965
42.9344 0.451132 0.0737123 -0.0892141
43.0718 0.451115 0.0736955 -0.08899
43.1668 0.450919 0.0736173 -0.088474
43.2906 0.450939 0.0736327 -0.0882884
43.4063 0.451059 0.0735945 -0.0890876
43.5285 0.450983 0.0735803 -0.0879792
43.634 0.451031 0.0736423 -0.0883825
43.7596 0.450955 0.0736295 -0.088342
43.8657 0.451054 0.0736419 -0.0889725
43.9846 0.450911 0.0735889 -0.0888763
44.1097 0.451019 0.0735292 -0.0880448
44.2249 0.450975 0.0736049 -0.0887891
44.3527 0.451021 0.0735836 -0.089449
44.4679 0.450925 0.0736427 -0.0889903
44.5917 0.450898 0.073597 -0.0879401
44.7198 0.450817 0.0735146 -0.087546
44.8192 0.450969 0.0736508 -0.0890703
44.9256 0.451016 0.0736855 -0.0888925
45.0485 0.451011 0.073704 -0.0890959
45.1643 0.450975 0.0735836 -0.0887018
45.2961 0.450857 0.0736085 -0.0887126
45.4151 0.450886 0.073641 -0.0892453
45.5284 0.451069 0.0737027 -0.0891041
45.6352 0.450905 0.0736613 -0.0889379
45.7519 0.451121 0.0736566 -0.0889924
45.8662 0.450842 0.0736589 -0.0884566
45.9907 0.450897 0.0736951 -0.0891311
46.0985 0.450821 0.0736737 -0.0888084
46.2106 0.451033 0.0736708 -0.0890346
46.3403 0.451041 0.0735809 -0.0888808
46.436 0.450976 0.0736415 -0.0883319
46.5272 0.451024 0.0736741 -0.0889585
46.6686 0.450888 0.0736222 -0.0894147
46.7753 0.450964 0.0735865 -0.0888094
46.8954 0.451164 0.0737059 -0.0892814
47.025 0.450966 0.0735667 -0.0887171
47.1313 0.451298 0.0737591 -0.0882449
47.2373 0.451126 0.073656 -0.0891335
47.3668 0.451055 0.0736397 -0.0891399
47.4843 0.451 0.0736046 -0.0885072
47.6057 0.450792 0.0735988 -0.0878627
47.7403 0.451099 0.0737379 -0.0893961
47.8801 0.451055 0.073675 -0.089344
47.9868 0.451078 0.0736908 -0.0892793
48.0842 0.45097 0.0735988 -0.0881448
48.1997 0.451184 0.073679 -0.08959
48.3233 0.451002 0.0736141 -0.0893692
48.4443 0.451045 0.0737235 -0.0887103
48.559 0.450836 0.0736553 -0.0888423
48.7064 0.450876 0.0736608 -0.0879541
48.8197 0.451075 0.0736611 -0.0894571
48.9434 0.450958 0.0735919 -0.088222
49.068 0.450862 0.0736487 -0.0880324
49.1922 0.451103 0.0737014 -0.0886275
49.3138 0.451059 0.0736366 -0.0888191
49.4332 0.450879 0.0736482 -0.0888218
49.5585 0.450963 0.0735825 -0.0886511
49.6788 0.450974 0.07369 -0.0893237
49.8073 0.450995 0.0736409 -0.0886663
49.9348 0.450984 0.0737044 -0.089267
50.0489 0.45111 0.0736931 -0.0892478
50.184 0.451071 0.0736235 -0.0885299
50.2708 0.450744 0.0735894 -0.0878856
50.3905 0.451038 0.0736812 -0.0885914
50.4993 0.451043 0.073715 -0.088807
50.6374 0.451286 0.0736832 -0.0887421
50.7302 0.451156 0.0737899 -0.0896734
50.8572 0.451136 0.0736128 -0.0884296
51.0198 0.450963 0.0735717 -0.0889937
51.1117 0.451238 0.0737268 -0.0889876
51.2416 0.450826 0.0734987 -0.087399
51.3393 0.451001 0.0736531 -0.0889316
51.4535 0.450844 0.0736729 -0.0884606
51.5717 0.45101 0.0736229 -0.0892009
51.682 0.451146 0.0736485 -0.0898256
51.7967 0.451057 0.0736437 -0.0893633
51.9138 0.45097 0.0735844 -0.0887772
52.0342 0.451009 0.0736107 -0.0891591
52.1304 0.450777 0.0735556 -0.0875552
52.2437 0.450977 0.0735953 -0.0881012
52.3655 0.451072 0.0736967 -0.0901498
52.4659 0.45106 0.0737427 -0.0892296
52.5925 0.451061 0.0737048 -0.0886179
52.7063 0.45114 0.0737232 -0.0893349
52.8172 0.451001 0.0736463 -0.0881785
52.9266 0.450995 0.0736792 -0.0884631
53.0497 0.451226 0.0736864 -0.0896722
53.1611 0.450978 0.0737352 -0.0893776
53.2658 0.4509 0.0736477 -0.0883205
53.4049 0.451072 0.0737034 -0.089255
53.5103 0.450875 0.073646 -0.088926
53.6258 0.450903 0.0736789 -0.0884604
53.7474 0.450958 0.073645 -0.089482
53.8392 0.451138 0.073694 -0.0891664
53.9726 0.450945 0.0736363 -0.0896257
54.0847 0.451055 0.0736461 -0.0900726
54.1918 0.450987 0.0736622 -0.0880972
54.3088 0.45095 0.0737165 -0.0894531
54.4249 0.451022 0.0735992 -0.088162
54.5507 0.450966 0.0736243 -0.0886317
54.6795 0.451137 0.0736083 -0.0887997
54.7925 0.450913 0.0736318 -0.088042
54.9007 0.450862 0.0736183 -0.088469
55.0106 0.450898 0.0735817 -0.0868921
55.1349 0.450886 0.0736143 -0.0887058
55.262 0.451037 0.0736063 -0.0891937
55.3827 0.451011 0.0736776 -0.0894648
55.4992 0.451198 0.0736902 -0.0899911
55.6067 0.450897 0.0736123 -0.0881892
55.7325 0.451088 0.0736819 -0.0888008
55.8418 0.45077 0.0735918 -0.0882994
55.9696 0.451029 0.0737024 -0.0896009
56.0675 0.450734 0.0735796 -0.0883554
56.2036 0.450814 0.0736639 -0.0888921
56.3205 0.451007 0.0736466 -0.0889038
56.4157 0.450915 0.0737203 -0.0883689
56.5404 0.451059 0.0736225 -0.0890221
56.663 0.450923 0.0736344 -0.0885367
56.7909 0.451164 0.0736822 -0.0897246
56.9136 0.450967 0.0736316 -0.0879988
57.0386 0.450846 0.0736319 -0.0876239
57.1713 0.451012 0.0736335 -0.0891096
57.2982 0.450984 0.0737296 -0.0896812
57.4157 0.450943 0.0736319 -0.0888153
57.5202 0.450999 0.0737264 -0.0894988
57.6461 0.450978 0.0736563 -0.0883484
57.755 0.450906 0.0736312 -0.0877649
57.8703 0.450872 0.073563 -0.0883214
58.0167 0.45114 0.0736681 -0.088936
58.1196 0.451003 0.0736771 -0.0889238
58.2351 0.451002 0.0736626 -0.0888967
58.359 0.451015 0.0736548 -0.089224
58.472 0.4508 0.073597 -0.0879316
58.5853 0.450781 0.0735836 -0.0876016
58.6985 0.451012 0.0737341 -0.0889361
58.8314 0.45097 0.0736004 -0.0892548
58.9424 0.451093 0.0737788 -0.0906438
59.0822 0.450839 0.073622 -0.0883039
59.1888 0.450919 0.073597 -0.088731
59.3196 0.450936 0.0735593 -0.0874954
59.4238 0.45097 0.0736833 -0.0884017
59.5337 0.451084 0.0737124 -0.0891981
-1.90735e-06 0.443035 0.0775847 -0.0889885
0.0974271 0.443062 0.0774953 -0.0887405
0.212784 0.443106 0.0776482 -0.0890263
0.342212 0.443265 0.0777192 -0.089564
0.438451 0.443034 0.0775355 -0.0886045
0.5492 0.443097 0.0775952 -0.0888799
0.667138 0.443132 0.0776514 -0.0890577
0.775538 0.443053 0.0775947 -0.0886783
0.87976 0.443151 0.0776303 -0.0896317
0.993701 0.443167 0.0776202 -0.0888515
1.09883 0.443186 0.0774809 -0.0884225
1.22406 0.443102 0.0776623 -0.0887524
1.33484 0.443086 0.0773781 -0.0883393
1.46655 0.44311 0.0775793 -0.0892782
1.59277 0.443151 0.0776169 -0.089545
1.71085 0.44304 0.0775651 -0.0890094
1.83516 0.443146 0.0776204 -0.0895867
1.95843 0.443088 0.0776124 -0.0885875
2.06988 0.443092 0.07764 -0.0891973
2.18869 0.443033 0.0776079 -0.0884844
2.29643 0.443209 0.0774026 -0.0889747
2.39961 0.443126 0.0775951 -0.0893354
2.50694 0.443102 0.0776274 -0.0888488
2.63225 0.443129 0.0776613 -0.0889705
2.73924 0.443208 0.0776911 -0.0896753
2.88132 0.44318 0.0775273 -0.0895026
2.98594 0.443064 0.0776023 -0.0887929
3.10291 0.443043 0.0775465 -0.0889925
3.23766 0.443068 0.0775702 -0.0892003
3.33476 0.442971 0.0775883 -0.0879712
3.47404 0.443164 0.0777048 -0.0898105
3.62291 0.443212 0.0776952 -0.0898961
3.75995 0.443166 0.0776731 -0.0898345
3.91199 0.442997 0.0776422 -0.0880744
4.03605 0.443037 0.0774077 -0.0886718
4.14966 0.442861 0.077356 -0.0873321
4.27235 0.443076 0.0773862 -0.0877369
4.38984 0.443282 0.0777165 -0.0899271
4.51783 0.443083 0.0775759 -0.0888546
4.62673 0.443076 0.0775025 -0.0887602
4.75034 0.44289 0.0774215 -0.0872088
4.86135 0.443131 0.0775591 -0.08848
4.97222 0.44333 0.0780779 -0.0888755
5.10885 0.44348 0.0779265 -0.0890785
5.2493 0.443602 0.0778711 -0.0890453
5.35921 0.443816 0.078281 -0.0899176
5.46043 0.443882 0.0785358 -0.0887663
5.57817 0.444107 0.078815 -0.0897496
5.70637 0.444342 0.0789951 -0.0873687
5.82583 0.444591 0.0790787 -0.0861198
5.94937 0.444879 0.0791923 -0.0850133
6.07578 0.444918 0.079536 -0.0831103
6.19736 0.445051 0.07962 -0.0810726
6.33027 0.445489 0.0801455 -0.0796523
6.4628 0.445986 0.0805295 -0.079839
6.57623 0.445662 0.0809507 -0.0777747
6.70158 0.44592 0.0813211 -0.0763828
6.8203 0.446358 0.0814884 -0.073303
6.9645 0.445727 0.0821871 -0.0723916
7.06321 0.446387 0.082779 -0.0718848
7.19904 0.446026 0.0830661 -0.0693314
7.32049 0.446361 0.0832613 -0.068241
7.42804 0.446839 0.0837548 -0.0661204
7.55958 0.446923 0.0841322 -0.0642327
7.68299 0.44527 0.0842426 -0.0615974
7.79872 0.445382 0.0824961 -0.0501552
7.91785 0.443957 0.0825912 -0.0474244
8.04253 0.444912 0.0823112 -0.0432468
8.17913 0.444459 0.0825028 -0.0415279
8.31673 0.443469 0.0825407 -0.0381552
8.42797 0.442579 0.082373 -0.0331855
8.54731 0.442576 0.0826744 -0.0329043
8.66751 0.442141 0.0824022 -0.0273761
8.79959 0.442127 0.0827894 -0.0288805
8.93499 0.442423 0.0827075 -0.0267925
9.04086 0.442462 0.0829592 -0.025183
9.16187 0.442209 0.0831049 -0.0241797
9.28365 0.442209 0.0832232 -0.0211124
9.39559 0.44153 0.0831707 -0.0202426
9.53187 0.441658 0.0834655 -0.0216639
9.65094 0.441746 0.0829744 -0.0221624
9.76698 0.441715 0.0831534 -0.021465
9.89315 0.442135 0.0831816 -0.0210481
10.0419 0.442833 0.0830785 -0.0200455
10.1578 0.443628 0.0832271 -0.0206248
10.2695 0.444564 0.0832924 -0.0187032
10.4189 0.446476 0.0833598 -0.018508
10.5406 0.448722 0.0833555 -0.0203965
10.6687 0.450424 0.083168 -0.0188016
10.7924 0.45279 0.0834358 -0.0173097
10.9192 0.455442 0.0836441 -0.0160855
11.047 0.458568 0.0836471 -0.0153198
11.1679 0.461134 0.0836056 -0.0179259
11.2702 0.46336 0.0836356 -0.0173932
11.3791 0.466467 0.0834183 -0.0146623
11.4966 0.469391 0.0835417 -0.015018
11.614 0.472227 0.0840767 -0.0116302
11.7317 0.475989 0.0837559 -0.0147217
11.8425 0.478915 0.083458 -0.0155007
11.9626 0.482446 0.0835069 -0.0145605
12.0796 0.486295 0.0838815 -0.0151007
12.2139 0.490361 0.0833649 -0.0144221
12.3102 0.492597 0.0832258 -0.0133578
12.4308 0.496432 0.0832478 -0.0108856
12.5416 0.499417 0.0832259 -0.012117
12.6664 0.503099 0.0826565 -0.010753
12.778 0.506241 0.0823762 -0.00950291
12.9095 0.509422 0.0823725 -0.0116906
13.0322 0.513113 0.0820938 -0.0107713
13.1483 0.515854 0.0820293 -0.00868775
13.2802 0.519199 0.081365 -0.0108348
13.4092 0.522169 0.080974 -0.0100448
13.5268 0.524751 0.0809067 -0.0113022
13.653 0.527006 0.0805099 -0.0120449
13.7592 0.529159 0.080314 -0.0142999
13.8609 0.531291 0.0804427 -0.01467
13.9831 0.533293 0.0800545 -0.0130359
14.097 0.534635 0.0799378 -0.0127251
14.2198 0.536889 0.0798799 -0.0147301
14.3379 0.537341 0.0793422 -0.0130665
14.4701 0.538366 0.0796657 -0.0137594
14.5869 0.539114 0.0795484 -0.0149918
14.6989 0.539255 0.0792097 -0.0146028
14.8364 0.539121 0.0791162 -0.0134854
14.9364 0.53915 0.079309 -0.012807
15.0507 0.539308 0.0789191 -0.0135406
15.1568 0.539609 0.0787691 -0.0137838
15.2724 0.539609 0.0779471 -0.0136996
15.3994 0.539763 0.0771226 -0.0129186
15.5168 0.539834 0.0761944 -0.012639
15.651 0.540274 0.0746736 -0.0133428
15.7695 0.540854 0.0732319 -0.0103994
15.8779 0.541487 0.0718218 -0.0113294
15.994 0.5421 0.0702606 -0.0123523
16.104 0.542496 0.0684577 -0.0104167
16.217 0.543084 0.0666868 -0.00648528
16.3409 0.544042 0.0647218 -0.00954815
16.4585 0.544772 0.0618795 -0.0112771
16.5509 0.545073 0.0598003 -0.0117086
16.678 0.545873 0.0569019 -0.00954696
16.7987 0.546752 0.0543479 -0.0127924
16.9059 0.54763 0.0511977 -0.0110839
17.0349 0.548531 0.0479927 -0.00889079
17.1517 0.549279 0.0452555 -0.00868136
17.2537 0.549932 0.0420203 -0.00979074
17.3718 0.551 0.0383959 -0.00889209
17.5082 0.551535 0.0339964 -0.00902973
17.6288 0.552382 0.030659 -0.0112476
17.757 0.553508 0.0262134 -0.00690559
17.8649 0.554452 0.0232098 -0.00913599
17.9792 0.555249 0.0184323 -0.00667191
18.0938 0.556233 0.0146789 -0.00432717
18.2266 0.558167 0.00959113 -0.0111072
18.3359 0.558518 0.00518399 -0.00655037
18.47 0.559617 0.000253573 -0.00925699
18.5916 0.559791 -0.00470187 -0.00753482
18.7029 0.55969 -0.00876619 -0.00835565
18.8045 0.561018 -0.0134794 -0.00931738
18.9331 0.561918 -0.018575 -0.00562019
19.046 0.563289 -0.0236704 -0.00531072
19.1704 0.56425 -0.0294961 -0.00994778
19.2819 0.564635 -0.0342024 -0.00779769
19.3941 0.565457 -0.0396728 -0.00975877
19.5181 0.565574 -0.044395 -0.00984688
19.633 0.566945 -0.0502786 -0.0123201
19.7459 0.566338 -0.055067 -0.00568046
19.8799 0.566522 -0.0615632 -0.00935963
20.0065 0.567071 -0.0674106 -0.00818675
20.1124 0.567833 -0.0726714 -0.00963022
20.2333 0.567972 -0.0788408 -0.0083993
20.3379 0.568059 -0.0839717 -0.00840149
20.4664 0.568751 -0.0903918 -0.0137887
20.5839 0.568361 -0.0953922 -0.00620889
20.7104 0.568481 -0.101594 -0.0129939
20.819 0.568662 -0.106834 -0.0115274
20.9423 0.56844 -0.113036 -0.00411855
21.0575 0.568231 -0.119522 -0.00885641
21.1682 0.567902 -0.124721 -0.00545936
21.309 0.567416 -0.131355 -0.00898539
21.4097 0.567059 -0.136473 -0.012749
21.5493 0.566956 -0.143732 -0.00463632
21.6662 0.566099 -0.150138 -0.00506227
21.7803 0.565373 -0.154951 -0.00664137
21.8797 0.565369 -0.160126 -0.00593873
22.0092 0.564401 -0.165412 -0.0167456
22.1418 0.563343 -0.173086 -0.0194113
22.2504 0.562595 -0.177643 -0.0179811
22.3896 0.562108 -0.184529 -0.0207523
22.4854 0.561755 -0.189674 -0.0182629
22.6066 0.561113 -0.195176 -0.0200731
22.7361 0.560236 -0.201863 -0.0228697
22.853 0.559033 -0.206395 -0.019391
22.9731 0.557876 -0.213032 -0.0207481
23.098 0.556884 -0.218807 -0.0219733
23.2273 0.555535 -0.224875 -0.0227256
23.3448 0.554606 -0.23036 -0.0215617
23.4649 0.553703 -0.234935 -0.0208297
23.6132 0.552488 -0.241539 -0.0228684
23.7247 0.551189 -0.245687 -0.0226521
23.8552 0.55 -0.25193 -0.021808
24.0001 0.548553 -0.255579 -0.0235014
24.1244 0.546703 -0.26113 -0.0210858
24.2094 0.545855 -0.264526 -0.0212085
24.3288 0.544703 -0.268568 -0.0201027
24.4548 0.543616 -0.27296 -0.0233482
24.5774 0.542302 -0.277459 -0.0220635
24.7109 0.541267 -0.282027 -0.021229
24.8326 0.539957 -0.284907 -0.0205286
24.9443 0.539083 -0.290293 -0.0233521
25.0756 0.537972 -0.292214 -0.0228262
25.1868 0.536511 -0.296196 -0.0227324
25.3159 0.535665 -0.299748 -0.0234216
25.4526 0.534255 -0.302119 -0.0228041
25.5739 0.534117 -0.303992 -0.0236741
25.6828 0.53376 -0.30873 -0.0258775
25.8117 0.533199 -0.309969 -0.0253837
25.9128 0.53266 -0.312258 -0.0272673
26.0444 0.531998 -0.31345 -0.0278398
26.1767 0.531676 -0.314793 -0.0278088
26.2985 0.531111 -0.316112 -0.0282049
26.4195 0.530246 -0.315553 -0.0245641
26.5341 0.52958 -0.314557 -0.0203593
26.6537 0.52973 -0.314539 -0.0210445
26.7646 0.529797 -0.314722 -0.0203981
26.8955 0.529449 -0.314782 -0.0202737
27.0296 0.529131 -0.314613 -0.0176164
27.1431 0.529413 -0.314749 -0.0192932
27.2505 0.529636 -0.314892 -0.0197125
27.352 0.529656 -0.315111 -0.0199926
27.4691 0.52965 -0.315067 -0.019099
27.5946 0.529757 -0.314601 -0.017585
27.716 0.52958 -0.314904 -0.0153124
27.8401 0.529797 -0.315266 -0.0149655
27.9523 0.529587 -0.315029 -0.0120626
28.0774 0.529907 -0.315411 -0.0111591
28.1967 0.529942 -0.315313 -0.00941773
28.3091 0.529366 -0.315239 -0.00702454
28.445 0.529924 -0.31521 -0.00635745
28.5549 0.529678 -0.315322 -0.00343012
28.6686 0.529435 -0.315213 -0.00335069
28.7801 0.529772 -0.315918 -0.0029565
28.903 0.529554 -0.315181 -0.00103115
29.0461 0.529274 -0.315121 0.00103887
29.1405 0.529065 -0.314994 0.000931807
29.2637 0.529308 -0.314479 0.00092499
29.4025 0.529654 -0.312779 1.02483e-05
29.5367 0.530035 -0.311307 -0.000712134
29.6584 0.530342 -0.309655 -0.00154707
29.7532 0.530509 -0.306806 -0.00257692
29.8742 0.530902 -0.304926 -0.00524414
30.0122 0.530871 -0.305457 -0.0133593
30.1526 0.531549 -0.30422 -0.0179478
30.2578 0.531994 -0.302772 -0.0209646
30.4012 0.531648 -0.296751 -0.0190016
30.5376 0.531482 -0.293762 -0.0214459
30.6593 0.53156 -0.288525 -0.0222358
30.7813 0.531663 -0.285931 -0.0249093
30.9054 0.53151 -0.284635 -0.0251092
31.0282 0.531455 -0.280628 -0.0269667
31.1618 0.531624 -0.279317 -0.0293886
31.2829 0.531589 -0.279386 -0.0300041
31.4093 0.5315 -0.27907 -0.0300546
31.5245 0.531444 -0.27907 -0.0288808
31.6246 0.531637 -0.279134 -0.0296403
31.7628 0.531646 -0.27913 -0.0300364
31.8877 0.53197 -0.278839 -0.0297143
31.9929 0.531673 -0.279114 -0.029721
32.1054 0.53181 -0.279005 -0.0292969
32.2384 0.531788 -0.279001 -0.0284879
32.3607 0.531683 -0.278954 -0.0298476
32.4763 0.532057 -0.278978 -0.0294521
32.5956 0.531944 -0.279333 -0.0292377
32.7254 0.531843 -0.279037 -0.0291349
32.8517 0.531979 -0.278825 -0.0284255
32.9731 0.53181 -0.279159 -0.0297173
33.0975 0.531864 -0.279046 -0.0299295
33.254 0.53181 -0.279268 -0.028788
33.3559 0.531806 -0.279552 -0.0288479
33.4723 0.531962 -0.279189 -0.0289883
33.5862 0.531957 -0.279577 -0.0293254
33.698 0.531853 -0.27969 -0.0293727
33.8241 0.5318 -0.279204 -0.0287137
33.9435 0.531988 -0.279144 -0.0298362
34.0721 0.531857 -0.279192 -0.0288636
34.2185 0.532018 -0.279191 -0.0303145
34.3144 0.531938 -0.279257 -0.0301167
34.4264 0.531865 -0.279121 -0.0291775
34.5602 0.531963 -0.279356 -0.0297905
34.6705 0.532234 -0.279273 -0.0302335
34.7816 0.531923 -0.279376 -0.0289988
34.9071 0.532134 -0.279182 -0.02967
35.0207 0.532054 -0.279108 -0.0294957
35.1183 0.531975 -0.278845 -0.0292674
35.2395 0.532107 -0.279173 -0.0302078
35.3661 0.531675 -0.279302 -0.0290648
35.4765 0.531803 -0.27926 -0.0290916
35.5906 0.531977 -0.279513 -0.029983
35.6777 0.531987 -0.279037 -0.0297692
35.8119 0.531818 -0.279322 -0.0291668
35.9235 0.531742 -0.279058 -0.0294094
36.0231 0.531961 -0.279542 -0.0292607
36.1438 0.531866 -0.279097 -0.0293897
36.2694 0.531837 -0.279117 -0.0290029
36.3827 0.532059 -0.278952 -0.0296576
36.4905 0.531927 -0.279164 -0.029074
36.615 0.531933 -0.27919 -0.0297384
36.7191 0.531767 -0.279129 -0.0290566
36.8143 0.532072 -0.279453 -0.0296774
36.9305 0.531883 -0.279189 -0.0296214
37.0624 0.532031 -0.279 -0.0300053
37.1563 0.531971 -0.278964 -0.0289847
37.2822 0.531952 -0.279324 -0.0294447
37.4207 0.532086 -0.279306 -0.029709
37.5208 0.531846 -0.279542 -0.0289353
37.6415 0.532083 -0.278997 -0.0296127
37.7423 0.531793 -0.278981 -0.0286852
37.8669 0.531867 -0.279004 -0.0288525
37.9603 0.531913 -0.279113 -0.0293094
38.0956 0.532059 -0.279255 -0.029908
38.2109 0.532002 -0.27911 -0.0298716
38.3113 0.531879 -0.279259 -0.0300324
38.4365 0.532041 -0.279064 -0.0291879
38.5366 0.531943 -0.279068 -0.0300114
38.6522 0.531869 -0.27925 -0.0287944
38.7663 0.532167 -0.279155 -0.0300458
38.8743 0.532167 -0.279117 -0.0304956
38.9828 0.531895 -0.279062 -0.0292236
39.0849 0.531761 -0.279469 -0.0288288
39.202 0.532012 -0.279138 -0.029811
39.3113 0.531906 -0.279328 -0.0294417
39.4106 0.531784 -0.2791 -0.0288901
39.5073 0.531905 -0.279087 -0.0305131
39.6357 0.531909 -0.278993 -0.0297006
39.7651 0.531979 -0.279199 -0.0294072
39.8921 0.531759 -0.279117 -0.0288708
40.0005 0.531987 -0.279668 -0.0298042
40.115 0.531851 -0.279173 -0.0297721
40.239 0.532042 -0.279616 -0.0302023
40.3629 0.531975 -0.279 -0.0293537
40.4873 0.53227 -0.279469 -0.030123
40.592 0.531825 -0.279011 -0.0300876
40.7096 0.531929 -0.279097 -0.0298505
40.8332 0.531903 -0.27885 -0.0291257
40.9561 0.532007 -0.279138 -0.0298309
41.0899 0.531977 -0.279288 -0.0290163
41.2041 0.531929 -0.279039 -0.0294582
41.3317 0.532003 -0.279235 -0.0297341
41.4422 0.531864 -0.279075 -0.0292268
41.571 0.531948 -0.279237 -0.0293349
41.6865 0.531975 -0.279268 -0.0297294
41.7992 0.531843 -0.279455 -0.0295947
41.9077 0.531979 -0.279219 -0.030011
42.0349 0.532012 -0.279493 -0.0298353
42.1303 0.53208 -0.279174 -0.0297845
42.2527 0.532007 -0.279098 -0.030077
42.3654 0.532059 -0.279237 -0.0297928
42.49 0.531877 -0.279186 -0.0299588
42.6007 0.531867 -0.279142 -0.0292984
42.726 0.531896 -0.279349 -0.0297807
42.8728 0.531868 -0.279237 -0.0288651
42.9921 0.531957 -0.279219 -0.0294079
43.093 0.531827 -0.279558 -0.029281
43.2179 0.531837 -0.279037 -0.0289558
43.3256 0.53225 -0.279366 -0.0297906
43.4347 0.532009 -0.279219 -0.0294589
43.5465 0.531929 -0.279168 -0.029735
43.6587 0.531949 -0.279126 -0.0291074
43.7802 0.531829 -0.27921 -0.0297122
43.8827 0.531865 -0.279085 -0.029232
43.9978 0.532072 -0.279254 -0.0303449
44.1056 0.532032 -0.279139 -0.0299224
44.218 0.531925 -0.279141 -0.0297017
44.3164 0.532014 -0.279169 -0.0297667
44.4384 0.532005 -0.279226 -0.0299663
44.537 0.531601 -0.279498 -0.0277213
44.6704 0.531952 -0.278943 -0.0293112
44.7806 0.531937 -0.279467 -0.0293195
44.8818 0.531934 -0.279133 -0.0295494
44.9842 0.531993 -0.278915 -0.0301422
45.1033 0.531865 -0.279119 -0.0295611
45.2139 0.532078 -0.279288 -0.0302934
45.3168 0.532161 -0.279256 -0.0305293
45.4431 0.531907 -0.279297 -0.0286705
45.5585 0.531919 -0.279093 -0.0295374
45.6473 0.531953 -0.279543 -0.0293116
45.7698 0.531837 -0.279538 -0.0287152
45.8818 0.531767 -0.279188 -0.0287402
46.0067 0.532008 -0.279149 -0.0299781
46.1221 0.53212 -0.279143 -0.0300623
46.2373 0.531935 -0.279133 -0.029624
46.3584 0.531954 -0.279199 -0.0291283
46.4708 0.531958 -0.279043 -0.0299701
46.5721 0.531729 -0.279269 -0.0289422
46.6722 0.531622 -0.279286 -0.0287541
46.7825 0.532011 -0.279203 -0.0301295
46.8932 0.531902 -0.27907 -0.0292046
47.0067 0.532005 -0.279244 -0.029972
47.1198 0.532136 -0.279072 -0.0297177
47.2487 0.531848 -0.27914 -0.0293095
47.3803 0.531994 -0.279241 -0.0300778
47.4843 0.531941 -0.279195 -0.0294514
47.6079 0.53203 -0.279468 -0.0297117
47.7532 0.532004 -0.279353 -0.0295412
47.872 0.531821 -0.279191 -0.0289838
47.9948 0.531945 -0.279019 -0.0285499
48.1109 0.532024 -0.279112 -0.0296001
48.2233 0.532233 -0.279073 -0.0303377
48.3495 0.53193 -0.279523 -0.0296694
48.4602 0.531837 -0.279295 -0.0291171
48.5779 0.53201 -0.279375 -0.0291867
48.6845 0.532149 -0.279162 -0.0302383
48.8075 0.532014 -0.27916 -0.0289702
48.9182 0.531744 -0.279206 -0.029671
49.0391 0.531776 -0.279338 -0.0288256
49.142 0.532064 -0.279218 -0.0300925
49.2532 0.53176 -0.279354 -0.0292263
49.3669 0.531992 -0.279509 -0.0300978
49.4763 0.531968 -0.279062 -0.0293013
49.5937 0.531884 -0.279164 -0.0294005
49.6866 0.532034 -0.279346 -0.0308789
49.803 0.531835 -0.279374 -0.028552
49.9091 0.531789 -0.279064 -0.0291234
50.0361 0.532154 -0.278982 -0.0301411
50.1605 0.532025 -0.279238 -0.030312
50.2962 0.531982 -0.279469 -0.0292024
50.391 0.531858 -0.279146 -0.0293593
50.5064 0.5319 -0.279061 -0.0293556
50.6119 0.531847 -0.279015 -0.0284138
50.7114 0.532004 -0.279392 -0.0294053
50.8151 0.531959 -0.279369 -0.0292063
50.9472 0.531915 -0.279199 -0.0292936
51.0518 0.532048 -0.279315 -0.0298826
51.1569 0.532045 -0.279243 -0.0293187
51.291 0.531928 -0.278896 -0.0292101
51.3963 0.532073 -0.27932 -0.030343
51.5153 0.532054 -0.279474 -0.0295392
51.6386 0.53191 -0.279399 -0.0295341
51.7373 0.532003 -0.279088 -0.0296888
51.8434 0.531906 -0.279715 -0.0284645
51.959 0.532044 -0.279563 -0.0297231
52.075 0.532001 -0.27925 -0.0293331
52.206 0.531863 -0.279464 -0.0303063
52.3101 0.532185 -0.279433 -0.0297309
52.4245 0.531743 -0.279041 -0.0290006
52.5366 0.531858 -0.279097 -0.029313
52.6497 0.531927 -0.279007 -0.0298172
52.7698 0.532053 -0.27935 -0.0298373
52.8858 0.531804 -0.279347 -0.0294604
53.0072 0.532103 -0.279158 -0.0290253
53.1232 0.531873 -0.279352 -0.0286702
53.2407 0.532086 -0.279415 -0.0298265
53.3454 0.531874 -0.279203 -0.0293335
53.4516 0.532037 -0.279212 -0.0298289
53.5837 0.532045 -0.279203 -0.030047
53.7049 0.532221 -0.279639 -0.0310083
53.8311 0.53179 -0.279025 -0.0284633
53.9402 0.531846 -0.279129 -0.0293052
54.0706 0.531943 -0.279177 -0.0294708
54.18 0.532083 -0.27915 -0.0295995
54.2999 0.532035 -0.279401 -0.0305548
54.4286 0.53225 -0.278999 -0.0301769
54.5181 0.531892 -0.279265 -0.0302968
54.6399 0.531948 -0.279429 -0.0298004
54.7596 0.531778 -0.279157 -0.0293662
54.8479 0.532101 -0.279195 -0.0298894
54.9713 0.531975 -0.279108 -0.0297206
55.1022 0.531664 -0.27914 -0.0293884
55.2334 0.532 -0.278945 -0.0305798
55.3735 0.531908 -0.27896 -0.0292179
55.4934 0.531826 -0.27934 -0.0287368
55.5886 0.531716 -0.279291 -0.0288307
55.715 0.532 -0.279123 -0.0297677
55.8219 0.53196 -0.279277 -0.0297015
55.9323 0.532196 -0.279555 -0.0297787
56.06 0.531981 -0.279697 -0.0300846
56.1857 0.531969 -0.279374 -0.0301344
56.3067 0.531917 -0.279338 -0.0295084
56.4363 0.531781 -0.279471 -0.0286772
56.5464 0.532003 -0.279228 -0.0296826
56.6614 0.531843 -0.278993 -0.0289091
56.7664 0.531696 -0.279011 -0.0284147
56.8788 0.531923 -0.279147 -0.0292171
57.0033 0.531828 -0.279435 -0.0292253
57.114 0.531985 -0.279268 -0.0297186
57.2315 0.532159 -0.27906 -0.0299385
57.3645 0.531978 -0.279461 -0.0298023
57.4682 0.531853 -0.27919 -0.028612
57.5892 0.532032 -0.279355 -0.0306353
57.7307 0.531954 -0.279231 -0.0299841
57.8365 0.532291 -0.279338 -0.030813
57.9457 0.53186 -0.27928 -0.0299002
58.0617 0.531848 -0.27938 -0.0292257
58.1915 0.531841 -0.279753 -0.0299526
58.2992 0.531979 -0.279276 -0.0303144
58.4299 0.532143 -0.279244 -0.0303615
58.5468 0.531867 -0.279199 -0.0298975
58.6632 0.532118 -0.279635 -0.0305769
58.7909 0.531936 -0.278846 -0.0299002
58.8976 0.532163 -0.279551 -0.0300705
59.0192 0.531899 -0.279161 -0.0292855
59.1345 0.531977 -0.279137 -0.0293529
59.2485 0.53205 -0.279276 -0.0303743
59.3859 0.531905 -0.279021 -0.0300554
59.4734 0.53197 -0.279302 -0.0301031
59.5803 0.531837 -0.279739 -0.0289185
59.6875 0.531885 -0.279129 -0.0297234
59.8385 0.531884 -0.278971 -0.0286206
59.9294 0.531862 -0.279279 -0.029567
60.0687 0.532215 -0.279319 -0.0303158
60.1759 0.531981 -0.279197 -0.0296212
60.292 0.531911 -0.27923 -0.0295924
60.3935 0.532058 -0.279401 -0.0296248
60.4985 0.532001 -0.279209 -0.0297888
60.6105 0.531858 -0.279301 -0.0293722
60.712 0.53189 -0.279167 -0.0293505
60.8415 0.532063 -0.279155 -0.0298295
60.9627 0.532057 -0.279502 -0.0300481
61.0702 0.53197 -0.27938 -0.0306355
61.1886 0.532039 -0.27953 -0.0297064
61.3054 0.532069 -0.279617 -0.0298069
61.4286 0.532091 -0.279405 -0.0299868
61.5434 0.53186 -0.279257 -0.0298843
61.6658 0.532047 -0.279702 -0.0302193
61.7973 0.531958 -0.279161 -0.0292027
61.8965 0.531983 -0.279311 -0.0305809
62.0289 0.531807 -0.27952 -0.0284099
62.1488 0.531802 -0.279327 -0.0293128
62.2711 0.531644 -0.279321 -0.0291746
62.4044 0.532032 -0.279608 -0.0297204
62.5379 0.531846 -0.279232 -0.0293505
62.6363 0.532086 -0.279213 -0.0301762
62.7552 0.531999 -0.279059 -0.0299578
62.8797 0.53204 -0.27914 -0.0296738
62.9995 0.531913 -0.279127 -0.0293316
63.0974 0.5319 -0.278997 -0.0292049
63.2444 0.531826 -0.279103 -0.0292418
63.3582 0.531968 -0.279519 -0.0300716
63.4533 0.532064 -0.279084 -0.0303281
63.5771 0.53248 -0.278938 -0.0293476
63.7074 0.532427 -0.278927 -0.0276064
63.8502 0.533092 -0.278779 -0.0265776
63.9757 0.533324 -0.278167 -0.0220646
64.0991 0.533536 -0.278723 -0.016687
64.226 0.532152 -0.278085 -0.0116407
64.3497 0.533451 -0.278395 -0.0079423
64.4682 0.534451 -0.274973 0.0023315
64.5948 0.531385 -0.271509 0.0126186
64.7232 0.53186 -0.270116 0.0220222
64.8517 0.530856 -0.269666 0.03265
64.9653 0.531106 -0.269962 0.0357409
65.0765 0.53055 -0.270398 0.0440026
65.2045 0.530617 -0.270747 0.0464462
65.3061 0.531758 -0.270201 0.0480145
65.4266 0.531569 -0.269608 0.0536912
65.547 0.531744 -0.269951 0.0576908
65.6531 0.531476 -0.270226 0.0626219
65.7679 0.531337 -0.271118 0.065402
65.8933 0.531539 -0.270188 0.0634176
66.0169 0.531443 -0.269874 0.0634327
66.1356 0.531342 -0.270053 0.0645653
66.2565 0.531618 -0.270703 0.0640785
66.3943 0.531325 -0.269799 0.0640323
66.5232 0.531263 -0.269925 0.0646202
66.6276 0.531014 -0.270202 0.0635209
66.7374 0.531084 -0.270031 0.0650889
66.8534 0.53106 -0.269923 0.0659722
66.9861 0.530954 -0.27006 0.0644624
67.0981 0.531017 -0.270065 0.0662907
67.2193 0.531134 -0.270062 0.0651388
67.3286 0.531162 -0.269831 0.065206
67.4607 0.531168 -0.269976 0.0653889
67.5848 0.531558 -0.26974 0.0639059
67.7029 0.530961 -0.270082 0.0656515
67.8133 0.531252 -0.269913 0.0653854
67.9268 0.531393 -0.269966 0.0644919
68.0514 0.531059 -0.270516 0.0643338
68.1727 0.531407 -0.270955 0.0628476
68.2972 0.531156 -0.269768 0.065232
68.4198 0.531068 -0.270083 0.0648076
68.561 0.530989 -0.270063 0.0658789
68.6897 0.530926 -0.269981 0.0648616
68.7757 0.530822 -0.269935 0.0658652
68.8947 0.530968 -0.269894 0.0652444
69.0342 0.531191 -0.269907 0.0646735
69.1327 0.531447 -0.269641 0.0639194
69.2564 0.531228 -0.270359 0.0638042
69.3672 0.531103 -0.269864 0.0651564
69.4652 0.531266 -0.270776 0.0603197
69.5574 0.531203 -0.269924 0.0656272
69.674 0.531301 -0.270037 0.0645219
69.7492 0.531034 -0.269989 0.0660587
69.8458 0.530841 -0.269888 0.0655143
69.9327 0.531231 -0.271019 0.0635502
70.0273 0.53167 -0.271075 0.0624314
70.128 0.531059 -0.270447 0.0635513
70.2236 0.53091 -0.269995 0.0655929
70.3149 0.531188 -0.270013 0.0652429
70.422 0.53146 -0.269809 0.0653731
70.5047 0.531093 -0.269936 0.065125
70.5912 0.531278 -0.270893 0.0633623
70.6853 0.531113 -0.269667 0.065091
70.78 0.5311 -0.269904 0.0659017
70.8705 0.531142 -0.269761 0.0651772
70.9622 0.531473 -0.27002 0.0653986
71.0481 0.531367 -0.269945 0.0646025
71.1604 0.531192 -0.269985 0.0649088
71.2541 0.531186 -0.269839 0.0655098
71.3665 0.531149 -0.270869 0.062846
71.4483 0.531191 -0.270126 0.0649083
71.5218 0.530983 -0.269988 0.0653629
71.6119 0.531135 -0.270105 0.0652321
71.7106 0.531019 -0.269847 0.0654414
71.8075 0.531368 -0.269969 0.0641783
71.9055 0.531433 -0.269496 0.0641646
71.9971 0.531204 -0.269935 0.0657127
72.0706 0.531042 -0.271108 0.0647737
72.1622 0.531025 -0.270088 0.0659905
72.258 0.531394 -0.269894 0.0644214
72.353 0.531411 -0.269695 0.0641106
72.448 0.53117 -0.269792 0.0649932
72.5434 0.531268 -0.269708 0.0652338
72.6301 0.531118 -0.269911 0.0659596
72.724 0.531179 -0.270035 0.0647208
72.8165 0.530965 -0.270009 0.0660746
72.9124 0.531138 -0.269764 0.0652835
73.0313 0.531256 -0.269894 0.0655263
73.1113 0.530939 -0.269561 0.0656772
73.2103 0.531097 -0.269785 0.0656015
73.312 0.531096 -0.269868 0.0661971
73.4417 0.530887 -0.27004 0.0662242
73.5659 0.531235 -0.269972 0.0656533
73.6779 0.531209 -0.269802 0.0641995
73.7757 0.531223 -0.269988 0.0649927
73.8744 0.531282 -0.269714 0.0655621
73.9964 0.531246 -0.26985 0.064961
74.0963 0.531129 -0.26985 0.0650173
74.2058 0.531224 -0.270083 0.064532
74.3067 0.531002 -0.26998 0.0659172
74.4101 0.531303 -0.270412 0.0629996
74.5058 0.530974 -0.269963 0.0666563
74.6056 0.531075 -0.27071 0.0641257
74.724 0.531168 -0.269848 0.065495
74.8216 0.531041 -0.270019 0.0664047
74.9419 0.531257 -0.270059 0.0657688
75.0614 0.531518 -0.269735 0.0641008
75.1741 0.531331 -0.269642 0.0641445
75.2826 0.531199 -0.269779 0.0655339
75.397 0.531147 -0.269829 0.0654705
75.5096 0.531558 -0.270542 0.0623999
75.6193 0.53142 -0.269831 0.0646519
75.7407 0.531249 -0.269576 0.0642176
75.8582 0.531544 -0.269688 0.0639861
75.9741 0.531148 -0.26978 0.0651553
76.0887 0.531042 -0.269864 0.0666615
76.2091 0.530919 -0.269389 0.0661562
76.3171 0.531064 -0.269892 0.0657163
76.4344 0.531554 -0.27007 0.0636688
76.5562 0.531246 -0.269448 0.0654427
76.6593 0.531199 -0.270332 0.0647199
76.7796 0.531027 -0.270811 0.0641486
76.8769 0.531264 -0.269933 0.0648013
76.9821 0.531206 -0.269682 0.0650566
77.098 0.531209 -0.269748 0.0650449
77.2296 0.531181 -0.270115 0.065084
77.3487 0.530996 -0.269951 0.065426
77.4668 0.531413 -0.269671 0.0656018
77.5509 0.531328 -0.270277 0.0653523
77.6655 0.531677 -0.269666 0.063963
77.773 0.531189 -0.269656 0.065986
77.8859 0.531319 -0.270166 0.0649623
78.0171 0.531424 -0.269832 0.0663271
78.1163 0.531099 -0.269265 0.0700726
78.231 0.530672 -0.269471 0.0757152
78.3406 0.532079 -0.270042 0.0793739
78.4494 0.531623 -0.2701 0.0864717
78.5819 0.532128 -0.269416 0.0919216
78.6892 0.531138 -0.269881 0.098158
78.8097 0.530925 -0.270181 0.105159
78.9119 0.531566 -0.269953 0.108752
79.0304 0.530742 -0.270864 0.115012
79.1572 0.514854 -0.276635 0.139282
79.2564 0.530653 -0.272035 0.120254
79.3811 0.53058 -0.271904 0.120375
79.4994 0.530656 -0.272062 0.118809
79.6026 0.530553 -0.271914 0.119831
79.7189 0.51637 -0.275317 0.136289
79.812 0.531037 -0.268269 0.119869
79.9263 0.531483 -0.263739 0.120894
80.0325 0.531525 -0.258746 0.119503
80.1411 0.531393 -0.253345 0.121335
80.2495 0.531536 -0.246591 0.120667
80.3741 0.531702 -0.242193 0.120762
80.4881 0.531875 -0.234765 0.122311
80.599 0.532344 -0.231344 0.11869
80.6837 0.532379 -0.224098 0.122032
80.7931 0.532708 -0.218891 0.119976
80.8995 0.532117 -0.217107 0.11951
81.0116 0.532498 -0.209462 0.119894
81.1183 0.532519 -0.203507 0.121843
81.2194 0.533204 -0.195812 0.1213
81.3313 0.533342 -0.192751 0.119435
81.4436 0.533232 -0.185095 0.12156
81.5369 0.533368 -0.182169 0.119452
81.6535 0.533845 -0.175768 0.119935
81.788 0.534354 -0.170333 0.117861
81.9107 0.532891 -0.169158 0.121932
82.0131 0.524723 -0.164916 0.131901
82.1488 0.538433 -0.15908 0.115239
82.2337 0.532162 -0.152999 0.124915
82.3669 0.534075 -0.13967 0.120685
82.4592 0.534299 -0.134262 0.121476
82.5668 0.534362 -0.129474 0.118255
82.6802 0.516125 -0.128561 0.138369
82.812 0.524294 -0.122509 0.134557
82.9219 0.531505 -0.118263 0.122007
83.0214 0.534985 -0.105458 0.121198
83.141 0.535319 -0.103105 0.118001
83.2294 0.535566 -0.0948404 0.120246
83.3419 0.535355 -0.0924359 0.118566
83.449 0.535742 -0.0847359 0.118866
83.5603 0.535661 -0.0773052 0.121427
83.6783 0.535867 -0.0743791 0.119451
83.7951 0.536106 -0.0661953 0.12035
83.903 0.536186 -0.0591489 0.119696
84.018 0.536678 -0.055733 0.118459
84.1088 0.536517 -0.0484618 0.120596
84.2344 0.53668 -0.0453031 0.117912
84.3315 0.536874 -0.0381661 0.121249
84.4406 0.536944 -0.0343099 0.120269
84.5725 0.536846 -0.0265968 0.120349
84.6611 0.537329 -0.0227847 0.118545
84.7913 0.537255 -0.0164823 0.120225
84.8979 0.537142 -0.00890693 0.118939
85.007 0.537612 -0.00543512 0.118065
85.1219 0.537464 0.00176376 0.120217
85.2259 0.537593 0.00452136 0.119388
85.3226 0.537468 0.0121674 0.121053
85.4353 0.538282 0.0167473 0.11959
85.5322 0.538074 0.0225417 0.120206
85.6477 0.538058 0.029911 0.121129
85.7573 0.538063 0.0330204 0.118109
85.859 0.538476 0.0400897 0.121432
85.9771 0.538557 0.0419459 0.119819
86.0734 0.53841 0.0460745 0.12069
86.2045 0.538197 0.0458603 0.121381
86.3103 0.538216 0.0460231 0.121344
86.4216 0.538436 0.0461002 0.121473
86.5202 0.538343 0.0462864 0.120679
86.6196 0.538569 0.0462065 0.121097
86.7404 0.538469 0.0462126 0.12156
86.8617 0.53823 0.0461813 0.121173
86.9617 0.538269 0.046156 0.120635
87.075 0.538283 0.0462414 0.121157
87.1769 0.53862 0.0463838 0.12049
87.2868 0.538642 0.0463432 0.120691
87.3961 0.538451 0.0461953 0.120416
87.4951 0.537942 0.0459769 0.120356
87.6056 0.537959 0.0455279 0.117332
87.7348 0.53798 0.0452373 0.111226
87.8398 0.537706 0.0450067 0.107847
87.9495 0.537726 0.0452043 0.100076
88.0402 0.537889 0.0447811 0.0983916
88.1519 0.537791 0.0447912 0.0903225
88.2734 0.537754 0.0447099 0.0866006
88.3715 0.538284 0.0455213 0.0768676
88.4662 0.537872 0.0448061 0.0761815
88.5761 0.538162 0.0449736 0.0674878
88.6839 0.538114 0.0445018 0.0637617
88.797 0.53827 0.0444322 0.0573054
88.9003 0.538269 0.0447786 0.0519286
89.0197 0.537994 0.044567 0.0494566
89.1331 0.537831 0.0445928 0.0415522
89.2616 0.538095 0.0446088 0.0341038
89.3725 0.537744 0.0444162 0.0311585
89.493 0.537824 0.0445251 0.0274166
89.584 0.537926 0.044634 0.0209509
89.6904 0.537807 0.0446191 0.0165158
89.8207 0.537771 0.0440902 0.0126047
89.9279 0.537835 0.0436787 0.00503008
90.0451 0.537537 0.0434777 0.00313617
90.1545 0.537456 0.0425284 -0.00287212
90.264 0.537914 0.0425542 -0.00632337
90.3694 0.53794 0.0423909 -0.0139879
90.4821 0.537773 0.0423188 -0.0196851
90.5959 0.537959 0.0420788 -0.0238639
90.6943 0.53742 0.0416318 -0.0313466
90.7962 0.537937 0.0421254 -0.0391524
90.911 0.539019 0.0421464 -0.0510753
91.0223 0.53934 0.0427619 -0.0603863
91.138 0.539368 0.042858 -0.0589967
91.2439 0.539116 0.0424098 -0.0576781
91.3536 0.539875 0.0424695 -0.058017
91.4779 0.538866 0.04224 -0.0613849
91.5667 0.538974 0.0420106 -0.062491
91.6748 0.538765 0.0407497 -0.0620271
91.8032 0.538475 0.0408947 -0.0656122
91.9058 0.538916 0.0406552 -0.0693689
92.006 0.538732 0.0404717 -0.0694122
92.1074 0.538842 0.0405604 -0.0698103
92.2183 0.538734 0.0403912 -0.0693501
92.3409 0.53882 0.040464 -0.0698451
92.4582 0.53851 0.0402962 -0.068011
92.5614 0.538774 0.0403245 -0.0691155
92.6704 0.538662 0.0403142 -0.0687913
92.7958 0.538858 0.0404924 -0.0707187
92.9031 0.538612 0.0402969 -0.0682022
93.0079 0.538715 0.0402877 -0.0691374
93.1216 0.538692 0.0403926 -0.0696605
93.2298 0.538537 0.0403193 -0.0681368
93.3415 0.53858 0.0403597 -0.0692226
93.4524 0.538576 0.0402436 -0.0690211
93.5669 0.538586 0.0402486 -0.0682934
93.673 0.538724 0.0404057 -0.069807
93.7882 0.53882 0.0405297 -0.0690532
93.8978 0.539129 0.0408194 -0.0690944
94.0061 0.539414 0.0408518 -0.0680933
94.1443 0.539524 0.0416749 -0.0637974
94.2406 0.540069 0.0421862 -0.0619887
94.338 0.539455 0.0430961 -0.0566857
94.4549 0.539833 0.0427169 -0.0481455
94.5582 0.539201 0.0420426 -0.0399131
94.6732 0.538131 0.0414462 -0.029548
94.7749 0.538785 0.0417563 -0.028524
94.921 0.538118 0.0417502 -0.0255818
95.0378 0.538441 0.0418855 -0.0257611
95.1576 0.53509 0.0420113 -0.0252088
95.2726 0.528092 0.0422386 -0.0243298
95.3766 0.522175 0.0422821 -0.025166
95.4844 0.517131 0.0420956 -0.0270257
95.6034 0.511835 0.0425062 -0.0276648
95.7162 0.506692 0.0427669 -0.0270094
95.8398 0.500488 0.0425693 -0.0283711
95.9496 0.494761 0.0427741 -0.0276664
96.069 0.488753 0.0429967 -0.0314024
96.1797 0.483605 0.0428537 -0.0304998
96.2956 0.47772 0.0428093 -0.0301143
96.4237 0.471207 0.0432591 -0.0309981
96.5296 0.466044 0.0433066 -0.0293285
96.6549 0.459593 0.0434519 -0.0274587
96.7557 0.454503 0.0434326 -0.0293588
96.8803 0.448163 0.0438192 -0.030647
96.984 0.443318 0.043834 -0.0302281
97.0968 0.437374 0.0439059 -0.0305233
97.2103 0.431987 0.0442274 -0.0299087
97.3553 0.424594 0.0444943 -0.0305839
97.4614 0.420365 0.0446953 -0.0300413
97.5531 0.41515 0.0446381 -0.0307667
97.6727 0.409305 0.0448235 -0.0304319
97.7713 0.404631 0.0450216 -0.030391
97.8823 0.400031 0.0446418 -0.0328982
98.0151 0.392165 0.044984 -0.0331609
98.1252 0.387352 0.0448218 -0.033756
98.2279 0.382519 0.0453066 -0.033975
98.3548 0.377801 0.0452919 -0.0349401
98.439 0.379063 0.0453617 -0.035691
98.5631 0.37495 0.0453897 -0.0361484
98.6733 0.375351 0.0454562 -0.0356685
98.7946 0.375308 0.0454245 -0.0352714
98.9203 0.375763 0.0452778 -0.0346526
99.0451 0.375358 0.0453964 -0.034044
99.1487 0.375505 0.0452751 -0.0352456
99.2514 0.37566 0.045247 -0.0343741
99.347 0.375241 0.0453297 -0.0343774
99.4469 0.375746 0.0455215 -0.035516
99.5626 0.375503 0.0454878 -0.0366088
99.6907 0.375383 0.0453274 -0.0362505
99.7985 0.374887 0.0451683 -0.0359216
99.9017 0.37538 0.0457018 -0.0353647
100.021 0.37567 0.0456434 -0.0437587
100.135 0.376188 0.0456443 -0.0536323
100.223 0.37736 0.0464935 -0.0618126
100.339 0.377085 0.0463658 -0.0717094
100.433 0.377115 0.0459575 -0.0745771
100.555 0.376893 0.0455039 -0.0783801
100.657 0.378163 0.0448741 -0.0812746
100.757 0.378024 0.044936 -0.0803301
100.87 0.377607 0.0449834 -0.0801743
100.988 0.376916 0.0446406 -0.0802138
101.094 0.3769 0.0447783 -0.0804817
101.213 0.376861 0.0444749 -0.0822351
101.319 0.376523 0.0442838 -0.085118
101.418 0.376034 0.0442781 -0.0880183
101.521 0.376554 0.0439247 -0.0861919
101.627 0.3766 0.0440816 -0.0870134
101.732 0.375709 0.0442721 -0.0867629
101.848 0.375615 0.0442674 -0.0863065
101.957 0.376563 0.0439092 -0.0868233
102.063 0.376445 0.0439579 -0.0863348
102.201 0.375619 0.0442053 -0.0864016
102.288 0.375555 0.0442272 -0.0862824
102.396 0.375985 0.0441823 -0.0872014
102.513 0.376539 0.0440784 -0.0878688
102.632 0.3763 0.0440262 -0.0874846
102.756 0.375669 0.0443573 -0.0878097
102.874 0.376135 0.0441329 -0.0868025
102.995 0.37641 0.0438578 -0.0857388
103.123 0.375736 0.0441751 -0.0870949
103.248 0.375681 0.0441116 -0.0868565
103.351 0.376458 0.044005 -0.0861314
103.472 0.376401 0.04396 -0.0868483
-7.15256e-07 0.375888 0.0408549 -0.0868805
0.116297 0.375235 0.0412216 -0.0870511
0.224422 0.375188 0.0412046 -0.0871037
0.321339 0.375754 0.0410585 -0.0886077
0.445928 0.375807 0.04091 -0.0868157
0.552587 0.375626 0.0410537 -0.0871487
0.668195 0.375302 0.0413056 -0.0884943
0.783684 0.375827 0.0409995 -0.0871514
0.883119 0.3759 0.0409154 -0.0866
0.992714 0.375864 0.0409347 -0.0864432
1.10771 0.375102 0.0413371 -0.0879842
1.23968 0.375265 0.0412212 -0.0878851
1.35943 0.376052 0.0408631 -0.0877935
1.45374 0.37598 0.0409819 -0.089095
1.58572 0.375141 0.0413337 -0.0878579
1.68639 0.375323 0.0411263 -0.0877789
1.78682 0.375868 0.0408993 -0.0868631
1.92176 0.37582 0.0410549 -0.0866191
2.03591 0.37521 0.0412902 -0.0880136
2.14515 0.375386 0.0412839 -0.0873814
2.28061 0.37598 0.0409464 -0.0880476
2.37741 0.375796 0.0409606 -0.0869353
2.51516 0.375221 0.0412803 -0.0876319
2.64198 0.375666 0.0410304 -0.0878034
2.78016 0.375951 0.0408832 -0.0875538
2.89523 0.375094 0.0411949 -0.0868989
3.03586 0.375259 0.0413058 -0.08776
3.12859 0.376111 0.0408766 -0.0885619
3.2602 0.375802 0.0408797 -0.0858543
3.36796 0.37569 0.0410163 -0.0876459
3.48496 0.375293 0.0412394 -0.0886618
3.60893 0.375383 0.0411306 -0.0873345
3.72027 0.375198 0.0410896 -0.0868867
3.83783 0.375108 0.0414423 -0.0888226
3.94226 0.375208 0.0415867 -0.0869604
4.06649 0.375589 0.0416747 -0.0876798
4.18231 0.375658 0.0418153 -0.0877562
4.31221 0.37577 0.0418967 -0.088276
4.41949 0.376106 0.0420172 -0.0855751
4.5379 0.376742 0.0422782 -0.0839008
4.64505 0.376596 0.0424145 -0.0839142
4.77133 0.377103 0.0427717 -0.0853006
4.90389 0.377548 0.0431384 -0.083415
5.0047 0.377838 0.0433256 -0.081892
5.11257 0.378182 0.0435445 -0.0813981
5.22521 0.378727 0.0439375 -0.0807454
5.34325 0.378959 0.0445466 -0.0803491
5.44674 0.379189 0.044856 -0.0787759
5.54441 0.379281 0.0451689 -0.0782548
5.67341 0.379469 0.0454975 -0.0782
5.7935 0.379714 0.0459429 -0.0769806
5.91607 0.380013 0.0464692 -0.0755816
6.02976 0.380143 0.0467792 -0.0744975
6.14712 0.380367 0.0473226 -0.0721326
6.26045 0.380136 0.0476265 -0.0678134
6.38213 0.379513 0.0480807 -0.0644714
6.50577 0.379554 0.0482189 -0.0599688
6.63263 0.379605 0.048248 -0.0579287
6.752 0.380065 0.0483027 -0.0537
6.86457 0.379818 0.0485901 -0.052962
6.96904 0.379244 0.0485165 -0.0467861
7.10304 0.379408 0.0487137 -0.0446512
7.19907 0.378641 0.0485885 -0.0427559
7.33363 0.379022 0.0490063 -0.0370176
7.44046 0.378674 0.0490779 -0.0347172
7.56496 0.378719 0.0491767 -0.0330468
7.67048 0.378538 0.0493263 -0.0315142
7.77718 0.378601 0.049547 -0.0294778
7.91857 0.378634 0.0497393 -0.0280262
8.04378 0.377857 0.0498605 -0.0275038
8.14944 0.378247 0.0499429 -0.0262345
8.27394 0.377719 0.0500947 -0.0253066
8.37947 0.377392 0.050159 -0.0241981
8.50472 0.378237 0.0503129 -0.0237022
8.634 0.378197 0.0502671 -0.0227726
8.74708 0.37791 0.0501622 -0.0227543
8.85466 0.378059 0.0502165 -0.0232794
8.97298 0.378888 0.0503082 -0.023196
9.11134 0.380345 0.050417 -0.0223445
9.22649 0.381644 0.0504487 -0.0222877
9.34071 0.383897 0.0508849 -0.0228833
9.45696 0.386954 0.0509039 -0.0231337
9.57318 0.389882 0.0512642 -0.0222838
9.70683 0.394283 0.0515702 -0.0205996
9.81889 0.397375 0.0518611 -0.019306
9.92251 0.400508 0.052092 -0.019589
10.0381 0.40415 0.0524113 -0.0190673
10.1518 0.408622 0.052657 -0.0183574
10.2689 0.413626 0.0524777 -0.0177925
10.3769 0.418388 0.0531708 -0.0172107
10.5141 0.424192 0.0535451 -0.0163675
10.6209 0.4281 0.0536193 -0.0142014
10.744 0.434475 0.0535073 -0.0155861
10.8497 0.438551 0.0535478 -0.0142886
10.9722 0.444712 0.0535559 -0.0128927
11.0912 0.450167 0.0532722 -0.0146972
11.2135 0.456297 0.0530912 -0.0146826
11.3142 0.461593 0.0529787 -0.0129437
11.4342 0.467502 0.0530245 -0.0140847
11.5493 0.472518 0.0525152 -0.0129082
11.6708 0.47895 0.0521036 -0.0128584
11.7892 0.484025 0.0519643 -0.0124517
11.9176 0.490106 0.0509156 -0.0138253
12.0325 0.495429 0.0508747 -0.011889
12.1413 0.499478 0.0508496 -0.0101136
12.2631 0.504899 0.049994 -0.0112825
12.3963 0.510192 0.0495713 -0.0103391
12.5065 0.514322 0.0490112 -0.0138174
12.6053 0.517191 0.0481174 -0.0128019
12.7346 0.521526 0.0475862 -0.0127693
12.8295 0.524803 0.0473724 -0.0130319
12.9533 0.52768 0.046774 -0.0127205
13.0823 0.531104 0.0461401 -0.0135837
13.2161 0.533358 0.0456905 -0.0134247
13.3354 0.535875 0.0455908 -0.0127666
13.4444 0.536962 0.0451421 -0.0142888
13.5692 0.538153 0.045115 -0.013375
13.6531 0.538776 0.0453237 -0.0131154
13.7859 0.538572 0.0449923 -0.0138657
13.9171 0.538579 0.0453652 -0.0114753
14.0403 0.538477 0.0450652 -0.0121582
14.1647 0.53847 0.0446373 -0.0114991
14.2737 0.53853 0.044078 -0.0119018
14.3762 0.539041 0.0434848 -0.0119066
14.5031 0.538905 0.0425459 -0.01116
14.6364 0.539649 0.0412744 -0.0140774
14.7528 0.540097 0.0399526 -0.0150095
14.859 0.540694 0.0388467 -0.0144738
14.9827 0.541182 0.0375135 -0.0130509
15.1031 0.541866 0.0353467 -0.013772
15.2131 0.541799 0.0343062 -0.00965013
15.3267 0.542875 0.0322967 -0.0108941
15.4405 0.54277 0.0301396 -0.0108774
15.5556 0.543789 0.0272674 -0.0138784
15.6908 0.54421 0.0254029 -0.0085788
15.795 0.544922 0.0228215 -0.0123706
15.9135 0.545567 0.0200077 -0.0109421
16.0177 0.546235 0.0184447 -0.0063055
16.1463 0.547384 0.0145159 -0.0123791
16.2463 0.54813 0.0120612 -0.0116083
16.3551 0.548566 0.00913532 -0.00999972
16.4768 0.549105 0.00538762 -0.0130043
16.5941 0.549626 0.00228931 -0.0111209
16.7171 0.550699 -0.00162618 -0.00964314
16.8436 0.551531 -0.00548765 -0.0127839
16.9691 0.552562 -0.00966553 -0.0129348
17.0828 0.553157 -0.0130294 -0.00943218
17.198 0.55381 -0.0170562 -0.0106045
17.3176 0.554777 -0.021308 -0.0104396
17.4346 0.555358 -0.0256809 -0.0134606
17.5638 0.556189 -0.0295256 -0.00896478
17.6846 0.556782 -0.0336611 -0.00712707
17.8123 0.557442 -0.0395329 -0.0125263
17.9255 0.557841 -0.0434257 -0.00894799
18.0415 0.558384 -0.0482486 -0.013384
18.1618 0.558542 -0.0527059 -0.0089287
18.278 0.559599 -0.0573251 -0.0106806
18.3942 0.560036 -0.0618261 -0.00805053
18.5205 0.561023 -0.0673339 -0.00993434
18.624 0.560829 -0.0716075 -0.0107409
18.7466 0.56141 -0.0766619 -0.00999132
18.8786 0.562073 -0.0819138 -0.00665289
18.9726 0.562021 -0.0868467 -0.012559
19.1034 0.562377 -0.0921918 -0.00902158
19.2106 0.562973 -0.0963851 -0.010422
19.3295 0.562833 -0.10147 -0.00693682
19.4579 0.562939 -0.108168 -0.0124504
19.5653 0.563324 -0.112106 -0.00758071
19.6844 0.562968 -0.118328 -0.0102033
19.816 0.563233 -0.123455 -0.00694831
19.9267 0.562935 -0.128733 -0.0102715
20.0504 0.563319 -0.133596 -0.0114817
20.1709 0.562452 -0.139728 -0.00997999
20.2848 0.561925 -0.144943 -0.010003
20.4057 0.561568 -0.150808 -0.0099435
20.5342 0.561598 -0.156273 -0.00937762
20.641 0.561139 -0.160454 -0.00632499
20.7646 0.560691 -0.166202 -0.0258064
20.9021 0.559817 -0.173911 -0.0201217
21.0015 0.55931 -0.177717 -0.0191429
21.1138 0.558782 -0.183672 -0.0212713
21.2301 0.55818 -0.188951 -0.0203941
21.3696 0.557499 -0.1949 -0.0219335
21.4864 0.556963 -0.199762 -0.0216216
21.5986 0.555767 -0.204882 -0.0204869
21.7214 0.555044 -0.210495 -0.0180142
21.8241 0.554428 -0.215457 -0.0230418
21.9443 0.553374 -0.219825 -0.0183912
22.0718 0.552786 -0.22538 -0.0223844
22.1883 0.552053 -0.23176 -0.021277
22.3172 0.550992 -0.235245 -0.0212672
22.4421 0.549913 -0.241261 -0.0235064
22.5394 0.549413 -0.244949 -0.0220052
22.6517 0.548497 -0.249747 -0.0212671
22.7795 0.547426 -0.253838 -0.0230334
22.8935 0.546289 -0.256781 -0.0228484
23.01 0.545412 -0.262433 -0.0222598
23.1407 0.543733 -0.26526 -0.0207582
23.2424 0.543773 -0.270522 -0.0247948
23.3559 0.542034 -0.273077 -0.0210283
23.4799 0.541637 -0.278438 -0.0232801
23.5889 0.540227 -0.281374 -0.0231481
23.7064 0.539059 -0.283508 -0.0208051
23.815 0.538667 -0.288985 -0.022967
23.9512 0.537041 -0.290906 -0.0222072
24.0742 0.536045 -0.293183 -0.0219008
24.1848 0.535382 -0.298246 -0.0222529
24.3031 0.534375 -0.299708 -0.0228501
24.4264 0.533496 -0.301956 -0.0229398
24.543 0.533958 -0.305881 -0.0258123
24.6486 0.533222 -0.308965 -0.0275308
24.7979 0.532361 -0.309991 -0.0261005
24.9107 0.532177 -0.311374 -0.0270885
25.0251 0.531487 -0.313039 -0.0283213
25.1413 0.531113 -0.314529 -0.0283011
25.2584 0.530913 -0.315319 -0.0272667
25.3777 0.530394 -0.316201 -0.0275323
25.4928 0.529902 -0.315456 -0.0250787
25.611 0.529518 -0.313642 -0.0210326
25.7106 0.529723 -0.31508 -0.0218962
25.8221 0.529313 -0.31421 -0.0203556
25.9226 0.529439 -0.315191 -0.0220125
26.0762 0.529321 -0.314306 -0.0195899
26.1866 0.529367 -0.314363 -0.0201034
26.3145 0.529419 -0.314345 -0.0201995
26.4097 0.529528 -0.314306 -0.0199045
26.5185 0.529392 -0.314305 -0.0193748
26.649 0.529493 -0.314513 -0.0179876
26.7643 0.529306 -0.314317 -0.0162893
26.876 0.529469 -0.315347 -0.0165573
27.0003 0.529278 -0.314888 -0.0119051
27.1248 0.529292 -0.314765 -0.0119962
27.244 0.529321 -0.314491 -0.00940634
27.3429 0.529058 -0.31454 -0.00691821
27.4778 0.529103 -0.314424 -0.00568364
27.5973 0.529281 -0.314446 -0.0039636
27.7086 0.529292 -0.31443 -0.00231922
27.8345 0.529252 -0.314587 0.000186158
27.9501 0.52912 -0.314278 -0.000604438
28.1063 0.529432 -0.314277 -0.000813229
28.2057 0.529052 -0.314196 0.000153529
28.3205 0.529463 -0.314041 0.000794616
28.455 0.529644 -0.312818 -0.000265572
28.5747 0.530123 -0.311468 -0.00194265
28.7018 0.53014 -0.309449 -0.000863992
28.8206 0.530385 -0.306837 -0.00331746
28.9414 0.530109 -0.303897 -0.0036632
29.0704 0.530766 -0.305207 -0.0128588
29.2106 0.531425 -0.304494 -0.0177931
29.3334 0.531498 -0.302718 -0.0200576
29.4572 0.531699 -0.297935 -0.0203829
29.5727 0.531577 -0.294602 -0.0224734
29.6856 0.531536 -0.291953 -0.0233001
29.7864 0.531187 -0.286363 -0.0245617
29.9179 0.531215 -0.285455 -0.0268187
30.0489 0.53157 -0.282641 -0.0285385
30.1701 0.531236 -0.279911 -0.0292322
30.2963 0.531304 -0.279577 -0.0302628
30.4137 0.53128 -0.279073 -0.0303649
30.5092 0.531304 -0.279025 -0.0295235
30.6222 0.531297 -0.279077 -0.0294142
30.7716 0.531236 -0.27895 -0.0296829
30.885 0.531373 -0.279057 -0.0302667
30.9901 0.531309 -0.279099 -0.0293487
31.116 0.531527 -0.279277 -0.0305869
31.2482 0.531563 -0.279051 -0.029611
31.3916 0.53155 -0.279193 -0.0299814
31.4964 0.531517 -0.279071 -0.0297353
31.6133 0.531471 -0.279046 -0.0297855
31.7567 0.531666 -0.279095 -0.0305528
31.8592 0.531489 -0.279 -0.0293776
31.9886 0.531619 -0.279119 -0.0297418
32.118 0.531661 -0.279168 -0.0305686
32.2557 0.531526 -0.279046 -0.028679
32.3796 0.5317 -0.279493 -0.030806
32.4918 0.531517 -0.279196 -0.029801
32.5893 0.531749 -0.279567 -0.0305419
32.7014 0.531747 -0.279754 -0.0303175
32.8467 0.531683 -0.279365 -0.0302192
32.9701 0.531611 -0.279462 -0.0304027
33.0875 0.531577 -0.279182 -0.0295725
33.2087 0.531644 -0.279273 -0.0297775
33.3559 0.531624 -0.27911 -0.0293819
33.4588 0.531707 -0.27956 -0.0301288
33.5761 0.531759 -0.279218 -0.0305378
33.6984 0.531562 -0.27924 -0.0302081
33.8168 0.531656 -0.27924 -0.0301952
33.9624 0.53175 -0.279784 -0.0308514
34.0629 0.531796 -0.27935 -0.0307215
34.1763 0.532018 -0.279266 -0.0291503
34.2928 0.531722 -0.279043 -0.029049
34.4149 0.531545 -0.279366 -0.0292922
34.5623 0.531781 -0.279339 -0.0301633
34.6574 0.531766 -0.2793 -0.0295525
34.788 0.531746 -0.279257 -0.0291501
34.898 0.531746 -0.27931 -0.0293797
35.0282 0.531861 -0.279097 -0.0288733
35.1392 0.531696 -0.279256 -0.0299194
35.2778 0.531661 -0.279146 -0.0298995
35.3929 0.531819 -0.279163 -0.0299269
35.5095 0.531837 -0.279135 -0.0299332
35.6304 0.531699 -0.279184 -0.0290112
35.7318 0.531958 -0.279225 -0.0296818
35.8552 0.531873 -0.279373 -0.0300695
35.9825 0.53169 -0.279306 -0.0291412
36.0972 0.531786 -0.279221 -0.0289321
36.217 0.531643 -0.279152 -0.0292897
36.3334 0.531807 -0.27906 -0.0292131
36.4599 0.531813 -0.279385 -0.0301282
36.5764 0.531817 -0.27936 -0.0290979
36.7054 0.531705 -0.279342 -0.028838
36.8314 0.531776 -0.279191 -0.0290324
36.9579 0.531907 -0.279243 -0.0293182
37.0816 0.53192 -0.279276 -0.0286488
37.2211 0.53179 -0.279293 -0.028791
37.3314 0.53188 -0.279304 -0.0294773
37.4455 0.531876 -0.279213 -0.0301459
37.5579 0.531883 -0.279334 -0.0294484
37.6845 0.531868 -0.279386 -0.0296877
37.7827 0.531908 -0.27937 -0.0291561
37.9057 0.531861 -0.279086 -0.0290521
38.0207 0.53191 -0.27918 -0.0290239
38.1365 0.531906 -0.279309 -0.0280483
38.2631 0.531987 -0.279279 -0.0286952
38.3785 0.531852 -0.279018 -0.0284733
38.4883 0.531956 -0.279542 -0.0286286
38.6059 0.532222 -0.279391 -0.0291765
38.7412 0.531986 -0.27919 -0.0293424
38.8627 0.532039 -0.279305 -0.0296324
38.9509 0.532072 -0.279206 -0.0290488
39.0612 0.532067 -0.279259 -0.0293215
39.1928 0.531953 -0.279321 -0.0280616
39.3041 0.532084 -0.27916 -0.0293788
39.4488 0.531905 -0.279124 -0.0282874
39.5511 0.532333 -0.279419 -0.0299517
39.6512 0.531916 -0.27921 -0.0283964
39.7731 0.532104 -0.279347 -0.0281799
39.9158 0.532053 -0.279547 -0.0294561
40.0267 0.532172 -0.279363 -0.029673
40.115 0.532164 -0.279144 -0.0292256
40.2427 0.532127 -0.279525 -0.0297432
40.3528 0.532176 -0.279486 -0.0281186
40.4712 0.532109 -0.279275 -0.0280372
40.5981 0.532216 -0.279274 -0.0293228
40.6977 0.53219 -0.279518 -0.0291076
40.8312 0.532107 -0.279006 -0.028188
40.936 0.53228 -0.279281 -0.029231
41.05 0.532153 -0.279259 -0.0290323
41.1748 0.53221 -0.279232 -0.0289033
41.2839 0.532059 -0.279305 -0.0283635
41.4048 0.532412 -0.279368 -0.029594
41.5421 0.532252 -0.279264 -0.0290303
41.6613 0.532447 -0.27941 -0.0291113
41.7798 0.532267 -0.279442 -0.0296327
41.8815 0.532472 -0.279216 -0.029349
42.0106 0.532139 -0.279324 -0.0280322
42.1332 0.532283 -0.279372 -0.0291474
42.253 0.532211 -0.279376 -0.0283208
42.3639 0.532386 -0.279369 -0.0287999
42.4956 0.532118 -0.279289 -0.027766
42.6227 0.532398 -0.27942 -0.0297339
42.744 0.532359 -0.279225 -0.0286214
42.8405 0.532331 -0.279298 -0.028828
42.9688 0.532474 -0.279541 -0.0291594
43.1093 0.532247 -0.279376 -0.0290437
43.2324 0.532339 -0.279391 -0.0291262
43.3708 0.53236 -0.279493 -0.0282791
43.5044 0.532604 -0.279291 -0.0299438
43.6474 0.532299 -0.27934 -0.0277015
43.8167 0.532408 -0.279295 -0.0293893
43.9662 0.532477 -0.279176 -0.0290387
44.1024 0.532561 -0.279159 -0.0291167
44.23 0.532479 -0.279116 -0.0283034
44.3267 0.532793 -0.279438 -0.0294608
44.485 0.532799 -0.279227 -0.0299197
44.6026 0.532751 -0.279047 -0.0290091
44.7212 0.532682 -0.279178 -0.0292543
44.8295 0.532518 -0.279404 -0.0288793
44.953 0.532643 -0.279376 -0.0295292
45.0616 0.532574 -0.279178 -0.0290734
45.2114 0.532437 -0.279117 -0.0276964
45.3373 0.532491 -0.279251 -0.0282274
45.4711 0.532657 -0.279564 -0.0287776
45.5998 0.532613 -0.2794 -0.0293221
45.7143 0.532702 -0.279321 -0.029436
45.829 0.533052 -0.279472 -0.0302412
45.9273 0.532696 -0.279157 -0.0284978
46.05 0.532592 -0.27923 -0.0284542
46.1878 0.532717 -0.279435 -0.0288219
46.2936 0.532787 -0.279518 -0.0287887
46.4286 0.53266 -0.279345 -0.0286056
46.5268 0.532727 -0.27926 -0.0289037
46.6496 0.532698 -0.279372 -0.0285086
46.7903 0.532884 -0.279367 -0.0289613
46.8907 0.532878 -0.279311 -0.029143
46.9844 0.532906 -0.279424 -0.028972
47.0929 0.532838 -0.279343 -0.0286264
47.2231 0.532781 -0.27925 -0.0288716
47.353 0.533074 -0.279348 -0.0296347
47.4679 0.533022 -0.279277 -0.0287235
47.6051 0.532898 -0.27947 -0.0287962
47.7208 0.532843 -0.279467 -0.0295009
47.8391 0.532973 -0.279397 -0.0292309
47.9538 0.532768 -0.279439 -0.0282161
48.0807 0.532841 -0.279147 -0.0288349
48.2053 0.532775 -0.279482 -0.0283125
48.3226 0.532921 -0.279376 -0.028376
48.4363 0.532783 -0.279437 -0.0290977
48.557 0.532955 -0.279575 -0.0285332
48.6847 0.53294 -0.279243 -0.0286102
48.8089 0.533066 -0.279406 -0.0289083
48.9121 0.533165 -0.279232 -0.0290829
49.0598 0.533052 -0.279548 -0.0287481
49.187 0.532977 -0.279382 -0.0283924
49.3152 0.533016 -0.279303 -0.0289463
49.4321 0.532974 -0.279374 -0.0285748
49.5182 0.533205 -0.279239 -0.0288922
49.6424 0.533109 -0.279383 -0.0290947
49.7817 0.53305 -0.279336 -0.0284645
49.8847 0.532936 -0.279355 -0.0286575
50.0249 0.533199 -0.279308 -0.0292435
50.1209 0.533002 -0.279351 -0.0282225
50.2541 0.533006 -0.279336 -0.0277464
50.3723 0.533144 -0.279366 -0.0293085
50.4807 0.533071 -0.279272 -0.0287621
50.6274 0.533288 -0.279368 -0.0291849
50.7256 0.533355 -0.279427 -0.0288138
50.8581 0.533152 -0.279587 -0.0291797
50.9781 0.533303 -0.279348 -0.0293584
51.0881 0.533107 -0.279375 -0.0284597
51.2079 0.533262 -0.279491 -0.0284328
51.3537 0.533181 -0.279537 -0.0295868
51.4734 0.533115 -0.279402 -0.0293174
51.5833 0.533454 -0.279467 -0.029208
51.6837 0.533226 -0.279305 -0.0293882
51.8036 0.533305 -0.279288 -0.0286307
51.9347 0.533377 -0.279432 -0.0284784
52.0545 0.533333 -0.279431 -0.0282962
52.1839 0.533402 -0.279441 -0.0290416
52.2928 0.533367 -0.279251 -0.0282679
52.4153 0.53333 -0.279358 -0.0286688
52.5348 0.53331 -0.279455 -0.0284541
52.6611 0.53344 -0.279228 -0.0289082
52.7918 0.533402 -0.279402 -0.0292301
52.9077 0.533469 -0.279374 -0.0285843
53.026 0.533321 -0.279233 -0.0279512
53.1425 0.533239 -0.279226 -0.0281327
53.2701 0.533334 -0.279433 -0.0283378
53.4062 0.533285 -0.279504 -0.0292298
