7.03335e-05 0.515771 0.150517 -0.0825285 0
0.0894992 0.515742 0.150501 -0.0818141 0
0.186642 0.515807 0.150581 -0.0826455 0
0.298697 0.51575 0.150486 -0.0823365 0
0.404278 0.515732 0.150423 -0.0825181 0
0.509885 0.515761 0.150478 -0.0820476 0
0.59994 0.515782 0.15055 -0.083083 0
0.702706 0.515852 0.150523 -0.0822759 0
0.802687 0.515772 0.150481 -0.0815132 0
0.90344 0.515697 0.150404 -0.081655 0
1.00464 0.515709 0.150495 -0.0812063 0
1.11564 0.515717 0.150432 -0.0815039 0
1.20903 0.515688 0.150447 -0.0823376 0
1.32264 0.51575 0.150518 -0.0826909 0
1.41278 0.515694 0.15039 -0.0813396 0
1.51727 0.515721 0.150431 -0.0816061 0
1.60814 0.515698 0.150476 -0.0818508 0
1.73289 0.515739 0.150401 -0.0811349 0
1.83875 0.51572 0.15044 -0.0812745 0
1.93747 0.515759 0.150416 -0.0820851 0
2.06245 0.515746 0.150455 -0.0820038 0
2.14257 0.515747 0.150456 -0.0819091 0
2.23575 0.515736 0.150426 -0.0821181 0
2.33966 0.515692 0.150425 -0.0815156 0
2.43776 0.515718 0.150454 -0.081945 0
2.54843 0.515797 0.150545 -0.0820595 0
2.6456 0.515828 0.150542 -0.0824027 0
2.74424 0.5156 0.150332 -0.0812646 0
2.84597 0.515776 0.150556 -0.0819766 0
2.95034 0.515971 0.150782 -0.0812784 0
3.0518 0.51599 0.150848 -0.0821464 0
3.15519 0.51622 0.150882 -0.0815879 0
3.24742 0.516185 0.150868 -0.0815231 0
3.34869 0.516374 0.151148 -0.080509 0
3.45029 0.516541 0.151453 -0.0812271 0
3.54805 0.516641 0.151655 -0.0802913 0
3.64498 0.516806 0.151934 -0.0797456 0
3.74181 0.516979 0.152176 -0.0797229 0
3.8445 0.517143 0.152407 -0.0788402 0
3.95215 0.517295 0.152528 -0.0773294 0
4.04322 0.517328 0.1526 -0.0768389 0
4.14578 0.517671 0.152877 -0.0756377 0
4.24375 0.517839 0.153217 -0.0751178 0
4.34814 0.518123 0.153532 -0.0731948 0
4.44826 0.518186 0.153411 -0.0692661 0
4.55068 0.518185 0.153677 -0.0727277 0
4.64717 0.518313 0.154059 -0.0728922 0
4.75116 0.51856 0.154232 -0.0699078 0
4.84385 0.518667 0.154305 -0.0693668 0
4.95035 0.518808 0.15452 -0.0678114 0
5.05676 0.51909 0.154474 -0.0660107 0
5.14989 0.519019 0.15447 -0.0648745 0
5.24908 0.518994 0.154408 -0.0628881 0
5.34957 0.519279 0.154404 -0.0627863 0
5.44485 0.519597 0.154708 -0.0613989 0
5.54579 0.519413 0.154844 -0.0607818 0
5.64024 0.519391 0.154837 -0.0600938 0
5.73939 0.519233 0.154952 -0.0582492 0
5.84256 0.519345 0.154872 -0.0573842 0
5.95019 0.519092 0.154868 -0.0566077 0
6.03627 0.519491 0.155057 -0.0553871 0
6.12544 0.519206 0.154806 -0.0533475 0
6.22996 0.519277 0.155453 -0.0539205 0
6.31876 0.518957 0.155274 -0.0519014 0
6.42173 0.518871 0.155365 -0.0515111 0
6.51141 0.518629 0.155318 -0.0514396 0
6.60888 0.518728 0.155251 -0.0504066 0
6.70563 0.518727 0.155201 -0.0496758 0
6.80949 0.518728 0.155141 -0.0490906 0
6.90755 0.518866 0.155369 -0.0488473 0
7.00177 0.518907 0.155238 -0.047715 1
7.09944 0.518771 0.155212 -0.0467497 1
7.19798 0.518695 0.155244 -0.0451465 1
7.31565 0.518633 0.155226 -0.0452267 1
7.41893 0.518578 0.155021 -0.0446381 1
7.53227 0.51876 0.154942 -0.0443456 1
7.64029 0.518635 0.155148 -0.0453109 1
7.75077 0.51845 0.154986 -0.0444861 1
7.85971 0.519064 0.15511 -0.0443133 1
7.96241 0.519084 0.155021 -0.0446083 1
8.04748 0.519572 0.154948 -0.0447152 1
8.14858 0.520384 0.154711 -0.0432524 1
8.23292 0.520926 0.154573 -0.0443093 1
8.33888 0.522228 0.154912 -0.0447704 1
8.43397 0.522793 0.155148 -0.0457648 1
8.53546 0.524464 0.15505 -0.0449026 1
8.63097 0.526031 0.155337 -0.0450839 1
8.72506 0.527714 0.155113 -0.0446791 1
8.83115 0.529391 0.154892 -0.0437872 1
8.92916 0.531431 0.154734 -0.0427002 1
9.03942 0.532901 0.155313 -0.0436625 1
9.1412 0.535374 0.15505 -0.0430035 1
9.2314 0.536495 0.155081 -0.0435912 1
9.32229 0.538185 0.154872 -0.0422342 1
9.43148 0.540969 0.154691 -0.0424653 1
9.52122 0.543631 0.155164 -0.0421036 1
9.63035 0.545772 0.154957 -0.0420996 1
9.70841 0.548271 0.154674 -0.0422389 1
9.81557 0.550417 0.154913 -0.0409025 1
9.90493 0.552182 0.154701 -0.0412073 1
10.0018 0.554436 0.154551 -0.0417375 1
10.0919 0.556557 0.15428 -0.0411171 1
10.1809 0.559071 0.154695 -0.0418431 1
10.2769 0.561239 0.154471 -0.0409562 1
10.3698 0.564249 0.154197 -0.0410583 1
10.4683 0.566087 0.154321 -0.0413504 1
10.5658 0.56831 0.15426 -0.0418953 1
10.6658 0.57086 0.154322 -0.0412489 1
10.7651 0.57439 0.154209 -0.0414263 1
10.8549 0.57627 0.154115 -0.0399338 1
10.9724 0.579446 0.1543 -0.0418672 1
11.0699 0.581673 0.154121 -0.0408587 1
11.1641 0.583536 0.15376 -0.0399341 1
11.2626 0.585776 0.153718 -0.0404847 1
11.3648 0.587332 0.153357 -0.0401458 1
11.4605 0.589699 0.153195 -0.039545 1
11.5587 0.591349 0.153109 -0.039289 1
11.6491 0.592771 0.15283 -0.0380298 1
11.7466 0.594236 0.152893 -0.0394104 1
11.8351 0.59564 0.152565 -0.0386429 1
11.9391 0.597153 0.152679 -0.0395391 1
12.0409 0.598296 0.152526 -0.0389002 1
12.1414 0.599094 0.152351 -0.0385795 2
12.238 0.599993 0.152059 -0.0399921 2
12.3481 0.600507 0.152018 -0.0390803 2
12.4398 0.601195 0.152013 -0.038658 2
12.541 0.601559 0.151986 -0.0397016 2
12.6394 0.60184 0.152288 -0.0387119 2
12.7566 0.601843 0.152104 -0.0387043 2
12.8521 0.601729 0.151948 -0.0391873 2
12.9532 0.601926 0.151838 -0.0393364 2
13.0504 0.601817 0.151497 -0.039646 2
13.1499 0.602005 0.150984 -0.0392179 2
13.242 0.602259 0.150248 -0.0380641 2
13.335 0.602306 0.149933 -0.038946 2
13.4308 0.60258 0.148821 -0.0384391 2
13.5188 0.60294 0.147982 -0.0371998 2
13.6286 0.603349 0.146856 -0.0383676 2
13.7357 0.603812 0.14601 -0.0384424 2
13.8303 0.604059 0.144678 -0.0386747 2
13.9328 0.604403 0.142681 -0.0368403 2
14.0368 0.605198 0.141382 -0.0370503 2
14.1338 0.606045 0.139718 -0.0364689 2
14.2353 0.606238 0.137777 -0.0370062 2
14.3315 0.606682 0.136141 -0.0375006 2
14.4349 0.606776 0.134045 -0.0384926 2
14.5324 0.60803 0.131556 -0.0360498 2
14.6255 0.608134 0.130103 -0.0359805 2
14.7156 0.608813 0.127971 -0.036368 2
14.8172 0.609276 0.125965 -0.0376088 2
14.9248 0.609786 0.123298 -0.0362966 2
15.0312 0.610975 0.119829 -0.034515 2
15.1324 0.610971 0.117716 -0.0366362 2
15.2122 0.611911 0.115244 -0.0367916 2
15.317 0.612507 0.112334 -0.0362175 2
15.4314 0.613683 0.108768 -0.0359925 2
15.5335 0.614084 0.105943 -0.0367037 2
15.6272 0.614792 0.103348 -0.0365501 2
15.7172 0.614785 0.100155 -0.0372058 2
15.8074 0.616128 0.097241 -0.0369812 2
15.9161 0.616924 0.0935904 -0.034544 2
16.0151 0.617358 0.0899057 -0.0354844 2
16.1107 0.617799 0.0865752 -0.0346193 2
16.2119 0.618847 0.0833234 -0.0356824 2
16.3144 0.619327 0.0797185 -0.0339214 2
16.3986 0.620513 0.0763182 -0.0341186 2
16.5004 0.620511 0.0726661 -0.0342259 2
16.5943 0.620548 0.068958 -0.0357512 2
16.6889 0.621736 0.0655954 -0.034416 2
16.7836 0.622007 0.0619414 -0.0364662 2
16.8948 0.622904 0.0570326 -0.0329603 2
16.9839 0.623224 0.0534002 -0.0354446 2
17.0787 0.623838 0.0499549 -0.0350852 2
17.1775 0.624066 0.0450102 -0.0330377 2
17.281 0.624128 0.0415091 -0.0367103 2
17.3812 0.625232 0.0365096 -0.0336154 2
17.4913 0.625198 0.0318401 -0.035233 2
17.5851 0.625907 0.027665 -0.0350434 2
17.6875 0.626137 0.0241982 -0.0348667 2
17.7855 0.626367 0.0194339 -0.0340848 2
17.8843 0.626424 0.0146946 -0.0332116 2
17.9794 0.626837 0.0103517 -0.0342935 2
18.0769 0.627408 0.00614464 -0.0328468 2
18.1724 0.628101 0.0015997 -0.0330375 2
18.2789 0.627624 -0.00318488 -0.0334883 2
18.3677 0.6272 -0.00730109 -0.0341744 2
18.4654 0.628067 -0.0122949 -0.0316079 2
18.5656 0.628449 -0.0156373 -0.0323561 2
18.67 0.628193 -0.0213719 -0.0334438 2
18.7646 0.627376 -0.02562 -0.0342288 2
18.8602 0.62882 -0.0298201 -0.0328838 2
18.9622 0.627719 -0.0350594 -0.0346519 2
19.0662 0.627518 -0.0389934 -0.0345169 2
19.1588 0.627507 -0.0439163 -0.0346931 2
19.2457 0.627659 -0.0480942 -0.0353418 2
19.3472 0.62695 -0.0528816 -0.0343172 2
19.4501 0.626302 -0.0573466 -0.0361336 2
19.5445 0.626005 -0.0611359 -0.0363258 2
19.6454 0.625526 -0.0659804 -0.0365255 2
19.7471 0.626216 -0.071658 -0.0315947 2
19.8471 0.625387 -0.0762494 -0.0335553 2
19.9527 0.624968 -0.0803873 -0.0344928 2
20.0446 0.624073 -0.0847444 -0.0354268 2
20.1395 0.624054 -0.0884592 -0.0337265 2
20.2476 0.623354 -0.0933995 -0.0324674 2
20.3417 0.622979 -0.0972097 -0.0312555 2
20.4457 0.622143 -0.102036 -0.0290782 2
20.5378 0.621618 -0.105115 -0.0278128 2
20.6401 0.620298 -0.109981 -0.026992 2
20.7407 0.619955 -0.113022 -0.0263905 2
20.8366 0.619256 -0.116822 -0.0260959 2
20.956 0.617705 -0.121199 -0.0264323 2
21.0622 0.617368 -0.125538 -0.0254451 2
21.1626 0.616635 -0.129613 -0.0246992 2
21.2566 0.616022 -0.132956 -0.0243697 2
21.3719 0.615577 -0.136873 -0.0243494 2
21.4763 0.61424 -0.140774 -0.0241193 2
21.5797 0.613548 -0.144159 -0.0239984 2
21.6896 0.612806 -0.148494 -0.024721 2
21.7816 0.612349 -0.151423 -0.025275 2
21.8911 0.611468 -0.155622 -0.0238301 2
21.9824 0.610539 -0.158585 -0.0248196 2
22.0836 0.610568 -0.161611 -0.0237509 2
22.1861 0.60996 -0.16471 -0.0235375 2
22.2797 0.608817 -0.16778 -0.0246692 2
22.3922 0.608035 -0.170328 -0.0262079 2
22.4831 0.607485 -0.173282 -0.0264494 2
22.5886 0.607122 -0.176359 -0.0266526 2
22.6912 0.606786 -0.179307 -0.0265198 2
22.7912 0.606075 -0.181348 -0.0262574 2
22.8982 0.60539 -0.18419 -0.0273677 2
22.9884 0.604456 -0.186116 -0.0268402 2
23.0895 0.604427 -0.188562 -0.026691 2
23.1911 0.602197 -0.190279 -0.0271677 2
23.2932 0.601793 -0.192581 -0.0280382 2
23.3841 0.601745 -0.194272 -0.028258 2
23.4929 0.601119 -0.195689 -0.0278771 2
23.5895 0.600868 -0.197625 -0.0284775 2
23.7015 0.599643 -0.199333 -0.0273061 2
23.8148 0.599126 -0.200673 -0.0272564 2
23.914 0.598428 -0.201239 -0.0283894 2
24.023 0.597682 -0.202473 -0.0268365 2
24.1295 0.597931 -0.203497 -0.0252587 3
24.2308 0.5975 -0.204531 -0.0260416 3
24.3313 0.597 -0.205193 -0.0263805 3
24.4258 0.597277 -0.205405 -0.025449 3
24.521 0.597093 -0.205655 -0.0246475 3
24.6276 0.596851 -0.205795 -0.0245927 3
24.7373 0.596879 -0.205796 -0.025427 3
24.8669 0.596933 -0.205853 -0.0250547 3
24.9565 0.596237 -0.206032 -0.0256545 3
25.0517 0.596938 -0.205623 -0.0244451 3
25.1442 0.596587 -0.206016 -0.0252813 3
25.2442 0.596674 -0.205818 -0.0252178 3
25.3552 0.596854 -0.205641 -0.0245702 3
25.4761 0.596861 -0.205904 -0.0243953 3
25.5741 0.596437 -0.206199 -0.0248759 3
25.6741 0.597007 -0.206585 -0.0239892 3
25.7686 0.596897 -0.206484 -0.023852 3
25.8619 0.596658 -0.207429 -0.0250613 3
25.9501 0.597136 -0.207461 -0.0237135 3
26.0532 0.596642 -0.207758 -0.0233523 3
26.1371 0.596861 -0.20779 -0.0237993 3
26.2338 0.596797 -0.207968 -0.0226161 3
26.3364 0.596655 -0.20802 -0.0229134 3
26.4282 0.596038 -0.208388 -0.0232563 3
26.5135 0.596498 -0.208789 -0.0214775 3
26.6095 0.596149 -0.208754 -0.0211703 3
26.7222 0.596806 -0.209019 -0.0217926 3
26.8197 0.596397 -0.209091 -0.0205853 3
26.9307 0.596255 -0.209329 -0.0210337 3
27.0276 0.596209 -0.209588 -0.0193736 4
27.1158 0.595657 -0.209896 -0.0191045 4
27.2073 0.595437 -0.209579 -0.0186653 4
27.3025 0.596221 -0.210088 -0.0181288 4
27.4025 0.595425 -0.209907 -0.0179674 4
27.4998 0.595728 -0.210065 -0.017378 4
27.5959 0.596044 -0.210261 -0.0174912 4
27.6948 0.59543 -0.210338 -0.0167057 4
27.8206 0.596219 -0.210573 -0.0165713 4
27.9312 0.596331 -0.210496 -0.0171727 4
28.024 0.595722 -0.210497 -0.0177061 4
28.1057 0.596348 -0.210434 -0.0166354 4
28.2157 0.596503 -0.209701 -0.0165809 4
28.3067 0.595888 -0.208563 -0.0168183 4
28.4067 0.596084 -0.206962 -0.0169897 4
28.5107 0.596163 -0.205678 -0.0184574 4
28.6079 0.596648 -0.204366 -0.0195732 4
28.7272 0.596347 -0.202207 -0.0187897 4
28.8132 0.597131 -0.200659 -0.0163479 4
28.9236 0.59695 -0.197778 -0.0206881 4
29.0209 0.596694 -0.195693 -0.0193283 4
29.1247 0.596607 -0.193183 -0.0210546 4
29.2168 0.596311 -0.191053 -0.0211969 4
29.3134 0.597086 -0.188378 -0.0215998 4
29.4048 0.596249 -0.187867 -0.0244307 4
29.5015 0.596872 -0.18489 -0.0249925 4
29.6093 0.597076 -0.182754 -0.0250207 4
29.702 0.596571 -0.180512 -0.0259811 4
29.7932 0.596728 -0.178865 -0.0267866 4
29.8912 0.596679 -0.177576 -0.028243 4
29.9986 0.597204 -0.175477 -0.0290441 4
30.0868 0.597337 -0.173283 -0.0293375 4
30.183 0.597315 -0.171467 -0.0290398 4
30.2699 0.59655 -0.169892 -0.0272296 4
30.3749 0.596967 -0.168361 -0.0254025 4
30.4817 0.596739 -0.166383 -0.0259062 4
30.5839 0.596782 -0.165041 -0.025462 4
30.6735 0.596167 -0.164382 -0.0264658 5
30.7699 0.596227 -0.164392 -0.0253868 5
30.8862 0.596218 -0.163263 -0.0251487 5
31.0121 0.59647 -0.163269 -0.024977 5
31.098 0.596643 -0.165863 -0.0242624 5
31.2048 0.59657 -0.167562 -0.0241449 5
31.3018 0.596461 -0.166797 -0.0236386 5
31.4266 0.596765 -0.167053 -0.0257027 5
31.5112 0.596668 -0.167007 -0.0253275 5
31.6195 0.596874 -0.167714 -0.0250426 5
31.7103 0.597117 -0.167485 -0.0253302 5
31.8272 0.597374 -0.16735 -0.0248266 5
31.9239 0.597402 -0.1677 -0.0252652 5
32.056 0.59798 -0.167543 -0.0247249 5
32.1372 0.597925 -0.167852 -0.0242716 5
32.2476 0.59838 -0.167852 -0.0237297 5
32.3405 0.598112 -0.169089 -0.0245089 5
32.4675 0.598667 -0.169336 -0.0226158 5
32.56 0.597909 -0.169364 -0.0243456 5
32.6842 0.598324 -0.169305 -0.0248975 5
32.776 0.598494 -0.169623 -0.0254834 5
32.8843 0.598517 -0.169785 -0.0252338 5
32.9978 0.598824 -0.170616 -0.0243519 5
33.1215 0.599245 -0.170597 -0.0251819 5
33.2152 0.599164 -0.171342 -0.0254695 5
33.3373 0.599512 -0.171771 -0.0259029 5
33.4321 0.599705 -0.172406 -0.0262089 5
33.5265 0.599811 -0.172142 -0.027074 5
33.6316 0.600399 -0.171942 -0.0278681 5
33.7401 0.600692 -0.171755 -0.0277413 5
33.8485 0.600806 -0.17226 -0.0275782 5
33.966 0.601288 -0.172829 -0.0274559 5
34.0602 0.601573 -0.173238 -0.0294258 5
34.1878 0.601657 -0.173912 -0.0284384 5
34.2783 0.601989 -0.174227 -0.0277872 5
34.3871 0.602122 -0.174794 -0.0288482 5
34.4952 0.60204 -0.175055 -0.0277933 5
34.6178 0.601909 -0.175511 -0.0292524 5
34.7231 0.602213 -0.175092 -0.0290135 5
34.825 0.602418 -0.175442 -0.0297096 5
34.9272 0.603728 -0.176344 -0.0294104 5
35.0234 0.60322 -0.176545 -0.0295231 5
35.132 0.604024 -0.176884 -0.0299568 5
35.238 0.602508 -0.176072 -0.0301649 5
35.3423 0.60423 -0.176367 -0.0291318 5
35.4399 0.603317 -0.176056 -0.0306123 5
35.561 0.602411 -0.175779 -0.0296033 5
35.6595 0.602588 -0.177503 -0.0302639 5
35.7822 0.602053 -0.177505 -0.0294616 6
35.873 0.602467 -0.177137 -0.0298105 6
35.975 0.603552 -0.177227 -0.0293596 6
36.09 0.602297 -0.177052 -0.029135 6
36.1918 0.603005 -0.177111 -0.0288734 6
36.2969 0.602295 -0.177349 -0.0278092 6
36.4261 0.603441 -0.177742 -0.0283113 6
36.5139 0.603311 -0.177248 -0.028058 6
36.6177 0.603556 -0.177414 -0.0274596 6
36.7105 0.602823 -0.177489 -0.0285858 6
36.8231 0.602944 -0.17761 -0.0274437 6
36.9329 0.602726 -0.177389 -0.0283362 6
37.0569 0.603885 -0.17728 -0.0281153 6
37.1554 0.603535 -0.176876 -0.0270303 6
37.2665 0.603978 -0.177548 -0.0284463 6
37.3749 0.603479 -0.177408 -0.0269872 6
37.4686 0.602545 -0.176908 -0.0282751 6
37.5783 0.604539 -0.177667 -0.0287127 6
37.6822 0.603411 -0.176883 -0.0277543 6
37.7772 0.604722 -0.177302 -0.028734 6
37.8659 0.603966 -0.177649 -0.0281763 6
37.963 0.603261 -0.177723 -0.0274852 6
38.0639 0.605313 -0.177837 -0.027207 6
