-1.19209e-06 0.523038 -0.126511 0.172144
0.103712 0.523035 -0.126509 0.172138
0.245441 0.523043 -0.126521 0.172136
0.400518 0.523048 -0.126492 0.172172
0.523028 0.523053 -0.126491 0.172155
0.639834 0.523052 -0.126514 0.172177
0.743109 0.523037 -0.126499 0.172147
0.864193 0.52305 -0.126493 0.172145
1.00606 0.523053 -0.1265 0.172173
1.12937 0.523039 -0.126524 0.172156
1.24205 0.523061 -0.126481 0.172162
1.37938 0.523049 -0.126488 0.172165
1.50398 0.523054 -0.126484 0.172141
1.61921 0.523035 -0.126498 0.172158
1.74651 0.523048 -0.126498 0.172152
1.91992 0.523047 -0.126512 0.172177
2.05964 0.523029 -0.126503 0.17213
2.18542 0.52305 -0.126487 0.172143
2.33062 0.523028 -0.126511 0.172153
2.47335 0.523035 -0.126504 0.172138
2.57889 0.523045 -0.126504 0.17215
2.69757 0.523034 -0.126511 0.17213
2.8119 0.523034 -0.126498 0.172157
2.97566 0.52307 -0.126513 0.172293
3.14113 0.523243 -0.126797 0.173206
3.28552 0.523394 -0.127155 0.174098
3.44604 0.523542 -0.127405 0.174873
3.59219 0.523579 -0.127486 0.175143
3.76508 0.523729 -0.12766 0.175844
3.90881 0.523805 -0.127863 0.176314
4.03549 0.523903 -0.128014 0.1769
4.1658 0.523992 -0.128143 0.177248
4.32402 0.524051 -0.128289 0.177656
4.46736 0.524163 -0.128473 0.178237
4.63486 0.524261 -0.12863 0.178821
4.79338 0.524355 -0.128891 0.179466
4.95534 0.524502 -0.12908 0.180175
5.12012 0.524622 -0.129309 0.18083
5.28101 0.524754 -0.129528 0.181485
5.43596 0.524855 -0.129721 0.182008
5.5948 0.524986 -0.129949 0.182718
5.76144 0.52498 -0.130052 0.182916
5.91596 0.52516 -0.130311 0.183758
6.07233 0.525249 -0.130485 0.184214
6.20643 0.525352 -0.130659 0.184813
6.35546 0.525478 -0.130935 0.185614
6.50321 0.52561 -0.131212 0.186341
6.66748 0.525748 -0.131463 0.187166
6.83021 0.525866 -0.131684 0.187901
6.98346 0.526 -0.131891 0.188396
7.13357 0.526133 -0.132168 0.18919
7.30279 0.526266 -0.132403 0.189926
7.46036 0.526327 -0.132593 0.190421
7.62832 0.526524 -0.132875 0.191337
7.78535 0.526619 -0.13306 0.191883
7.94493 0.526657 -0.133292 0.192292
8.11364 0.52681 -0.13351 0.193137
8.24916 0.526898 -0.133679 0.193584
8.41147 0.527025 -0.133915 0.194269
8.57429 0.527141 -0.134156 0.194939
8.74439 0.527284 -0.134394 0.195722
8.91776 0.527411 -0.134711 0.196644
9.08437 0.527507 -0.134987 0.19738
9.24527 0.527665 -0.135259 0.198152
9.4009 0.527739 -0.135408 0.198524
9.53787 0.527875 -0.135579 0.199206
9.69861 0.527984 -0.135844 0.199859
9.86764 0.528058 -0.13605 0.200377
10.0109 0.528169 -0.136304 0.20116
10.1531 0.52823 -0.136433 0.201415
10.325 0.528355 -0.136626 0.202134
10.4701 0.528504 -0.136892 0.202971
10.6251 0.528629 -0.137129 0.203673
10.7797 0.528677 -0.137361 0.204151
10.9326 0.528804 -0.137549 0.204838
11.073 0.528954 -0.137825 0.205455
11.2468 0.529092 -0.138097 0.206363
11.411 0.529171 -0.138399 0.207192
11.582 0.529309 -0.138667 0.207952
11.7374 0.529407 -0.138956 0.2087
11.9044 0.529537 -0.139227 0.209492
12.0715 0.529645 -0.139505 0.210232
12.2353 0.529764 -0.139731 0.210865
12.398 0.529884 -0.139989 0.211571
12.5775 0.530025 -0.140252 0.212237
12.7552 0.530122 -0.140473 0.212976
12.8981 0.530177 -0.140637 0.213304
13.0684 0.530308 -0.140912 0.214129
13.2393 0.530374 -0.141124 0.214636
13.4077 0.530486 -0.141346 0.215283
13.5846 0.53064 -0.141642 0.216176
13.751 0.530786 -0.141906 0.216987
13.9314 0.530905 -0.142183 0.217716
14.0834 0.530975 -0.142457 0.218293
14.2369 0.531091 -0.142615 0.218915
14.3975 0.531169 -0.142831 0.219484
14.5692 0.531316 -0.143161 0.220393
14.7057 0.531355 -0.14332 0.220755
14.8632 0.53145 -0.143594 0.221489
15.0386 0.53153 -0.14384 0.222091
15.1958 0.531665 -0.14405 0.222718
15.3608 0.531804 -0.144329 0.223643
15.5232 0.531886 -0.144566 0.224205
15.6709 0.532008 -0.144869 0.2251
15.8524 0.532116 -0.145121 0.225685
16.0156 0.532168 -0.145387 0.226302
16.1826 0.532272 -0.145571 0.226875
16.3481 0.532371 -0.145825 0.227526
16.4991 0.532462 -0.146009 0.22813
16.6535 0.532588 -0.146333 0.228919
16.8085 0.532706 -0.146563 0.229603
16.9676 0.532709 -0.146748 0.229926
17.1342 0.532796 -0.146904 0.230446
17.3081 0.532925 -0.14733 0.231594
17.4968 0.533042 -0.147548 0.232255
17.6508 0.533131 -0.147836 0.232976
17.8083 0.53328 -0.148128 0.233773
17.964 0.533375 -0.148354 0.234381
18.1091 0.533397 -0.148458 0.234595
18.2539 0.533368 -0.148449 0.234608
18.3945 0.533386 -0.148458 0.234643
18.5253 0.533388 -0.148446 0.234644
18.6513 0.533383 -0.148475 0.234648
18.7917 0.533393 -0.148479 0.234674
