7.03335e-05 0.452377 0.0600912 0.168373 0 0
0.0894992 0.452381 0.060085 0.168376 0 0
0.186642 0.452378 0.0601001 0.168395 0 0
0.298697 0.45238 0.0600981 0.168378 0 0
0.404278 0.452352 0.0600805 0.168355 0 0
0.509885 0.452366 0.0600974 0.168368 0 0
0.59994 0.452375 0.0600828 0.168376 0 0
0.702706 0.452383 0.060113 0.168385 0 0
0.802687 0.452373 0.0600956 0.168382 0 0
0.90344 0.452366 0.0600839 0.168359 0 0
1.00464 0.452371 0.0601038 0.168387 0 0
1.11564 0.452369 0.0600984 0.168352 0 0
1.20903 0.452367 0.0600775 0.168352 0 0
1.32264 0.452378 0.0600829 0.168379 0 0
1.41278 0.452364 0.0600783 0.168362 0 0
1.51727 0.452364 0.060092 0.168346 0 0
1.60814 0.452364 0.0601024 0.168366 0 0
1.73289 0.452365 0.0600889 0.168366 0 0
1.83875 0.452366 0.0600929 0.168381 0 0
1.93747 0.452368 0.0600833 0.168369 0 0
2.06245 0.452358 0.0600953 0.168371 0 0
2.14257 0.45237 0.0600863 0.16837 0 0
2.23575 0.452363 0.0600917 0.168358 0 0
2.33966 0.452376 0.0600787 0.168371 0 0
2.43776 0.452352 0.0600966 0.168358 0 0
2.54843 0.452372 0.0601064 0.168389 0 0
2.6456 0.452381 0.0600928 0.168397 0 0
2.74424 0.452358 0.0600918 0.168434 0 0
2.84597 0.452408 0.0600924 0.168777 0 0
2.95034 0.452465 0.0601111 0.169293 0 0
3.0518 0.452506 0.0600848 0.169873 0 0
3.15519 0.452586 0.0601138 0.170607 0 0
3.24742 0.452642 0.0601192 0.171283 0 0
3.34869 0.452747 0.0601415 0.172301 0 0
3.45029 0.452843 0.060156 0.173361 0 0
3.54805 0.452927 0.0601892 0.174313 0 0
3.64498 0.453048 0.0601902 0.175562 0 0
3.74181 0.453128 0.0601979 0.17679 0 0
3.8445 0.453229 0.0602216 0.178188 0 0
3.95215 0.453319 0.0602243 0.179671 0 0
4.04322 0.453399 0.0602176 0.180994 0 0
4.14578 0.45352 0.0602429 0.182594 0 0
4.24375 0.453613 0.0602514 0.184294 0 0
4.34814 0.453729 0.0602501 0.186077 0 0
4.44826 0.453814 0.0602584 0.18772 0 0
4.55068 0.453864 0.0602398 0.189516 0 0
4.64717 0.453964 0.0602544 0.191254 0 0
4.75116 0.454037 0.0602276 0.193193 0 0
4.84385 0.454096 0.0602211 0.19484 0 0
4.95035 0.454176 0.0602142 0.196989 0 0
5.05676 0.454178 0.0601761 0.198835 0 0
5.14989 0.454215 0.060147 0.200674 0 0
5.24908 0.454213 0.0601231 0.20244 0 0
5.34957 0.45421 0.0601008 0.20443 0 0
5.44485 0.454252 0.0600886 0.206254 0 0
5.54579 0.454224 0.0600241 0.208016 0 0
5.64024 0.454237 0.0600079 0.20975 0 0
5.73939 0.454195 0.0599449 0.211477 0 0
5.84256 0.454163 0.0598961 0.213442 0 0
5.95019 0.454128 0.0598629 0.215209 0 0
6.03627 0.454073 0.0597731 0.216647 0 0
6.12544 0.454049 0.0597453 0.218058 0 0
6.22996 0.454009 0.0597135 0.219701 0 0
6.31876 0.453954 0.0596538 0.220954 0 0
6.42173 0.453898 0.0596097 0.222447 0 0
6.51141 0.453809 0.0595843 0.223607 0 0
6.60888 0.453755 0.0594988 0.224813 0 0
6.70563 0.453683 0.0594597 0.225867 0 0
6.80949 0.453648 0.0594125 0.227017 0 0
6.90755 0.453603 0.0593958 0.228024 0 0
7.00177 0.453568 0.0593603 0.22876 0 1
7.09944 0.453522 0.0593316 0.229445 0 1
7.19798 0.453481 0.0592972 0.230064 0 1
7.31565 0.453446 0.0592716 0.230591 0 1
7.41893 0.45342 0.0592584 0.230904 0 1
7.53227 0.453412 0.0592445 0.231049 0 1
7.64029 0.45341 0.0592381 0.231061 0 1
7.75077 0.453458 0.0592544 0.231059 0 1
7.85971 0.453793 0.0592497 0.23116 0 1
7.96241 0.454337 0.0592644 0.231223 0 1
8.04748 0.45485 0.0593181 0.231246 0 1
8.14858 0.455653 0.0593156 0.231262 0 1
8.23292 0.456431 0.0593685 0.231324 0 1
8.33888 0.457584 0.0594232 0.231481 0 1
8.43397 0.458788 0.0594599 0.231597 0 1
8.53546 0.460276 0.0595322 0.231726 0 1
8.63097 0.461697 0.0595865 0.231844 0 1
8.72506 0.463263 0.0596742 0.231929 0 1
8.83115 0.465087 0.0597297 0.232045 0 1
8.92916 0.466868 0.0597769 0.232219 0 1
9.03942 0.469066 0.0598654 0.232384 0 1
9.1412 0.471211 0.0598933 0.232581 0 1
9.2314 0.473105 0.0599179 0.232705 0 1
9.32229 0.475005 0.059938 0.232746 0 1
9.43148 0.477525 0.0599678 0.232839 0 1
9.52122 0.4796 0.0599643 0.232956 0 1
9.63035 0.482287 0.0600715 0.233118 0 1
9.70841 0.484211 0.0600777 0.233197 0 1
9.81557 0.486743 0.0600951 0.233284 0 1
9.90493 0.488906 0.0600704 0.233258 0 1
10.0018 0.491315 0.0600098 0.233342 0 1
10.0919 0.493715 0.0599838 0.233343 0 1
10.1809 0.49596 0.0599472 0.233432 0 1
10.2769 0.49834 0.059944 0.233462 0 1
10.3698 0.500491 0.0599042 0.233475 0 1
10.4683 0.503072 0.0598705 0.233427 0 1
10.5658 0.505466 0.0597964 0.233445 0 1
10.6658 0.507821 0.0597134 0.233438 0 1
10.7651 0.51029 0.0595695 0.233389 0 1
10.8549 0.512324 0.0595042 0.23337 0 1
10.9724 0.515062 0.0594022 0.233301 0 1
11.0699 0.517205 0.0593127 0.233232 0 1
11.1641 0.519227 0.0592403 0.233123 0 1
11.2626 0.521211 0.0591602 0.233053 0 1
11.3648 0.523212 0.059025 0.232898 0 1
11.4605 0.524856 0.0589152 0.232865 0 1
11.5587 0.526708 0.0587725 0.232799 0 1
11.6491 0.528175 0.0586488 0.232727 0 1
11.7466 0.529673 0.0585691 0.232624 0 1
11.8351 0.531024 0.0585089 0.232545 0 1
11.9391 0.532391 0.0584391 0.232472 0 1
12.0409 0.533484 0.058382 0.232373 0 1
12.1414 0.534503 0.0582982 0.232321 0 2
12.238 0.535308 0.0582412 0.232198 0 2
12.3481 0.535994 0.0581649 0.232155 0 2
12.4398 0.536456 0.0581477 0.232132 0 2
12.541 0.536753 0.05811 0.232124 0 2
12.6394 0.536898 0.058109 0.232172 0 2
12.7566 0.536899 0.0580959 0.232137 0 2
12.8521 0.536877 0.0580897 0.232118 0 2
12.9532 0.536945 0.05783 0.232142 0 2
13.0504 0.53711 0.0574636 0.232138 0 2
13.1499 0.537265 0.0569468 0.232143 0 2
13.242 0.537456 0.0564254 0.232157 0 2
13.335 0.537703 0.0557732 0.232199 0 2
13.4308 0.537971 0.0549639 0.232175 0 2
13.5188 0.538258 0.0541279 0.232216 0 2
13.6286 0.538639 0.0529818 0.232238 0 2
13.7357 0.539063 0.0517901 0.232311 0 2
13.8303 0.539455 0.0505736 0.23229 0 2
13.9328 0.539966 0.0490576 0.232316 0 2
14.0368 0.540496 0.047453 0.232373 0 2
14.1338 0.540992 0.0459074 0.232362 0 2
14.2353 0.541562 0.0441508 0.2324 0 2
14.3315 0.542133 0.0423332 0.232437 0 2
14.4349 0.542708 0.0404224 0.232432 0 2
14.5324 0.543386 0.0383622 0.232508 0 2
14.6255 0.54399 0.0365099 0.232546 0 2
14.7156 0.544618 0.0343115 0.232577 0 2
14.8172 0.545286 0.0321287 0.232621 0 2
14.9248 0.546081 0.0293718 0.232665 0 2
15.0312 0.546817 0.0267284 0.232649 0 2
15.1324 0.547588 0.0240203 0.232728 0 2
15.2122 0.548151 0.0217701 0.232742 0 2
15.317 0.548947 0.0189654 0.232812 0 2
15.4314 0.549801 0.0156743 0.232842 0 2
15.5335 0.550587 0.012612 0.232899 0 2
15.6272 0.551272 0.00988079 0.23296 0 2
15.7172 0.552003 0.00686058 0.232974 0 2
15.8074 0.552666 0.00407485 0.23298 0 2
15.9161 0.553508 0.00034114 0.233043 0 2
16.0151 0.554251 -0.00283639 0.233139 0 2
16.1107 0.554945 -0.00618301 0.233158 0 2
16.2119 0.55575 -0.00978604 0.233202 0 2
16.3144 0.55648 -0.0134853 0.233241 0 2
16.3986 0.557047 -0.0164027 0.233276 0 2
16.5004 0.557804 -0.0203137 0.233366 0 2
16.5943 0.558425 -0.0239493 0.233385 0 2
16.6889 0.559016 -0.0272697 0.233409 0 2
16.7836 0.559668 -0.0310536 0.23347 0 2
16.8948 0.560365 -0.0354229 0.233438 0 2
16.9839 0.560918 -0.0390049 0.233522 0 2
17.0787 0.561485 -0.042837 0.233574 0 2
17.1775 0.562078 -0.0471007 0.233613 0 2
17.281 0.56259 -0.0511284 0.233651 0 2
17.3812 0.563103 -0.0554196 0.233625 0 2
17.4913 0.563685 -0.0602821 0.233743 0 2
17.5851 0.564075 -0.063992 0.233725 0 2
17.6875 0.56453 -0.0684158 0.233798 0 2
17.7855 0.56487 -0.072721 0.233767 0 2
17.8843 0.565244 -0.0772457 0.233762 0 2
17.9794 0.56556 -0.081498 0.233832 0 2
18.0769 0.565819 -0.0857972 0.233871 0 2
18.1724 0.566078 -0.0900936 0.233876 0 2
18.2789 0.566284 -0.0948427 0.233882 0 2
18.3677 0.566466 -0.0987592 0.233898 0 2
18.4654 0.566651 -0.103113 0.23391 0 2
18.5656 0.566764 -0.107921 0.233939 0 2
18.67 0.566826 -0.112626 0.233982 0 2
18.7646 0.566877 -0.117054 0.234017 0 2
18.8602 0.566887 -0.121476 0.234036 0 2
18.9622 0.566867 -0.126224 0.233992 0 2
19.0662 0.566783 -0.130704 0.234006 0 2
19.1588 0.566672 -0.135101 0.233973 0 2
19.2457 0.566553 -0.139079 0.234029 0 2
19.3472 0.566376 -0.143902 0.234066 0 2
19.4501 0.566141 -0.148622 0.234017 0 2
19.5445 0.565934 -0.152543 0.23408 0 2
19.6454 0.565621 -0.157351 0.234032 0 2
19.7471 0.565314 -0.162044 0.234107 0 2
19.8471 0.56496 -0.166402 0.234107 0 2
19.9527 0.564543 -0.17107 0.234084 0 2
20.0446 0.564153 -0.175261 0.234014 0 2
20.1395 0.563722 -0.179261 0.234003 0 2
20.2476 0.563208 -0.184153 0.234068 0 2
20.3417 0.562718 -0.188288 0.234028 0 2
20.4457 0.562122 -0.192781 0.233961 0 2
20.5378 0.561624 -0.196519 0.233938 0 2
20.6401 0.560979 -0.200994 0.233958 0 2
20.7407 0.560411 -0.20495 0.233966 0 2
20.8366 0.559778 -0.208954 0.233975 0 2
20.956 0.558966 -0.213892 0.233931 0 2
21.0622 0.558255 -0.218007 0.233878 0 2
21.1626 0.557499 -0.222141 0.233875 0 2
21.2566 0.556837 -0.225791 0.233936 0 2
21.3719 0.555972 -0.230158 0.233856 0 2
21.4763 0.555248 -0.233706 0.233872 0 2
21.5797 0.55442 -0.237577 0.233797 0 2
21.6896 0.553653 -0.241314 0.233754 0 2
21.7816 0.552877 -0.244938 0.233771 0 2
21.8911 0.55197 -0.248824 0.233749 0 2
21.9824 0.551178 -0.252087 0.233713 0 2
22.0836 0.550463 -0.255091 0.233714 0 2
22.1861 0.549639 -0.258237 0.233641 0 2
22.2797 0.548942 -0.261148 0.233629 0 2
22.3922 0.54807 -0.264634 0.233643 0 2
22.4831 0.547345 -0.267355 0.23364 0 2
22.5886 0.546564 -0.270283 0.233549 0 2
22.6912 0.545747 -0.273114 0.233525 0 2
22.7912 0.54508 -0.275523 0.233509 0 2
22.8982 0.544348 -0.277972 0.233467 0 2
22.9884 0.543703 -0.280223 0.233449 0 2
23.0895 0.542992 -0.282702 0.233457 0 2
23.1911 0.542343 -0.284871 0.233501 0 2
23.2932 0.541687 -0.286987 0.233454 0 2
23.3841 0.541168 -0.288734 0.233425 0 2
23.4929 0.540575 -0.290611 0.233366 0 2
23.5895 0.54003 -0.292301 0.233382 0 2
23.7015 0.539485 -0.294033 0.233374 0 2
23.8148 0.538982 -0.295567 0.233341 0 2
23.914 0.538549 -0.296887 0.233358 0 2
24.023 0.538176 -0.298044 0.233318 0 2
24.1295 0.537807 -0.299104 0.233287 0 3
24.2308 0.537548 -0.299924 0.233278 0 3
24.3313 0.537286 -0.300672 0.233308 0 3
24.4258 0.537198 -0.301118 0.233307 0 3
24.521 0.537048 -0.301499 0.233303 0 3
24.6276 0.53696 -0.301772 0.233281 0 3
24.7373 0.536939 -0.301879 0.233277 0 3
24.8669 0.536901 -0.301899 0.233258 0 3
24.9565 0.536942 -0.301877 0.233273 0 3
25.0517 0.53695 -0.301936 0.233435 0 3
25.1442 0.536967 -0.301945 0.233703 0 3
25.2442 0.536969 -0.30202 0.234151 0 3
25.3552 0.536985 -0.30207 0.23468 0 3
25.4761 0.536956 -0.302156 0.235402 0 3
25.5741 0.536987 -0.302198 0.236017 0 3
25.6741 0.537009 -0.302266 0.236692 0 3
25.7686 0.537009 -0.302351 0.237444 0 3
25.8619 0.537009 -0.302442 0.238156 0 3
25.9501 0.537011 -0.302479 0.238873 0 3
26.0532 0.537005 -0.302576 0.239722 0 3
26.1371 0.537027 -0.30265 0.240565 0 3
26.2338 0.537012 -0.302722 0.241312 0 3
26.3364 0.53703 -0.302876 0.242302 0 3
26.4282 0.537054 -0.302918 0.243142 0 3
26.5135 0.537032 -0.303027 0.243866 0 3
26.6095 0.537034 -0.30308 0.244731 0 3
26.7222 0.537034 -0.303149 0.245657 0 3
26.8197 0.53702 -0.303238 0.246459 0 3
26.9307 0.537006 -0.303317 0.247315 0 3
27.0276 0.536984 -0.303404 0.248024 0 4
27.1158 0.536973 -0.303452 0.248579 0 4
27.2073 0.536991 -0.303485 0.249189 0 4
27.3025 0.536953 -0.303571 0.2497 0 4
27.4025 0.536978 -0.303615 0.250177 0 4
27.4998 0.536963 -0.303641 0.250558 0 4
27.5959 0.536953 -0.303638 0.250807 0 4
27.6948 0.536937 -0.303674 0.251019 0 4
27.8206 0.536919 -0.3037 0.251114 0 4
27.9312 0.53692 -0.303696 0.251117 0 4
28.024 0.536916 -0.303688 0.251099 0 4
28.1057 0.536906 -0.303429 0.250976 0 4
28.2157 0.536913 -0.302717 0.250617 0 4
28.3067 0.53697 -0.301882 0.250199 0 4
28.4067 0.537065 -0.300735 0.249699 0 4
28.5107 0.53715 -0.29935 0.249077 0 4
28.6079 0.5372 -0.298069 0.248422 0 4
28.7272 0.5373 -0.296083 0.247533 0 4
28.8132 0.537331 -0.294612 0.246832 0 4
28.9236 0.537409 -0.292577 0.245889 0 4
29.0209 0.53751 -0.29064 0.244981 0 4
29.1247 0.537566 -0.288501 0.243976 0 4
29.2168 0.537596 -0.286682 0.243169 0 4
29.3134 0.53754 -0.284538 0.242111 0 4
29.4048 0.537579 -0.282595 0.24121 0 4
29.5015 0.53766 -0.280281 0.2402 0 4
29.6093 0.537584 -0.278126 0.239105 0 4
29.702 0.537594 -0.276135 0.238207 0 4
29.7932 0.537635 -0.274281 0.237437 0 4
29.8912 0.537575 -0.272353 0.236499 0 4
29.9986 0.53748 -0.270497 0.23558 0 4
30.0868 0.537459 -0.268892 0.234844 0 4
30.183 0.537415 -0.267282 0.234049 0 4
30.2699 0.537362 -0.265897 0.233409 0 4
30.3749 0.537288 -0.264502 0.232734 0 4
30.4817 0.5372 -0.263255 0.232148 0 4
30.5839 0.537162 -0.262279 0.231696 0 4
30.6735 0.53713 -0.261573 0.23139 0 5
30.7699 0.537094 -0.261043 0.231114 0 5
30.8862 0.537094 -0.260779 0.231029 0 5
31.0121 0.537118 -0.260874 0.231087 0 5
31.098 0.537786 -0.263402 0.231546 0 5
31.2048 0.538047 -0.26488 0.231789 0 5
31.3018 0.538102 -0.264491 0.231424 0 5
31.4266 0.538215 -0.264466 0.231452 0 5
31.5112 0.538468 -0.264405 0.231195 0 5
31.6195 0.538488 -0.264406 0.231216 0 5
31.7103 0.538904 -0.264743 0.232218 0 5
31.8272 0.53893 -0.264765 0.232249 0 5
31.9239 0.539403 -0.265004 0.232432 0 5
32.056 0.539401 -0.26501 0.23245 0 5
32.1372 0.539945 -0.265503 0.232411 0 5
32.2476 0.53992 -0.265515 0.232443 0 5
32.3405 0.540208 -0.266252 0.231494 0 5
32.4675 0.540217 -0.266236 0.231463 0 5
32.56 0.540645 -0.266461 0.230484 0 5
32.6842 0.540614 -0.266496 0.230533 0 5
32.776 0.541464 -0.266947 0.229384 0 5
32.8843 0.541673 -0.267075 0.229009 0 5
32.9978 0.542109 -0.267678 0.228661 0 5
33.1215 0.542256 -0.267869 0.228585 0 5
33.2152 0.542947 -0.268466 0.226853 0 5
33.3373 0.5433 -0.268649 0.226029 0 5
33.4321 0.543856 -0.269127 0.225419 0 5
33.5265 0.543867 -0.269124 0.225453 0 5
33.6316 0.544458 -0.269328 0.224801 0 5
33.7401 0.544814 -0.269443 0.224534 0 5
33.8485 0.544939 -0.269886 0.224632 0 5
33.966 0.545236 -0.270764 0.225034 0 5
34.0602 0.545449 -0.27114 0.224677 0 5
34.1878 0.545572 -0.271498 0.224516 0 5
34.2783 0.54566 -0.272021 0.225099 0 5
34.3871 0.545748 -0.272356 0.225599 0 5
34.4952 0.545782 -0.272608 0.225237 0 5
34.6178 0.545816 -0.272811 0.225028 0 5
34.7231 0.545962 -0.272891 0.224903 0 5
34.825 0.546143 -0.273091 0.224668 0 5
34.9272 0.546316 -0.273429 0.224818 0 5
35.0234 0.54654 -0.273827 0.225029 0 5
35.132 0.546365 -0.273783 0.225113 0 5
35.238 0.545899 -0.27368 0.225329 0 5
35.3423 0.545889 -0.273673 0.225398 0 5
35.4399 0.545633 -0.273608 0.226046 0 5
35.561 0.545636 -0.273645 0.225911 0 5
35.6595 0.545573 -0.274287 0.227049 0 5
35.7822 0.545618 -0.274387 0.227275 0 6
35.873 0.54603 -0.274091 0.227908 0 6
35.975 0.546066 -0.274079 0.228049 0 6
36.09 0.546229 -0.273959 0.22823 0 6
36.1918 0.546248 -0.273889 0.228273 0 6
36.2969 0.546283 -0.273842 0.228295 0 6
36.4261 0.546319 -0.273838 0.228316 0 6
36.5139 0.546363 -0.273775 0.228352 0 6
36.6177 0.546372 -0.273756 0.228371 0 6
36.7105 0.546368 -0.273755 0.228355 0 6
36.8231 0.546377 -0.273747 0.228379 0 6
36.9329 0.546398 -0.273723 0.228353 0 6
37.0569 0.546383 -0.273727 0.228376 0 6
37.1554 0.546382 -0.273726 0.228354 0 6
37.2665 0.546405 -0.273697 0.228395 0 6
37.3749 0.546411 -0.273706 0.228371 0 6
37.4686 0.546407 -0.273698 0.228389 0 6
37.5783 0.546397 -0.273695 0.228411 0 6
37.6822 0.546416 -0.273698 0.228372 0 6
37.7772 0.546392 -0.273721 0.228426 0 6
37.8659 0.5464 -0.273706 0.228383 0 6
37.963 0.546405 -0.273697 0.228386 0 6
38.0639 0.546393 -0.273697 0.228379 0 6
