5.62668e-05 0.32064 0.131036 -0.0935949 0
0.0858896 0.320541 0.130848 -0.0930173 0
0.19303 0.320533 0.130798 -0.0939437 0
0.31048 0.320376 0.130926 -0.093654 0
0.426005 0.32056 0.130896 -0.0929976 0
0.544183 0.32026 0.13102 -0.0944642 0
0.634822 0.320451 0.13086 -0.0938494 0
0.725157 0.320471 0.130948 -0.0940824 0
0.817445 0.320515 0.130809 -0.0926616 0
0.935681 0.320392 0.130938 -0.0942893 0
1.0196 0.320447 0.130909 -0.0942663 0
1.12925 0.320373 0.130987 -0.0940629 0
1.2466 0.320468 0.130975 -0.0941823 0
1.32595 0.32037 0.130905 -0.0943297 0
1.4296 0.320305 0.130829 -0.0942055 0
1.52554 0.320386 0.130984 -0.0943591 0
1.63834 0.320499 0.130911 -0.0932872 0
1.7454 0.320474 0.130802 -0.0935282 0
1.84941 0.32042 0.130833 -0.0938005 0
1.95672 0.320537 0.130871 -0.0939003 0
2.05083 0.320753 0.130868 -0.0935177 0
2.17086 0.320371 0.130864 -0.093972 0
2.28077 0.320588 0.130876 -0.0936656 0
2.39141 0.320589 0.130906 -0.0938819 0
2.50051 0.320539 0.130838 -0.0936733 0
2.58635 0.32028 0.130931 -0.0946653 0
2.67985 0.320467 0.13084 -0.0938164 0
2.78198 0.32045 0.130908 -0.0946926 0
2.89303 0.320471 0.130794 -0.0930463 0
2.9928 0.320261 0.130881 -0.0945036 0
3.0978 0.320471 0.13062 -0.0933663 0
3.20187 0.320691 0.131008 -0.0935971 0
3.30035 0.320788 0.131207 -0.0935803 0
3.39901 0.320773 0.131102 -0.0926437 0
3.49961 0.32069 0.131208 -0.093142 0
3.59501 0.320831 0.131378 -0.0937599 0
3.69482 0.320866 0.131495 -0.0938523 0
3.79582 0.32077 0.131615 -0.0927532 0
3.89191 0.321194 0.131713 -0.0928167 0
3.99527 0.321164 0.131826 -0.0928361 0
4.07831 0.321219 0.131935 -0.0927494 0
4.1973 0.321252 0.13209 -0.0921871 0
4.29708 0.321665 0.132238 -0.0920298 0
4.39968 0.321831 0.132302 -0.0910619 0
4.49947 0.321877 0.132492 -0.0906668 0
4.59879 0.320877 0.132793 -0.0900885 0
4.70566 0.318963 0.132503 -0.0896368 0
4.79803 0.317924 0.132744 -0.0901981 0
4.90103 0.317441 0.132789 -0.0887988 0
4.99532 0.316989 0.133321 -0.0887557 0
5.10547 0.317417 0.132988 -0.0856074 0
5.21712 0.317515 0.133087 -0.084637 0
5.31862 0.317617 0.133039 -0.0830637 0
5.42642 0.317865 0.133346 -0.08172 0
5.52258 0.318585 0.13315 -0.0782458 0
5.62147 0.319541 0.132944 -0.0744513 0
5.71609 0.320131 0.132867 -0.0729427 0
5.81846 0.32082 0.133 -0.0702171 0
5.91297 0.321041 0.132744 -0.0676935 0
6.02524 0.321164 0.133668 -0.0699689 0
6.12687 0.321276 0.133861 -0.0684122 0
6.23248 0.318528 0.134022 -0.0676929 0
6.33752 0.319184 0.133994 -0.0655449 0
6.44209 0.319342 0.134266 -0.063615 0
6.5461 0.319061 0.134094 -0.0623411 0
6.63103 0.319757 0.134451 -0.060837 0
6.73573 0.319861 0.1348 -0.0611785 0
6.84183 0.320305 0.134738 -0.0597157 0
6.93931 0.32074 0.134725 -0.0589463 0
7.04444 0.317 0.134209 -0.0578545 0
7.14108 0.316935 0.132795 -0.0629407 0
7.24022 0.317701 0.13216 -0.0644004 0
7.33202 0.318268 0.132096 -0.0633735 0
7.43732 0.317627 0.132178 -0.0603663 1
7.53537 0.31787 0.132246 -0.0604375 1
7.63225 0.31788 0.132276 -0.0596262 1
7.72551 0.317458 0.131899 -0.0595112 1
7.81948 0.317697 0.131921 -0.0581273 1
7.92386 0.317567 0.131964 -0.0590304 1
8.0431 0.316966 0.131736 -0.0582247 1
8.12495 0.317107 0.131758 -0.058856 1
8.22575 0.317969 0.132069 -0.0585243 1
8.32426 0.318132 0.132154 -0.0590086 1
8.42608 0.318273 0.131804 -0.0590632 1
8.52352 0.318833 0.131938 -0.0587304 1
8.62934 0.319613 0.132 -0.0576351 1
8.73351 0.320926 0.132177 -0.0573308 1
8.82632 0.321282 0.132197 -0.057975 1
8.93038 0.323742 0.132695 -0.056854 1
9.02599 0.327009 0.132409 -0.0560491 1
9.12407 0.329585 0.132435 -0.0555169 1
9.23528 0.332132 0.132698 -0.0557284 1
9.32673 0.333758 0.132763 -0.0558735 1
9.42603 0.339148 0.132859 -0.0537871 1
9.52465 0.341461 0.133006 -0.0541139 1
9.62068 0.344981 0.132959 -0.0535644 1
9.7215 0.347143 0.133108 -0.0526225 1
9.82818 0.352253 0.133131 -0.0517985 1
9.93086 0.356713 0.133451 -0.0506414 1
10.0343 0.360293 0.133338 -0.0511591 1
10.1347 0.364237 0.133324 -0.0497179 1
10.2456 0.37037 0.133274 -0.0481781 1
10.3412 0.37377 0.133034 -0.0493704 1
10.4556 0.37946 0.132891 -0.0466125 1
10.5412 0.385362 0.132697 -0.0444775 1
10.651 0.387927 0.132705 -0.0455748 1
10.7414 0.394055 0.132654 -0.0457515 1
10.848 0.397706 0.132196 -0.0441341 1
10.9582 0.404138 0.131917 -0.0435038 1
11.0681 0.40708 0.132103 -0.0437935 1
11.1513 0.411892 0.131665 -0.0436823 1
11.2677 0.41659 0.131099 -0.0424144 1
11.3517 0.420526 0.131232 -0.0426705 1
11.46 0.424556 0.130604 -0.0426617 1
11.5467 0.429291 0.130582 -0.0429974 1
11.6503 0.430384 0.130093 -0.046649 1
11.7389 0.436563 0.129675 -0.0446009 1
11.8482 0.43991 0.129487 -0.0451552 1
11.9492 0.443224 0.12925 -0.0431005 1
12.0467 0.445784 0.128984 -0.0447448 1
12.1628 0.450316 0.128743 -0.0449773 1
12.2729 0.453784 0.128253 -0.0445517 1
12.3778 0.45672 0.12817 -0.0459663 1
12.4753 0.459529 0.128286 -0.0461378 1
12.5844 0.460229 0.127799 -0.0463125 1
12.6695 0.462989 0.127526 -0.0469215 1
12.7759 0.463603 0.127512 -0.0484688 2
12.8729 0.465475 0.127332 -0.0493933 2
12.9673 0.466075 0.127447 -0.0500787 2
13.0698 0.466602 0.126905 -0.0498561 2
13.1836 0.467347 0.127172 -0.0490068 2
13.285 0.467619 0.127001 -0.0486312 2
13.3841 0.468205 0.127127 -0.0480709 2
13.476 0.468247 0.12686 -0.0478711 2
13.5755 0.468252 0.126368 -0.0491546 2
13.6835 0.46824 0.125866 -0.0496544 2
13.7726 0.468826 0.125431 -0.046494 2
13.8727 0.468424 0.124307 -0.0474759 2
13.9675 0.468856 0.123816 -0.0483438 2
14.0799 0.469009 0.122743 -0.047542 2
14.1645 0.469099 0.121809 -0.0489629 2
14.298 0.469472 0.120521 -0.0476076 2
14.3807 0.46925 0.119451 -0.050356 2
14.4789 0.469404 0.117887 -0.0494165 2
14.5801 0.470176 0.116306 -0.0488983 2
14.6765 0.469929 0.114761 -0.0500877 2
14.7747 0.471031 0.113164 -0.0498924 2
14.8802 0.470984 0.111019 -0.051507 2
14.9709 0.472201 0.109415 -0.0477908 2
15.0764 0.472614 0.107404 -0.0476338 2
15.1767 0.473167 0.105216 -0.0459011 2
15.2743 0.473688 0.10287 -0.047107 2
15.3786 0.474231 0.100663 -0.0465473 2
15.4863 0.474159 0.0981906 -0.0479209 2
15.5846 0.474777 0.0956269 -0.0486292 2
15.68 0.475271 0.093321 -0.0481227 2
15.7833 0.476469 0.091079 -0.0471814 2
15.8745 0.476654 0.0879126 -0.0465058 2
15.9731 0.477708 0.085246 -0.0464063 2
16.0801 0.479502 0.0829239 -0.0449077 2
16.1696 0.480114 0.0796701 -0.0472868 2
16.2681 0.480044 0.0765858 -0.0475423 2
16.3695 0.48102 0.0736981 -0.0475979 2
16.4647 0.481235 0.070436 -0.0454189 2
16.5703 0.481658 0.0667085 -0.0468334 2
16.668 0.481995 0.0637842 -0.0447107 2
16.771 0.482343 0.0603431 -0.0462076 2
16.8739 0.483691 0.0567008 -0.0424619 2
16.9653 0.484221 0.0536622 -0.0464444 2
17.0778 0.485266 0.0498525 -0.0465951 2
17.1904 0.485959 0.0451571 -0.0449913 2
17.2712 0.486446 0.0424331 -0.0465402 2
17.3718 0.486781 0.0383333 -0.0459107 2
17.4729 0.486836 0.0346239 -0.0465776 2
17.5836 0.487204 0.03069 -0.0460335 2
17.6728 0.488614 0.0270223 -0.0448421 2
17.7725 0.489411 0.0230483 -0.0439675 2
17.8736 0.489732 0.0189564 -0.0425754 2
17.9793 0.490021 0.0141417 -0.0404855 2
18.0703 0.490289 0.0113663 -0.0428743 2
18.1788 0.491241 0.00727597 -0.0400033 2
18.2776 0.491314 0.00270884 -0.0424984 2
18.3803 0.491079 -0.00174181 -0.0461701 2
18.4745 0.492587 -0.00530817 -0.0412514 2
18.5766 0.492369 -0.00951962 -0.0427138 2
18.6729 0.491815 -0.0141428 -0.0428494 2
18.7753 0.491389 -0.018683 -0.0486821 2
18.8789 0.492945 -0.0231566 -0.0438844 2
18.9761 0.491339 -0.0273172 -0.0496296 2
19.0738 0.492184 -0.0312809 -0.0463006 2
19.1847 0.491494 -0.0362186 -0.0490986 2
19.2741 0.49171 -0.0402785 -0.0447568 2
19.378 0.492024 -0.044495 -0.0446097 2
19.4905 0.492058 -0.049148 -0.0448981 2
19.574 0.491521 -0.0530318 -0.0475667 2
19.6832 0.491141 -0.0581333 -0.0474859 2
19.7823 0.490626 -0.0626338 -0.0474747 2
19.8813 0.490256 -0.0664687 -0.048303 2
19.9831 0.491336 -0.0721676 -0.0443837 2
20.0853 0.491448 -0.0758388 -0.0426088 2
20.1882 0.490533 -0.0803579 -0.0494302 2
20.2924 0.489637 -0.0848804 -0.0493204 2
20.3855 0.490028 -0.0883747 -0.0502077 2
20.4786 0.489499 -0.0919357 -0.0507664 2
20.5904 0.489038 -0.0967806 -0.0463921 2
20.69 0.488338 -0.10141 -0.0459204 2
20.7786 0.488129 -0.104582 -0.0454349 2
20.8869 0.48707 -0.109471 -0.0404874 2
20.9846 0.486639 -0.112568 -0.0418068 2
21.0844 0.486092 -0.116357 -0.0427191 2
21.1855 0.485273 -0.119758 -0.0403804 2
21.289 0.485161 -0.125023 -0.0403736 2
21.3886 0.484634 -0.126885 -0.0453643 2
21.4925 0.484051 -0.131485 -0.0426918 2
21.5925 0.483438 -0.134797 -0.0444046 2
21.6985 0.482388 -0.139095 -0.0426458 2
21.791 0.481838 -0.141824 -0.0438324 2
21.8922 0.481203 -0.145592 -0.0435702 2
21.9977 0.480495 -0.149382 -0.0418801 2
22.1185 0.479404 -0.153543 -0.0415729 2
22.22 0.478505 -0.156906 -0.0433799 2
22.3144 0.477844 -0.160415 -0.0449989 2
22.3975 0.476954 -0.162263 -0.0464454 2
22.4904 0.476487 -0.165444 -0.0455995 2
22.5903 0.475643 -0.168603 -0.0450145 2
22.6933 0.474829 -0.170946 -0.044556 2
22.794 0.473854 -0.173842 -0.0442173 2
22.9046 0.473051 -0.177603 -0.0442058 2
22.9902 0.472295 -0.179221 -0.0437497 2
23.1036 0.471694 -0.182055 -0.0438435 2
23.1972 0.470216 -0.18439 -0.0437249 2
23.3063 0.469489 -0.187229 -0.0435478 2
23.4085 0.468479 -0.1894 -0.0430483 2
23.5045 0.467809 -0.191121 -0.0424135 2
23.611 0.467136 -0.193552 -0.0428353 2
23.7071 0.466535 -0.195386 -0.041633 2
23.7996 0.466075 -0.197007 -0.0423023 2
23.8904 0.465461 -0.198513 -0.0422868 2
23.9987 0.464689 -0.200039 -0.0414799 2
24.0966 0.4649 -0.201968 -0.0424354 2
24.1904 0.46425 -0.203353 -0.0418476 2
24.3024 0.463471 -0.204934 -0.0420576 2
24.4014 0.462952 -0.205338 -0.0405404 2
24.4952 0.461932 -0.206361 -0.0385578 3
24.5851 0.462499 -0.207704 -0.0411395 3
24.6868 0.461922 -0.208072 -0.0401423 3
24.7841 0.462059 -0.208853 -0.0402488 3
24.8824 0.461948 -0.209131 -0.0400465 3
24.9861 0.461791 -0.210287 -0.0410567 3
25.0831 0.461548 -0.20979 -0.0388129 3
25.1791 0.461443 -0.210702 -0.0410262 3
25.2981 0.461183 -0.210635 -0.0411008 3
25.3948 0.46133 -0.210983 -0.0421482 3
25.4919 0.461421 -0.210444 -0.0407782 3
25.5959 0.461328 -0.210967 -0.0418192 3
25.6943 0.461411 -0.210719 -0.0404201 3
25.7985 0.46135 -0.210588 -0.0412853 3
25.9041 0.461408 -0.210522 -0.0409742 3
26 0.461352 -0.211191 -0.0417685 3
26.1032 0.461162 -0.210595 -0.0407966 3
26.1934 0.461208 -0.210999 -0.0410831 3
26.2935 0.461531 -0.210998 -0.0401846 3
26.3951 0.461739 -0.211444 -0.0414259 3
26.4991 0.461463 -0.211575 -0.0402864 3
26.5919 0.461473 -0.211632 -0.040269 3
26.6992 0.461283 -0.21163 -0.0396555 3
26.7884 0.461627 -0.211925 -0.0393435 3
26.8889 0.461627 -0.212015 -0.0392459 3
26.9827 0.461915 -0.212345 -0.0387899 3
27.0949 0.462153 -0.212369 -0.0388735 3
27.1865 0.461769 -0.212451 -0.0386257 3
27.289 0.461954 -0.212726 -0.0382294 3
27.3925 0.462238 -0.212975 -0.036618 3
27.4943 0.461818 -0.212954 -0.0369678 3
27.5815 0.462039 -0.213186 -0.0354677 4
27.7021 0.462017 -0.213235 -0.0359488 4
27.7965 0.462048 -0.213348 -0.036 4
27.8972 0.462069 -0.213956 -0.0347675 4
27.9977 0.462037 -0.213942 -0.0346275 4
28.0873 0.462204 -0.214329 -0.0325588 4
28.1762 0.462161 -0.214168 -0.0326023 4
28.2722 0.462193 -0.214102 -0.033247 4
28.3823 0.462074 -0.214134 -0.0325399 4
28.5108 0.462006 -0.214331 -0.0320213 4
28.6067 0.461834 -0.21442 -0.0324906 4
28.7042 0.462313 -0.213632 -0.0327714 4
28.7872 0.461802 -0.212641 -0.032953 4
28.8842 0.461782 -0.212006 -0.0346682 4
28.9848 0.462133 -0.210938 -0.0332524 4
29.0947 0.462353 -0.209157 -0.0339949 4
29.1903 0.461771 -0.206754 -0.0335665 4
29.3052 0.461998 -0.205334 -0.0356182 4
29.3969 0.462114 -0.20382 -0.0356736 4
29.4964 0.462358 -0.201874 -0.037484 4
29.6013 0.462237 -0.198117 -0.0370749 4
29.7017 0.462632 -0.196458 -0.0384163 4
29.8118 0.462756 -0.194145 -0.0382597 4
29.9137 0.463013 -0.191548 -0.0404221 4
30.0114 0.462822 -0.189348 -0.0395414 4
30.1153 0.462687 -0.186825 -0.0408694 4
30.2303 0.462251 -0.184694 -0.0422866 4
30.3278 0.461778 -0.182111 -0.0418197 4
30.4279 0.462081 -0.179907 -0.0428947 4
30.5327 0.46232 -0.178192 -0.0421412 4
30.621 0.462381 -0.1763 -0.0425828 4
30.7217 0.46251 -0.174372 -0.0428517 4
30.8296 0.462239 -0.171999 -0.0413006 4
30.9425 0.462166 -0.169948 -0.0386745 4
31.0388 0.461838 -0.168727 -0.038387 4
31.1433 0.461419 -0.167375 -0.0388533 4
31.2454 0.461248 -0.166566 -0.0370424 5
31.366 0.461253 -0.165974 -0.0369816 5
31.4646 0.461114 -0.165424 -0.0372732 5
31.5894 0.461308 -0.165315 -0.036297 5
31.684 0.461408 -0.167504 -0.036178 5
31.8036 0.461146 -0.169657 -0.0359061 5
31.9065 0.461841 -0.169079 -0.0362056 5
32.042 0.461941 -0.169604 -0.0362729 5
32.1292 0.46167 -0.169292 -0.0363234 5
32.2577 0.461913 -0.169288 -0.0371894 5
32.3888 0.461931 -0.169708 -0.0369679 5
32.5063 0.46245 -0.170067 -0.0383408 5
32.6117 0.462444 -0.170139 -0.0382769 5
32.714 0.462615 -0.170176 -0.0377469 5
32.8088 0.462588 -0.171748 -0.0387799 5
32.9089 0.463061 -0.171582 -0.0382641 5
33.0295 0.462992 -0.171636 -0.0387614 5
33.1409 0.463274 -0.171746 -0.0381495 5
33.2481 0.463774 -0.172718 -0.0384275 5
33.3491 0.464239 -0.172928 -0.0394226 5
33.4656 0.464008 -0.17329 -0.0387193 5
33.5733 0.464926 -0.173926 -0.0389294 5
33.6792 0.464886 -0.173123 -0.0387574 5
33.7771 0.465017 -0.173634 -0.0390307 5
33.908 0.465915 -0.173888 -0.0390312 5
34.001 0.466433 -0.174538 -0.0385644 5
34.1175 0.466666 -0.174528 -0.0391797 5
34.2096 0.467292 -0.175973 -0.0377539 5
34.3273 0.468532 -0.174645 -0.035124 5
34.4313 0.467472 -0.175363 -0.0368505 5
34.5708 0.470498 -0.17549 -0.0354961 5
34.6964 0.470567 -0.175258 -0.0350838 5
34.818 0.470675 -0.174804 -0.0352828 5
34.9032 0.472128 -0.175664 -0.0355865 5
35.0234 0.471404 -0.175948 -0.0356629 5
35.1299 0.471769 -0.176339 -0.0351837 5
35.2426 0.472183 -0.17654 -0.0363395 5
35.3666 0.471966 -0.175807 -0.036474 5
35.4723 0.471856 -0.176505 -0.0366206 5
35.599 0.471925 -0.17615 -0.0371026 5
35.7052 0.471272 -0.176591 -0.0368942 5
35.819 0.471568 -0.176639 -0.0374525 5
35.909 0.471159 -0.176588 -0.0353761 5
36.0244 0.471084 -0.177251 -0.0366877 5
36.1268 0.470732 -0.177177 -0.036312 5
36.228 0.470717 -0.177582 -0.037478 5
36.3217 0.470731 -0.176599 -0.0355709 6
36.4478 0.47087 -0.177001 -0.0357447 6
36.537 0.47076 -0.177284 -0.0369583 6
36.6678 0.470065 -0.177269 -0.0350692 6
36.7661 0.470664 -0.176168 -0.0342493 6
36.873 0.47052 -0.176903 -0.0350834 6
36.9818 0.470716 -0.176467 -0.035635 6
37.1011 0.470662 -0.176347 -0.0358644 6
37.2083 0.470421 -0.176628 -0.0367047 6
37.3064 0.47037 -0.176971 -0.0350597 6
37.4408 0.470772 -0.176716 -0.03651 6
37.5342 0.470419 -0.176822 -0.0363 6
37.6267 0.470148 -0.176664 -0.0357686 6
37.7208 0.470588 -0.176694 -0.0356327 6
37.8219 0.470311 -0.176514 -0.035564 6
37.9128 0.470424 -0.176767 -0.0370619 6
38.0191 0.47071 -0.176638 -0.0365013 6
38.1246 0.470521 -0.176462 -0.0352244 6
