5.62668e-05 0.447166 0.132251 -0.0875946 0
0.0858896 0.447143 0.132116 -0.0874962 0
0.19303 0.447086 0.132067 -0.0878527 0
0.31048 0.447088 0.132141 -0.0877674 0
0.426005 0.447162 0.132232 -0.0882174 0
0.544183 0.447212 0.132237 -0.0888413 0
0.634822 0.447195 0.13214 -0.0883242 0
0.725157 0.447089 0.13217 -0.0882591 0
0.817445 0.447042 0.132065 -0.0870914 0
0.935681 0.447096 0.132185 -0.0881706 0
1.0196 0.447082 0.132175 -0.0882066 0
1.12925 0.447102 0.132225 -0.0876878 0
1.2466 0.447123 0.132205 -0.088108 0
1.32595 0.447266 0.132109 -0.0873438 0
1.4296 0.447203 0.132128 -0.0884834 0
1.52554 0.447104 0.13219 -0.0882049 0
1.63834 0.447198 0.132156 -0.0873123 0
1.7454 0.447186 0.132119 -0.0888186 0
1.84941 0.447078 0.132123 -0.088322 0
1.95672 0.447207 0.132142 -0.0873671 0
2.05083 0.447084 0.132173 -0.0884899 0
2.17086 0.447211 0.132168 -0.0882317 0
2.28077 0.447058 0.132096 -0.087419 0
2.39141 0.447137 0.132133 -0.0881311 0
2.50051 0.447101 0.132137 -0.0881533 0
2.58635 0.447126 0.132171 -0.0876283 0
2.67985 0.447128 0.132128 -0.0881426 0
2.78198 0.447106 0.132144 -0.0882005 0
2.89303 0.447065 0.132157 -0.0881655 0
2.9928 0.447078 0.132155 -0.0885506 0
3.0978 0.447102 0.131948 -0.0891676 0
3.20187 0.447235 0.132282 -0.0877179 0
3.30035 0.447293 0.13249 -0.0874684 0
3.39901 0.447344 0.132476 -0.0879613 0
3.49961 0.447392 0.132509 -0.0876045 0
3.59501 0.447604 0.132644 -0.0883402 0
3.69482 0.447616 0.132781 -0.0888843 0
3.79582 0.447625 0.132971 -0.0890759 0
3.89191 0.447761 0.133002 -0.0888219 0
3.99527 0.447751 0.133171 -0.0889412 0
4.07831 0.447874 0.133245 -0.088457 0
4.1973 0.447964 0.133387 -0.0876376 0
4.29708 0.448116 0.133555 -0.087263 0
4.39968 0.448128 0.133694 -0.0863613 0
4.49947 0.448151 0.133927 -0.0852159 0
4.59879 0.448347 0.134224 -0.0845492 0
4.70566 0.448321 0.133898 -0.0824716 0
4.79803 0.448356 0.134128 -0.0811884 0
4.90103 0.448052 0.134336 -0.0798069 0
4.99532 0.44824 0.134888 -0.0783455 0
5.10547 0.448006 0.134658 -0.0755021 0
5.21712 0.447914 0.134794 -0.0742763 0
5.31862 0.447671 0.13485 -0.0716384 0
5.42642 0.448093 0.135112 -0.0702745 0
5.52258 0.447969 0.135267 -0.0685097 0
5.62147 0.447682 0.135206 -0.0645258 0
5.71609 0.447404 0.135141 -0.0634633 0
5.81846 0.447651 0.135106 -0.0608383 0
5.91297 0.447499 0.134989 -0.0598424 0
6.02524 0.447553 0.135251 -0.0608182 0
6.12687 0.44731 0.135394 -0.0593193 0
6.23248 0.447372 0.135287 -0.0558924 0
6.33752 0.447154 0.135477 -0.0552237 0
6.44209 0.446888 0.135658 -0.0536947 0
6.5461 0.446724 0.135721 -0.0534398 0
6.63103 0.44684 0.135595 -0.0494255 0
6.73573 0.446908 0.13592 -0.049201 0
6.84183 0.446321 0.135627 -0.0482281 0
6.93931 0.446293 0.135763 -0.0465771 0
7.04444 0.446007 0.134582 -0.0421166 0
7.14108 0.446482 0.133543 -0.0509209 0
7.24022 0.446338 0.132948 -0.0562986 0
7.33202 0.446525 0.132968 -0.0538066 0
7.43732 0.446329 0.132845 -0.0514005 1
7.53537 0.446387 0.132884 -0.0511509 1
7.63225 0.446153 0.132855 -0.0507445 1
7.72551 0.446245 0.132907 -0.050834 1
7.81948 0.446254 0.132608 -0.0488453 1
7.92386 0.446068 0.132541 -0.0500798 1
8.0431 0.446192 0.132634 -0.0491794 1
8.12495 0.445941 0.132426 -0.0495299 1
8.22575 0.44658 0.132789 -0.0489447 1
8.32426 0.44691 0.132789 -0.0497915 1
8.42608 0.447615 0.132542 -0.0496633 1
8.52352 0.448657 0.132534 -0.0496574 1
8.62934 0.449749 0.132682 -0.048806 1
8.73351 0.451635 0.132614 -0.0485434 1
8.82632 0.453386 0.132987 -0.0481799 1
8.93038 0.455829 0.133288 -0.0488628 1
9.02599 0.45793 0.133018 -0.0486575 1
9.12407 0.460327 0.132992 -0.0482882 1
9.23528 0.463709 0.133788 -0.0482979 1
9.32673 0.465997 0.133379 -0.0472851 1
9.42603 0.470389 0.133627 -0.0465249 1
9.52465 0.473049 0.133529 -0.0462917 1
9.62068 0.476369 0.133591 -0.0464767 1
9.7215 0.479955 0.133651 -0.0451853 1
9.82818 0.484267 0.134004 -0.0462787 1
9.93086 0.488579 0.134181 -0.0450515 1
10.0343 0.493124 0.133999 -0.0441157 1
10.1347 0.496581 0.13361 -0.0431963 1
10.2456 0.502152 0.133854 -0.0421004 1
10.3412 0.505705 0.133991 -0.0429959 1
10.4556 0.510445 0.133572 -0.0419166 1
10.5412 0.515609 0.133878 -0.041412 1
10.651 0.518689 0.133499 -0.041273 1
10.7414 0.524174 0.133543 -0.041002 1
10.848 0.528049 0.133463 -0.0414923 1
10.9582 0.533644 0.133313 -0.0403062 1
11.0681 0.537234 0.132822 -0.0407324 1
11.1513 0.541751 0.132982 -0.0414393 1
11.2677 0.546345 0.13236 -0.0408044 1
11.3517 0.550547 0.132303 -0.0411924 1
11.46 0.554109 0.131766 -0.0410698 1
11.5467 0.55893 0.131927 -0.0408432 1
11.6503 0.561315 0.131505 -0.0430145 1
11.7389 0.565713 0.130954 -0.0418124 1
11.8482 0.569309 0.130599 -0.0422167 1
11.9492 0.572216 0.130487 -0.0416427 1
12.0467 0.575813 0.130269 -0.0411807 1
12.1628 0.579248 0.129991 -0.0406184 1
12.2729 0.582313 0.129573 -0.0415414 1
12.3778 0.584749 0.12934 -0.041736 1
12.4753 0.586964 0.129149 -0.0401347 1
12.5844 0.589003 0.128945 -0.0412081 1
12.6695 0.590703 0.128808 -0.0423372 1
12.7759 0.591818 0.128791 -0.0428886 2
12.8729 0.592921 0.128517 -0.0425526 2
12.9673 0.593711 0.128354 -0.0421599 2
13.0698 0.593941 0.128049 -0.0425387 2
13.1836 0.594407 0.128256 -0.0431537 2
13.285 0.594849 0.128324 -0.0432404 2
13.3841 0.59518 0.128335 -0.0427649 2
13.476 0.595264 0.128025 -0.0422233 2
13.5755 0.595194 0.127688 -0.0429225 2
13.6835 0.595078 0.127089 -0.0427615 2
13.7726 0.595483 0.126464 -0.0413629 2
13.8727 0.595279 0.125669 -0.0419082 2
13.9675 0.595705 0.124697 -0.041297 2
14.0799 0.595593 0.123766 -0.0412417 2
14.1645 0.595821 0.122835 -0.0420463 2
14.298 0.59649 0.121733 -0.0406082 2
14.3807 0.596673 0.120597 -0.0412636 2
14.4789 0.59731 0.11913 -0.042002 2
14.5801 0.597513 0.11767 -0.0415636 2
14.6765 0.597381 0.116079 -0.0423384 2
14.7747 0.597951 0.114417 -0.0422054 2
14.8802 0.598806 0.112342 -0.0426167 2
14.9709 0.599319 0.110548 -0.0408144 2
15.0764 0.599767 0.108393 -0.0409612 2
15.1767 0.600717 0.106574 -0.040595 2
15.2743 0.60149 0.104229 -0.0411327 2
15.3786 0.602019 0.101976 -0.0396943 2
15.4863 0.602535 0.0990129 -0.0394505 2
15.5846 0.602712 0.0966367 -0.0411851 2
15.68 0.603432 0.0945074 -0.0407275 2
15.7833 0.604426 0.0917293 -0.0391133 2
15.8745 0.604367 0.0891929 -0.0399416 2
15.9731 0.604636 0.0863882 -0.0398583 2
16.0801 0.605759 0.0836535 -0.03957 2
16.1696 0.605809 0.0807706 -0.0407922 2
16.2681 0.606348 0.0775099 -0.0402885 2
16.3695 0.607759 0.0746389 -0.0397836 2
16.4647 0.60791 0.0714649 -0.0394973 2
16.5703 0.608448 0.0677659 -0.0392008 2
16.668 0.608958 0.0647991 -0.0382593 2
16.771 0.609749 0.0613972 -0.0403562 2
16.8739 0.610799 0.0576801 -0.0365473 2
16.9653 0.611493 0.0546267 -0.0392309 2
17.0778 0.612125 0.0508965 -0.0391475 2
17.1904 0.612468 0.0463304 -0.038173 2
17.2712 0.61367 0.0437181 -0.0393618 2
17.3718 0.614045 0.0389311 -0.038079 2
17.4729 0.614333 0.035577 -0.0382062 2
17.5836 0.614375 0.0317173 -0.0401922 2
17.6728 0.615386 0.0281755 -0.0376182 2
17.7725 0.615709 0.024394 -0.0376279 2
17.8736 0.615632 0.0201163 -0.0383573 2
17.9793 0.615845 0.0155919 -0.0377075 2
18.0703 0.616405 0.0124371 -0.0382658 2
18.1788 0.617566 0.00813887 -0.0363061 2
18.2776 0.617527 0.00388235 -0.0377321 2
18.3803 0.617713 -0.000430942 -0.0394713 2
18.4745 0.619295 -0.00398827 -0.0368743 2
18.5766 0.618921 -0.00836915 -0.0384201 2
18.6729 0.618608 -0.0128291 -0.0365906 2
18.7753 0.618552 -0.017119 -0.0389348 2
18.8789 0.619739 -0.0217381 -0.0361941 2
18.9761 0.619227 -0.0259701 -0.0386032 2
19.0738 0.619425 -0.0297132 -0.0386053 2
19.1847 0.619066 -0.0348722 -0.0378383 2
19.2741 0.619643 -0.0387756 -0.037366 2
19.378 0.619529 -0.0429279 -0.036879 2
19.4905 0.620226 -0.0475724 -0.0369383 2
19.574 0.619362 -0.0518467 -0.0379219 2
19.6832 0.61965 -0.0563135 -0.0373201 2
19.7823 0.619208 -0.0609032 -0.03865 2
19.8813 0.618581 -0.0649729 -0.0395086 2
19.9831 0.619292 -0.0704447 -0.034844 2
20.0853 0.619446 -0.0756632 -0.0333918 2
20.1882 0.618641 -0.0792196 -0.037045 2
20.2924 0.618111 -0.0837643 -0.0370309 2
20.3855 0.617866 -0.086979 -0.0351967 2
20.4786 0.617708 -0.0908462 -0.0348168 2
20.5904 0.617142 -0.0953008 -0.0322622 2
20.69 0.616798 -0.0998257 -0.0315065 2
20.7786 0.616483 -0.10304 -0.0311054 2
20.8869 0.615842 -0.107134 -0.0286446 2
20.9846 0.615005 -0.1111 -0.0283115 2
21.0844 0.614676 -0.11444 -0.0279425 2
21.1855 0.613644 -0.118589 -0.0265972 2
21.289 0.613103 -0.122803 -0.0264996 2
21.3886 0.612036 -0.126051 -0.0274484 2
21.4925 0.611937 -0.129883 -0.0261903 2
21.5925 0.61118 -0.133172 -0.0264848 2
21.6985 0.610651 -0.137425 -0.0257356 2
21.791 0.60991 -0.140302 -0.0268783 2
21.8922 0.609741 -0.144039 -0.0265772 2
21.9977 0.608874 -0.14787 -0.0260199 2
22.1185 0.6084 -0.152336 -0.0257579 2
22.22 0.607502 -0.155161 -0.02626 2
22.3144 0.607445 -0.158837 -0.0259147 2
22.3975 0.606633 -0.160416 -0.0284221 2
22.4904 0.605929 -0.163271 -0.0278644 2
22.5903 0.605761 -0.16617 -0.0273752 2
22.6933 0.605044 -0.169229 -0.0286205 2
22.794 0.604505 -0.172042 -0.0290504 2
22.9046 0.604492 -0.175911 -0.0285783 2
22.9902 0.603476 -0.177759 -0.0292864 2
23.1036 0.602749 -0.180341 -0.0298526 2
23.1972 0.602734 -0.182826 -0.0296288 2
23.3063 0.602511 -0.185916 -0.0293706 2
23.4085 0.60172 -0.187601 -0.0294725 2
23.5045 0.600486 -0.189528 -0.029138 2
23.611 0.599131 -0.191925 -0.0304264 2
23.7071 0.598824 -0.193897 -0.0298607 2
23.7996 0.598696 -0.195137 -0.0307633 2
23.8904 0.598925 -0.196838 -0.0304702 2
23.9987 0.597931 -0.19864 -0.0298139 2
24.0966 0.597869 -0.200565 -0.0304255 2
24.1904 0.595342 -0.201576 -0.03001 2
24.3024 0.596064 -0.202896 -0.0293236 2
24.4014 0.596003 -0.203655 -0.0279031 2
24.4952 0.595428 -0.204912 -0.0269971 3
24.5851 0.594178 -0.205862 -0.028134 3
24.6868 0.594549 -0.206716 -0.0267638 3
24.7841 0.593686 -0.207312 -0.027445 3
24.8824 0.594152 -0.207259 -0.0262908 3
24.9861 0.593483 -0.207618 -0.0269518 3
25.0831 0.593604 -0.20776 -0.026565 3
25.1791 0.593392 -0.208056 -0.0267876 3
25.2981 0.593153 -0.208094 -0.0270024 3
25.3948 0.593146 -0.208007 -0.027502 3
25.4919 0.593062 -0.208463 -0.0271354 3
25.5959 0.593323 -0.208206 -0.0274959 3
25.6943 0.593139 -0.208701 -0.027289 3
25.7985 0.592774 -0.207992 -0.0277394 3
25.9041 0.592899 -0.20795 -0.0264988 3
26 0.593151 -0.20863 -0.0273723 3
26.1032 0.592959 -0.208305 -0.0274969 3
26.1934 0.592746 -0.209108 -0.0276779 3
26.2935 0.593158 -0.209317 -0.026906 3
26.3951 0.593453 -0.209605 -0.0268058 3
26.4991 0.593549 -0.209842 -0.0263078 3
26.5919 0.59328 -0.209797 -0.0262849 3
26.6992 0.59329 -0.210161 -0.0262593 3
26.7884 0.593709 -0.210164 -0.025003 3
26.8889 0.593495 -0.210534 -0.0246542 3
26.9827 0.593665 -0.21059 -0.0242264 3
27.0949 0.593288 -0.210604 -0.0240247 3
27.1865 0.593378 -0.210817 -0.0236626 3
27.289 0.594204 -0.21116 -0.0236435 3
27.3925 0.593404 -0.211343 -0.0226378 3
27.4943 0.593155 -0.211317 -0.0225215 3
27.5815 0.592996 -0.211602 -0.0210943 4
27.7021 0.592968 -0.211548 -0.0220767 4
27.7965 0.59246 -0.21173 -0.0215909 4
27.8972 0.593236 -0.211906 -0.0194132 4
27.9977 0.592833 -0.212087 -0.0204784 4
28.0873 0.593285 -0.211815 -0.0192661 4
28.1762 0.59228 -0.212096 -0.0192191 4
28.2722 0.592998 -0.21218 -0.0196893 4
28.3823 0.592425 -0.212261 -0.0185756 4
28.5108 0.592106 -0.212272 -0.0190531 4
28.6067 0.59231 -0.212044 -0.0194241 4
28.7042 0.591995 -0.211611 -0.0193302 4
28.7872 0.593011 -0.2108 -0.019031 4
28.8842 0.592645 -0.209648 -0.0203853 4
28.9848 0.593317 -0.208377 -0.0202907 4
29.0947 0.592796 -0.20642 -0.0199494 4
29.1903 0.5921 -0.204969 -0.0212202 4
29.3052 0.592954 -0.202907 -0.0213384 4
29.3969 0.593597 -0.20103 -0.0218559 4
29.4964 0.593443 -0.198866 -0.0210314 4
29.6013 0.592477 -0.19607 -0.0226849 4
29.7017 0.593641 -0.193966 -0.0233041 4
29.8118 0.593655 -0.191751 -0.0229042 4
29.9137 0.593844 -0.189134 -0.0253272 4
30.0114 0.594749 -0.18742 -0.0259547 4
30.1153 0.593649 -0.185342 -0.0268143 4
30.2303 0.593818 -0.182316 -0.027745 4
30.3278 0.59405 -0.180205 -0.0292033 4
30.4279 0.593042 -0.179358 -0.0308784 4
30.5327 0.593095 -0.177083 -0.0312592 4
30.621 0.593534 -0.175787 -0.0322419 4
30.7217 0.593883 -0.173652 -0.0322716 4
30.8296 0.5943 -0.171839 -0.0320728 4
30.9425 0.593551 -0.170138 -0.0295432 4
31.0388 0.593588 -0.168278 -0.028773 4
31.1433 0.59278 -0.167142 -0.0281217 4
31.2454 0.592218 -0.166143 -0.0281427 5
31.366 0.59238 -0.165698 -0.0287461 5
31.4646 0.592363 -0.165482 -0.0282157 5
31.5894 0.592114 -0.165638 -0.0279021 5
31.684 0.592236 -0.167717 -0.0277032 5
31.8036 0.592091 -0.16906 -0.0265155 5
31.9065 0.592738 -0.168958 -0.0271551 5
32.042 0.593107 -0.169168 -0.0273208 5
32.1292 0.593391 -0.169045 -0.0277436 5
32.2577 0.593157 -0.169091 -0.0277737 5
32.3888 0.594002 -0.169192 -0.0276367 5
32.5063 0.594008 -0.169265 -0.0274304 5
32.6117 0.594059 -0.169272 -0.0279798 5
32.714 0.593995 -0.16966 -0.0276211 5
32.8088 0.593742 -0.170593 -0.0272258 5
32.9089 0.594606 -0.170371 -0.0264227 5
33.0295 0.594618 -0.170632 -0.0268294 5
33.1409 0.594475 -0.170753 -0.0277649 5
33.2481 0.594892 -0.171044 -0.0267651 5
33.3491 0.595499 -0.171579 -0.026805 5
33.4656 0.595682 -0.171671 -0.0272033 5
33.5733 0.595833 -0.172265 -0.0274676 5
33.6792 0.595994 -0.172057 -0.0274058 5
33.7771 0.596579 -0.172104 -0.026944 5
33.908 0.59676 -0.172145 -0.0278793 5
34.001 0.597101 -0.172994 -0.0277986 5
34.1175 0.597183 -0.172613 -0.0278717 5
34.2096 0.597514 -0.173432 -0.0275642 5
34.3273 0.598769 -0.173253 -0.0280167 5
34.4313 0.599187 -0.173649 -0.0276399 5
34.5708 0.599413 -0.174154 -0.0268695 5
34.6964 0.600291 -0.173931 -0.0288063 5
34.818 0.600772 -0.17434 -0.0292736 5
34.9032 0.602719 -0.175507 -0.0288621 5
35.0234 0.603137 -0.175533 -0.0285633 5
35.1299 0.60305 -0.176181 -0.0285456 5
35.2426 0.603363 -0.176297 -0.0299857 5
35.3666 0.603959 -0.176561 -0.0296424 5
35.4723 0.604008 -0.175972 -0.0294794 5
35.599 0.603694 -0.176515 -0.0302817 5
35.7052 0.603169 -0.176855 -0.0307642 5
35.819 0.603423 -0.177041 -0.0305098 5
35.909 0.603718 -0.176852 -0.0295664 5
36.0244 0.603322 -0.177622 -0.0302508 5
36.1268 0.603365 -0.177442 -0.0297263 5
36.228 0.603252 -0.177439 -0.0295594 5
36.3217 0.60316 -0.177021 -0.0293277 6
36.4478 0.603543 -0.177373 -0.0292892 6
36.537 0.603317 -0.177165 -0.0298024 6
36.6678 0.603478 -0.177163 -0.0289662 6
36.7661 0.603416 -0.177009 -0.0289457 6
36.873 0.60368 -0.177187 -0.0283909 6
36.9818 0.603402 -0.176843 -0.0292774 6
37.1011 0.603214 -0.177056 -0.0297249 6
37.2083 0.603178 -0.177097 -0.0299029 6
37.3064 0.603586 -0.177125 -0.0293312 6
37.4408 0.602907 -0.177165 -0.0303767 6
37.5342 0.602561 -0.176975 -0.0301098 6
37.6267 0.603329 -0.176889 -0.0293547 6
37.7208 0.602974 -0.176901 -0.0293015 6
37.8219 0.603036 -0.176849 -0.0290982 6
37.9128 0.60293 -0.176851 -0.0295641 6
38.0191 0.602803 -0.177024 -0.0301054 6
38.1246 0.603386 -0.177084 -0.029641 6
