5.62668e-05 0.387432 0.0376966 0.16737 0 0
0.0858896 0.387416 0.0376738 0.167338 0 0
0.19303 0.387405 0.0376654 0.167324 0 0
0.31048 0.387414 0.0376845 0.167337 0 0
0.426005 0.38742 0.0376941 0.16734 0 0
0.544183 0.387425 0.0376891 0.167339 0 0
0.634822 0.387422 0.0376734 0.16735 0 0
0.725157 0.387416 0.0376833 0.167322 0 0
0.817445 0.387411 0.0376641 0.167342 0 0
0.935681 0.387425 0.0376764 0.167354 0 0
1.0196 0.387417 0.0376791 0.167334 0 0
1.12925 0.387431 0.0376943 0.167357 0 0
1.2466 0.38742 0.0376858 0.167332 0 0
1.32595 0.387406 0.0376861 0.167333 0 0
1.4296 0.387414 0.0376776 0.167324 0 0
1.52554 0.387415 0.0376914 0.167332 0 0
1.63834 0.387411 0.0376931 0.16734 0 0
1.7454 0.387414 0.0376798 0.16732 0 0
1.84941 0.387407 0.0376749 0.167322 0 0
1.95672 0.387431 0.0376734 0.167345 0 0
2.05083 0.387415 0.0376827 0.167342 0 0
2.17086 0.387423 0.0376766 0.167346 0 0
2.28077 0.387416 0.037676 0.167339 0 0
2.39141 0.387423 0.0376766 0.167346 0 0
2.50051 0.387423 0.0376678 0.16735 0 0
2.58635 0.387437 0.0376854 0.167353 0 0
2.67985 0.387413 0.0376698 0.167334 0 0
2.78198 0.387418 0.0376851 0.16733 0 0
2.89303 0.387421 0.0376745 0.167342 0 0
2.9928 0.387427 0.0376675 0.167344 0 0
3.0978 0.387406 0.0376725 0.16732 0 0
3.20187 0.387472 0.0376942 0.167642 0 0
3.30035 0.387509 0.0377248 0.16808 0 0
3.39901 0.387544 0.0377422 0.168552 0 0
3.49961 0.387645 0.037759 0.169247 0 0
3.59501 0.387741 0.0378002 0.169995 0 0
3.69482 0.387838 0.0378263 0.170821 0 0
3.79582 0.387917 0.0378384 0.17183 0 0
3.89191 0.38803 0.0378537 0.172855 0 0
3.99527 0.388168 0.0378545 0.174077 0 0
4.07831 0.388255 0.037878 0.175092 0 0
4.1973 0.388385 0.0379227 0.176659 0 0
4.29708 0.38852 0.0379477 0.178033 0 0
4.39968 0.388643 0.0379768 0.179575 0 0
4.49947 0.388789 0.0379908 0.18122 0 0
4.59879 0.388898 0.0380148 0.18282 0 0
4.70566 0.388989 0.038021 0.184607 0 0
4.79803 0.389092 0.0380214 0.186168 0 0
4.90103 0.389177 0.0380337 0.187996 0 0
4.99532 0.389294 0.0380457 0.189803 0 0
5.10547 0.389359 0.0380352 0.191696 0 0
5.21712 0.38942 0.03804 0.193781 0 0
5.31862 0.38948 0.03803 0.195742 0 0
5.42642 0.38955 0.038019 0.197756 0 0
5.52258 0.389555 0.037977 0.19974 0 0
5.62147 0.389601 0.0379645 0.201581 0 0
5.71609 0.389596 0.0379458 0.203433 0 0
5.81846 0.389581 0.0379029 0.205241 0 0
5.91297 0.389573 0.0378561 0.20707 0 0
6.02524 0.389513 0.0377993 0.209111 0 0
6.12687 0.389501 0.0377787 0.211064 0 0
6.23248 0.389429 0.0376849 0.213042 0 0
6.33752 0.389384 0.0376554 0.214683 0 0
6.44209 0.389308 0.0375953 0.216604 0 0
6.5461 0.389258 0.0375227 0.218304 0 0
6.63103 0.389195 0.0375033 0.219524 0 0
6.73573 0.389122 0.0374426 0.22111 0 0
6.84183 0.389022 0.0373836 0.222565 0 0
6.93931 0.388908 0.0373086 0.223954 0 0
7.04444 0.388834 0.0372747 0.225229 0 0
7.14108 0.388766 0.0372107 0.226346 0 0
7.24022 0.388689 0.0371637 0.227332 0 0
7.33202 0.388612 0.0371243 0.228186 0 0
7.43732 0.388561 0.0370845 0.229069 0 1
7.53537 0.388517 0.0370749 0.22973 0 1
7.63225 0.388465 0.0370282 0.230247 0 1
7.72551 0.388437 0.0369839 0.230649 0 1
7.81948 0.38841 0.036997 0.230892 0 1
7.92386 0.388406 0.0369901 0.230967 0 1
8.0431 0.388394 0.0369718 0.23101 0 1
8.12495 0.388389 0.0369757 0.230997 0 1
8.22575 0.388608 0.0369919 0.231123 0 1
8.32426 0.389209 0.0370307 0.231228 0 1
8.42608 0.390195 0.0371124 0.231372 0 1
8.52352 0.391384 0.0372067 0.231581 0 1
8.62934 0.392967 0.037391 0.231891 0 1
8.73351 0.394837 0.0375678 0.232192 0 1
8.82632 0.396676 0.0377492 0.23252 0 1
8.93038 0.399244 0.0379795 0.232968 0 1
9.02599 0.401455 0.0381693 0.233241 0 1
9.12407 0.40434 0.0383538 0.233682 0 1
9.23528 0.407715 0.0386114 0.234211 0 1
9.32673 0.410516 0.0387789 0.234568 0 1
9.42603 0.414004 0.0390334 0.234964 0 1
9.52465 0.417428 0.0392816 0.235403 0 1
9.62068 0.420979 0.0394861 0.235844 0 1
9.7215 0.424936 0.0396299 0.236222 0 1
9.82818 0.429084 0.0398271 0.236558 0 1
9.93086 0.433344 0.0400577 0.236936 0 1
10.0343 0.437298 0.0401563 0.237201 0 1
10.1347 0.441776 0.040242 0.237487 0 1
10.2456 0.446673 0.0403508 0.237758 0 1
10.3412 0.45086 0.0404231 0.237911 0 1
10.4556 0.455873 0.0404562 0.238043 0 1
10.5412 0.459819 0.0404222 0.238103 0 1
10.651 0.464436 0.0404116 0.238155 0 1
10.7414 0.468763 0.0404076 0.238125 0 1
10.848 0.473441 0.040266 0.238002 0 1
10.9582 0.478323 0.0401043 0.237878 0 1
11.0681 0.483285 0.0399911 0.237731 0 1
11.1513 0.486734 0.0399209 0.237605 0 1
11.2677 0.491736 0.0395972 0.237301 0 1
11.3517 0.49506 0.0394161 0.23709 0 1
11.46 0.499567 0.0391777 0.236673 0 1
11.5467 0.502992 0.0389919 0.23643 0 1
11.6503 0.506624 0.0387457 0.236152 0 1
11.7389 0.510108 0.0384164 0.235743 0 1
11.8482 0.513923 0.0381 0.235271 0 1
11.9492 0.517044 0.0378516 0.234951 0 1
12.0467 0.520015 0.0375982 0.234538 0 1
12.1628 0.523428 0.0372776 0.234117 0 1
12.2729 0.526265 0.0369259 0.23367 0 1
12.3778 0.528715 0.0366755 0.233341 0 1
12.4753 0.530695 0.0365029 0.233079 0 1
12.5844 0.532563 0.0362936 0.232763 0 1
12.6695 0.533896 0.0361355 0.232553 0 1
12.7759 0.535254 0.0360509 0.232287 0 2
12.8729 0.536071 0.0359421 0.232202 0 2
12.9673 0.536638 0.0358903 0.232073 0 2
13.0698 0.536862 0.0358184 0.232004 0 2
13.1836 0.53688 0.0357972 0.232053 0 2
13.285 0.536883 0.0357839 0.232029 0 2
13.3841 0.536887 0.0357128 0.232064 0 2
13.476 0.537 0.0354251 0.232082 0 2
13.5755 0.53714 0.0350267 0.23208 0 2
13.6835 0.537297 0.0344773 0.232055 0 2
13.7726 0.537494 0.0339462 0.232056 0 2
13.8727 0.537712 0.0332813 0.232111 0 2
13.9675 0.537969 0.0324675 0.232084 0 2
14.0799 0.538302 0.0314446 0.232159 0 2
14.1645 0.538592 0.0305428 0.232163 0 2
14.298 0.539073 0.0290763 0.232209 0 2
14.3807 0.539434 0.0278903 0.232216 0 2
14.4789 0.53986 0.0265171 0.232256 0 2
14.5801 0.540327 0.0250193 0.232269 0 2
14.6765 0.540796 0.0235451 0.232298 0 2
14.7747 0.541268 0.0219088 0.232322 0 2
14.8802 0.541821 0.0199947 0.232363 0 2
14.9709 0.542357 0.0182306 0.232418 0 2
15.0764 0.542939 0.0162406 0.23244 0 2
15.1767 0.543566 0.0140235 0.23248 0 2
15.2743 0.544133 0.0119148 0.232508 0 2
15.3786 0.544783 0.00965659 0.232544 0 2
15.4863 0.545466 0.00714369 0.232635 0 2
15.5846 0.546082 0.00478737 0.232655 0 2
15.68 0.546716 0.00245168 0.232681 0 2
15.7833 0.547398 -0.000326423 0.232709 0 2
15.8745 0.548035 -0.00279789 0.232754 0 2
15.9731 0.548659 -0.00551058 0.23282 0 2
16.0801 0.549345 -0.00842889 0.232832 0 2
16.1696 0.550032 -0.0112513 0.232924 0 2
16.2681 0.550678 -0.014078 0.23292 0 2
16.3695 0.551312 -0.0169678 0.232941 0 2
16.4647 0.552011 -0.0202931 0.23304 0 2
16.5703 0.552685 -0.0236196 0.233046 0 2
16.668 0.553324 -0.0268021 0.233101 0 2
16.771 0.553986 -0.0301783 0.233185 0 2
16.8739 0.554641 -0.0337782 0.233194 0 2
16.9653 0.555219 -0.0367808 0.233239 0 2
17.0778 0.55589 -0.0407805 0.233334 0 2
17.1904 0.556577 -0.0447679 0.23333 0 2
17.2712 0.557016 -0.0476877 0.23339 0 2
17.3718 0.557583 -0.0515793 0.233436 0 2
17.4729 0.558105 -0.0551632 0.233446 0 2
17.5836 0.558681 -0.0594151 0.233473 0 2
17.6728 0.559143 -0.0627472 0.233524 0 2
17.7725 0.559636 -0.0668215 0.233601 0 2
17.8736 0.560118 -0.0708506 0.23359 0 2
17.9793 0.560542 -0.0750499 0.233618 0 2
18.0703 0.560903 -0.0785645 0.233653 0 2
18.1788 0.561329 -0.0827531 0.233729 0 2
18.2776 0.561674 -0.0870215 0.233711 0 2
18.3803 0.562009 -0.0912947 0.233752 0 2
18.4745 0.562256 -0.095355 0.233706 0 2
18.5766 0.562499 -0.0992698 0.233736 0 2
18.6729 0.562733 -0.103317 0.233874 0 2
18.7753 0.562911 -0.107755 0.233885 0 2
18.8789 0.563099 -0.112107 0.233867 0 2
18.9761 0.563217 -0.11623 0.23386 0 2
19.0738 0.563332 -0.1203 0.233904 0 2
19.1847 0.563416 -0.125076 0.233902 0 2
19.2741 0.563432 -0.129293 0.233956 0 2
19.378 0.563448 -0.133351 0.233968 0 2
19.4905 0.563397 -0.138179 0.233989 0 2
19.574 0.563346 -0.141941 0.233956 0 2
19.6832 0.563243 -0.146713 0.233941 0 2
19.7823 0.56306 -0.150911 0.233919 0 2
19.8813 0.562897 -0.155019 0.233975 0 2
19.9831 0.562683 -0.159531 0.233959 0 2
20.0853 0.562442 -0.163982 0.233955 0 2
20.1882 0.562164 -0.168333 0.23398 0 2
20.2924 0.561856 -0.172411 0.233956 0 2
20.3855 0.561576 -0.176422 0.233998 0 2
20.4786 0.561286 -0.180138 0.234051 0 2
20.5904 0.560798 -0.184865 0.23395 0 2
20.69 0.560389 -0.189086 0.233927 0 2
20.7786 0.559972 -0.192742 0.233891 0 2
20.8869 0.559509 -0.197185 0.233913 0 2
20.9846 0.558989 -0.201146 0.233907 0 2
21.0844 0.558505 -0.204939 0.233889 0 2
21.1855 0.557948 -0.20904 0.23382 0 2
21.289 0.557359 -0.213107 0.233842 0 2
21.3886 0.55674 -0.217124 0.233825 0 2
21.4925 0.556116 -0.221091 0.233864 0 2
21.5925 0.555553 -0.224621 0.23379 0 2
21.6985 0.554861 -0.22849 0.233744 0 2
21.791 0.554254 -0.231961 0.233783 0 2
21.8922 0.553599 -0.235433 0.233783 0 2
21.9977 0.552892 -0.239009 0.233716 0 2
22.1185 0.551998 -0.243448 0.233691 0 2
22.22 0.551351 -0.246561 0.233608 0 2
22.3144 0.550667 -0.249753 0.233562 0 2
22.3975 0.550142 -0.252321 0.23358 0 2
22.4904 0.549498 -0.25529 0.233577 0 2
22.5903 0.548774 -0.258322 0.233566 0 2
22.6933 0.548089 -0.261345 0.233546 0 2
22.794 0.547323 -0.264371 0.233485 0 2
22.9046 0.546538 -0.267535 0.233432 0 2
22.9902 0.545975 -0.269886 0.233446 0 2
23.1036 0.545288 -0.27266 0.233435 0 2
23.1972 0.544617 -0.275229 0.233379 0 2
23.3063 0.543927 -0.277745 0.233361 0 2
23.4085 0.543294 -0.280152 0.233303 0 2
23.5045 0.542721 -0.282227 0.233346 0 2
23.611 0.542068 -0.284452 0.233311 0 2
23.7071 0.5415 -0.286411 0.233306 0 2
23.7996 0.541059 -0.288068 0.233287 0 2
23.8904 0.540613 -0.289703 0.233272 0 2
23.9987 0.54007 -0.291502 0.233243 0 2
24.0966 0.539556 -0.29318 0.233231 0 2
24.1904 0.53916 -0.29453 0.233226 0 2
24.3024 0.538714 -0.295963 0.233199 0 2
24.4014 0.538411 -0.297012 0.233207 0 2
24.4952 0.538058 -0.298147 0.233188 0 3
24.5851 0.537763 -0.299005 0.233157 0 3
24.6868 0.537503 -0.299815 0.233096 0 3
24.7841 0.537288 -0.300517 0.233094 0 3
24.8824 0.537133 -0.301059 0.233119 0 3
24.9861 0.537018 -0.301457 0.233093 0 3
25.0831 0.536956 -0.301701 0.23309 0 3
25.1791 0.536907 -0.301836 0.233066 0 3
25.2981 0.536881 -0.301882 0.233099 0 3
25.3948 0.53689 -0.301897 0.233096 0 3
25.4919 0.536899 -0.301887 0.233106 0 3
25.5959 0.536935 -0.30192 0.23331 0 3
25.6943 0.536915 -0.301972 0.233632 0 3
25.7985 0.536941 -0.302021 0.234064 0 3
25.9041 0.536949 -0.302084 0.234651 0 3
26 0.53696 -0.30214 0.235225 0 3
26.1032 0.53699 -0.302201 0.235877 0 3
26.1934 0.536975 -0.302315 0.236523 0 3
26.2935 0.536987 -0.302346 0.237191 0 3
26.3951 0.536974 -0.30244 0.238021 0 3
26.4991 0.536968 -0.302535 0.238929 0 3
26.5919 0.536986 -0.302605 0.239767 0 3
26.6992 0.536964 -0.302709 0.240676 0 3
26.7884 0.536973 -0.302799 0.24153 0 3
26.8889 0.536971 -0.302875 0.242371 0 3
26.9827 0.537004 -0.30295 0.243225 0 3
27.0949 0.537013 -0.303062 0.244278 0 3
27.1865 0.537005 -0.303139 0.245037 0 3
27.289 0.536975 -0.303223 0.245911 0 3
27.3925 0.536977 -0.303312 0.246748 0 3
27.4943 0.536958 -0.303393 0.247476 0 3
27.5815 0.536973 -0.303445 0.24817 0 4
27.7021 0.536934 -0.303527 0.248922 0 4
27.7965 0.536927 -0.303585 0.249481 0 4
27.8972 0.536931 -0.303627 0.249946 0 4
27.9977 0.536904 -0.303682 0.250356 0 4
28.0873 0.536895 -0.303719 0.25068 0 4
28.1762 0.536898 -0.303712 0.250934 0 4
28.2722 0.536902 -0.30373 0.251055 0 4
28.3823 0.53691 -0.30374 0.251106 0 4
28.5108 0.536896 -0.303758 0.251088 0 4
28.6067 0.536896 -0.303643 0.251024 0 4
28.7042 0.536906 -0.303098 0.250795 0 4
28.7872 0.536944 -0.302393 0.250502 0 4
28.8842 0.536983 -0.301514 0.250047 0 4
28.9848 0.537067 -0.300282 0.249465 0 4
29.0947 0.537169 -0.298686 0.248709 0 4
29.1903 0.537243 -0.297183 0.248045 0 4
29.3052 0.53733 -0.295355 0.247147 0 4
29.3969 0.537364 -0.293654 0.246395 0 4
29.4964 0.537467 -0.291795 0.2455 0 4
29.6013 0.537539 -0.289648 0.244539 0 4
29.7017 0.537575 -0.287544 0.243582 0 4
29.8118 0.537554 -0.285556 0.242581 0 4
29.9137 0.537593 -0.283105 0.241464 0 4
30.0114 0.537647 -0.28097 0.240553 0 4
30.1153 0.537582 -0.278832 0.239402 0 4
30.2303 0.537611 -0.276498 0.238445 0 4
30.3278 0.537643 -0.274427 0.237488 0 4
30.4279 0.53754 -0.272404 0.236498 0 4
30.5327 0.537487 -0.270494 0.23559 0 4
30.621 0.537416 -0.268939 0.234807 0 4
30.7217 0.537385 -0.267155 0.233974 0 4
30.8296 0.537333 -0.265452 0.233214 0 4
30.9425 0.537255 -0.264124 0.232606 0 4
31.0388 0.5372 -0.263042 0.232089 0 4
31.1433 0.537125 -0.262054 0.231579 0 4
31.2454 0.537105 -0.261293 0.231296 0 5
31.366 0.537079 -0.260848 0.231067 0 5
31.4646 0.537114 -0.260735 0.231088 0 5
31.5894 0.537103 -0.260776 0.231055 0 5
31.684 0.537643 -0.262896 0.231791 0 5
31.8036 0.53787 -0.264341 0.232231 0 5
31.9065 0.53831 -0.263986 0.232213 0 5
32.042 0.538282 -0.264042 0.232167 0 5
32.1292 0.538845 -0.264216 0.232087 0 5
32.2577 0.53885 -0.264225 0.232127 0 5
32.3888 0.53893 -0.264279 0.232174 0 5
32.5063 0.539614 -0.264653 0.232422 0 5
32.6117 0.540055 -0.26489 0.232624 0 5
32.714 0.540083 -0.264957 0.232611 0 5
32.8088 0.540376 -0.265438 0.2324 0 5
32.9089 0.540387 -0.265464 0.232467 0 5
33.0295 0.540977 -0.265559 0.232324 0 5
33.1409 0.541683 -0.265671 0.232149 0 5
33.2481 0.541998 -0.265909 0.231799 0 5
33.3491 0.542632 -0.266205 0.231347 0 5
33.4656 0.542638 -0.266236 0.231291 0 5
33.5733 0.543816 -0.266626 0.230589 0 5
33.6792 0.543796 -0.266635 0.230739 0 5
33.7771 0.544367 -0.266885 0.230529 0 5
33.908 0.544575 -0.26695 0.230515 0 5
34.001 0.54599 -0.267471 0.229926 0 5
34.1175 0.546002 -0.267519 0.230044 0 5
34.2096 0.546818 -0.268353 0.229976 0 5
34.3273 0.546942 -0.268428 0.230001 0 5
34.4313 0.547592 -0.268663 0.229733 0 5
34.5708 0.548836 -0.269033 0.229316 0 5
34.6964 0.548833 -0.269053 0.229307 0 5
34.818 0.549235 -0.269302 0.228901 0 5
34.9032 0.55032 -0.26995 0.227617 0 5
35.0234 0.550185 -0.270005 0.227952 0 5
35.1299 0.550021 -0.270611 0.229296 0 5
35.2426 0.549744 -0.27058 0.228826 0 5
35.3666 0.548981 -0.270535 0.227696 0 5
35.4723 0.54902 -0.270538 0.22814 0 5
35.599 0.548771 -0.270583 0.229777 0 5
35.7052 0.548113 -0.271057 0.228875 0 5
35.819 0.54802 -0.271113 0.228716 0 5
35.909 0.548013 -0.271158 0.229234 0 5
36.0244 0.547969 -0.271123 0.230325 0 5
36.1268 0.547711 -0.271232 0.229981 0 5
36.228 0.547765 -0.271238 0.230053 0 5
36.3217 0.547836 -0.270788 0.231086 0 6
36.4478 0.547841 -0.27068 0.231184 0 6
36.537 0.547813 -0.270738 0.230945 0 6
36.6678 0.547829 -0.270735 0.231003 0 6
36.7661 0.547856 -0.270734 0.230915 0 6
36.873 0.547838 -0.27075 0.230859 0 6
36.9818 0.547871 -0.270737 0.230856 0 6
37.1011 0.547843 -0.270768 0.230845 0 6
37.2083 0.547852 -0.270755 0.230853 0 6
37.3064 0.547835 -0.270761 0.230776 0 6
37.4408 0.547856 -0.270751 0.230792 0 6
37.5342 0.547835 -0.270785 0.230787 0 6
37.6267 0.54784 -0.270755 0.230781 0 6
37.7208 0.547848 -0.270745 0.230774 0 6
37.8219 0.547841 -0.27075 0.230797 0 6
37.9128 0.547866 -0.27075 0.230805 0 6
38.0191 0.547865 -0.270727 0.230788 0 6
38.1246 0.54784 -0.270758 0.230782 0 6
