31.1433 31.1433 0 0 5
31.2454 31.1433 0 0.102101 5
31.366 31.1433 0.102101 0.222732 5
31.4646 31.1433 0.222732 0.321267 5
31.5894 31.1433 0.321267 0.446078 5
31.684 31.1433 0.446078 0.540676 5
31.8036 31.1433 0.540676 0.660275 5
31.9065 31.1433 0.660275 0.763255 5
32.042 31.1433 0.763255 0.898664 5
32.1292 31.1433 0.898664 0.985929 5
32.2577 31.1433 0.985929 1.11446 5
32.3888 31.1433 1.11446 1.24555 5
32.5063 31.1433 1.24555 1.36305 5
32.6117 31.1433 1.36305 1.46841 5
32.714 31.1433 1.46841 1.57073 5
32.8088 31.1433 1.57073 1.66551 5
32.9089 31.1433 1.66551 1.76565 5
33.0295 31.1433 1.76565 1.88624 5
33.1409 31.1433 1.88624 1.99759 5
33.2481 31.1433 1.99759 2.10481 5
33.3491 31.1433 2.10481 2.20581 5
33.4656 31.1433 2.20581 2.32228 5
33.5733 31.1433 2.32228 2.42997 5
33.6792 31.1433 2.42997 2.53594 5
33.7771 31.1433 2.53594 2.63384 5
33.908 31.1433 2.63384 2.76475 5
34.001 31.1433 2.76475 2.85768 5
34.1175 31.1433 2.85768 2.97417 5
34.2096 31.1433 2.97417 3.06634 5
34.3273 31.1433 3.06634 3.18399 5
34.4313 31.1433 3.18399 3.28798 5
34.5708 31.1433 3.28798 3.42756 5
34.6964 31.1433 3.42756 3.55312 5
34.818 31.1433 3.55312 3.67472 5
34.9032 31.1433 3.67472 3.75992 5
35.0234 31.1433 3.75992 3.88012 5
35.1299 31.1433 3.88012 3.98663 5
35.2426 31.1433 3.98663 4.09926 5
35.3666 31.1433 4.09926 4.22335 5
35.4723 31.1433 4.22335 4.32901 5
35.599 31.1433 4.32901 4.45572 5
35.7052 31.1433 4.45572 4.56195 5
35.819 31.1433 4.56195 4.67574 5
35.909 31.1433 4.67574 4.76572 5
36.0244 31.1433 4.76572 4.88111 5
36.1268 31.1433 4.88111 4.98348 5
36.228 31.1433 4.98348 5.08468 5
