3.60012e-05 0.427388 0.179021 -0.0761248 0
0.108724 0.427354 0.179022 -0.0759485 0
0.203348 0.427407 0.178996 -0.0760896 0
0.307667 0.427305 0.178972 -0.0754247 0
0.395934 0.427454 0.179013 -0.0758076 0
0.48474 0.427318 0.178961 -0.0753746 0
0.594127 0.427409 0.179056 -0.0762822 0
0.726377 0.427389 0.179058 -0.0762793 0
0.803544 0.427362 0.179039 -0.0760839 0
0.913564 0.427325 0.178952 -0.0764323 0
1.00498 0.427306 0.178955 -0.0753023 0
1.15968 0.427285 0.178955 -0.0752921 0
1.29389 0.427302 0.178905 -0.0755405 0
1.42794 0.427316 0.178969 -0.0756827 0
1.55557 0.427315 0.178981 -0.0756459 0
1.68841 0.427398 0.179024 -0.0762916 0
1.79018 0.427365 0.179047 -0.0759883 0
1.89887 0.427333 0.178984 -0.0756089 0
2.01038 0.427432 0.179061 -0.0758651 0
2.14066 0.427336 0.179027 -0.0759602 0
2.2655 0.427301 0.178924 -0.0760248 0
2.39317 0.427308 0.178992 -0.0755501 0
2.53732 0.42753 0.179071 -0.0779483 0
2.68373 0.427335 0.178965 -0.076123 0
2.80634 0.427347 0.179034 -0.0765926 0
2.92542 0.427541 0.179139 -0.0770644 0
3.04684 0.42732 0.178908 -0.0757212 0
3.15648 0.427423 0.178974 -0.0759074 0
3.27198 0.42734 0.178967 -0.0754016 0
3.40594 0.427189 0.178889 -0.0748094 0
3.5357 0.427317 0.178968 -0.0752759 0
3.67399 0.427364 0.178966 -0.0757636 0
3.81121 0.427298 0.178963 -0.0760862 0
3.93977 0.427305 0.178981 -0.0757015 0
4.06883 0.427393 0.179087 -0.076528 0
4.1958 0.427383 0.179021 -0.0758145 0
4.31557 0.427345 0.179028 -0.0761894 0
4.43995 0.427332 0.178983 -0.0766071 0
4.58399 0.427295 0.178979 -0.0755264 0
4.72635 0.42735 0.178983 -0.0756406 0
4.86136 0.427409 0.179038 -0.0766052 0
4.97867 0.427343 0.178946 -0.0755163 0
5.08 0.427405 0.178985 -0.0757567 0
5.22347 0.427309 0.178971 -0.0760141 0
5.33865 0.427379 0.179038 -0.0762743 0
5.4538 0.427371 0.178959 -0.0758365 0
5.56036 0.427367 0.178924 -0.0761353 0
5.68696 0.427431 0.179117 -0.0766449 0
5.79661 0.427719 0.179476 -0.0762659 0
5.92762 0.427823 0.179645 -0.0764258 0
6.04804 0.427797 0.179575 -0.0763319 0
6.17301 0.428016 0.179815 -0.0754643 0
6.31401 0.428122 0.180118 -0.0748988 0
6.41552 0.428369 0.180326 -0.0750199 0
6.54475 0.42872 0.180767 -0.0754707 0
6.65844 0.428975 0.180937 -0.0734375 0
6.78707 0.429167 0.181215 -0.0727631 0
6.9372 0.429512 0.181709 -0.0731672 0
7.0322 0.42971 0.181965 -0.0735914 0
7.17376 0.430186 0.182505 -0.0717418 0
7.26894 0.43039 0.182756 -0.070185 0
7.39638 0.430509 0.182906 -0.0701305 0
7.54169 0.430894 0.183095 -0.0679167 0
7.66487 0.430645 0.182953 -0.0651307 0
7.80702 0.431391 0.183839 -0.0633228 0
7.91508 0.431243 0.18359 -0.0617088 0
8.03672 0.431213 0.183841 -0.0600368 0
8.16896 0.430787 0.183977 -0.0589702 0
8.28493 0.431251 0.183986 -0.0566895 0
8.41503 0.431209 0.184684 -0.0582881 0
8.52364 0.431599 0.184506 -0.0555351 0
8.64563 0.431675 0.184898 -0.0543299 0
8.77829 0.431676 0.184985 -0.0533964 0
8.8919 0.432212 0.185035 -0.0499404 0
9.02308 0.432063 0.185369 -0.0500214 0
9.14452 0.432092 0.185154 -0.049356 0
9.27689 0.432121 0.185372 -0.0474858 0
9.4018 0.43213 0.185209 -0.0459857 0
9.53329 0.431921 0.185031 -0.0443365 0
9.65471 0.431804 0.1849 -0.0422853 0
9.7759 0.431441 0.184746 -0.0418721 0
9.87918 0.431753 0.184878 -0.0408689 0
10.0133 0.431653 0.18474 -0.0406878 1
10.123 0.431886 0.184779 -0.0389467 1
10.2119 0.431299 0.184863 -0.039897 1
10.358 0.431762 0.18479 -0.0391086 1
10.4828 0.431545 0.184617 -0.0375085 1
10.6029 0.43171 0.184563 -0.037025 1
10.7252 0.431341 0.184598 -0.0377873 1
10.8409 0.431972 0.184734 -0.0373178 1
10.9444 0.433086 0.184492 -0.036366 1
11.075 0.433974 0.1846 -0.0371259 1
11.2026 0.436056 0.184926 -0.0371525 1
11.3434 0.438476 0.184866 -0.0369498 1
11.4666 0.441831 0.185478 -0.0360142 1
11.5845 0.44444 0.185777 -0.0358193 1
11.7069 0.447486 0.185906 -0.0355908 1
11.8311 0.450374 0.186229 -0.0360864 1
11.9454 0.455793 0.186452 -0.0344049 1
12.0731 0.461245 0.186915 -0.0335836 1
12.2049 0.46585 0.186827 -0.0328308 1
12.3327 0.470881 0.187528 -0.0329075 1
12.4795 0.47742 0.187336 -0.03132 1
12.5994 0.483788 0.187672 -0.0304212 1
12.7116 0.489046 0.187711 -0.0282245 1
12.8198 0.49402 0.188135 -0.0307147 1
12.9488 0.501562 0.188049 -0.0301206 1
13.074 0.507347 0.188408 -0.0293769 1
13.1976 0.513054 0.187577 -0.0294867 1
13.3048 0.519011 0.187662 -0.0277369 1
13.453 0.52586 0.187027 -0.0273917 1
13.5604 0.532803 0.18676 -0.0253244 1
13.6973 0.540119 0.186483 -0.0257287 1
13.8271 0.547075 0.186195 -0.0231734 1
13.9509 0.552601 0.185767 -0.0258752 1
14.0727 0.558869 0.185221 -0.0247022 1
14.1992 0.564213 0.184794 -0.0247287 1
14.3124 0.569473 0.184246 -0.0233715 1
14.413 0.573715 0.183816 -0.025036 1
14.5374 0.578191 0.183376 -0.0252286 1
14.6756 0.582972 0.18239 -0.0258348 1
14.7747 0.586601 0.182191 -0.0259387 1
14.8895 0.590203 0.181614 -0.0267816 1
15.0212 0.593064 0.181086 -0.0273854 1
15.1483 0.595704 0.180646 -0.0273783 1
15.278 0.598653 0.180297 -0.0286709 1
15.4021 0.59997 0.180177 -0.0293331 2
15.5423 0.600777 0.179765 -0.0294119 2
15.669 0.601019 0.179485 -0.0291231 2
15.8024 0.60113 0.179622 -0.0290487 2
15.9016 0.60116 0.179102 -0.0277036 2
16.0262 0.601087 0.178996 -0.0297632 2
16.1538 0.601424 0.178109 -0.0282578 2
16.2661 0.601512 0.177448 -0.0283865 2
16.3903 0.602196 0.176717 -0.0281223 2
16.5141 0.602462 0.175472 -0.0289459 2
16.6251 0.603094 0.174078 -0.0277191 2
16.7498 0.603292 0.172663 -0.0281805 2
16.8716 0.604091 0.170935 -0.0267241 2
16.9957 0.605043 0.169036 -0.026555 2
17.1165 0.60545 0.166955 -0.0272268 2
17.2473 0.605858 0.164685 -0.027187 2
17.375 0.607042 0.162204 -0.02628 2
17.5112 0.60759 0.159132 -0.0265896 2
17.6421 0.608442 0.155841 -0.0262699 2
17.7601 0.60891 0.152996 -0.0259669 2
17.8997 0.610421 0.149371 -0.0257662 2
18.0207 0.610849 0.146081 -0.026458 2
18.135 0.61175 0.142897 -0.0261935 2
18.2569 0.612717 0.13921 -0.024969 2
18.3897 0.61376 0.13539 -0.025555 2
18.5201 0.61504 0.130759 -0.0253636 2
18.6526 0.616463 0.126576 -0.0247123 2
18.7608 0.61679 0.12321 -0.0252064 2
18.8805 0.617753 0.118539 -0.0231467 2
19.0108 0.61868 0.113755 -0.026655 2
19.1261 0.61958 0.109637 -0.0250846 2
19.2462 0.619973 0.105203 -0.025818 2
19.3752 0.62101 0.100353 -0.0249906 2
19.5112 0.622322 0.0945832 -0.0250574 2
19.6313 0.623577 0.0893487 -0.0213278 2
19.7819 0.624355 0.0834872 -0.0237501 2
19.8935 0.62481 0.078963 -0.0247942 2
19.9991 0.625461 0.0740668 -0.0250443 2
20.1163 0.626209 0.0689392 -0.0254606 2
20.2274 0.626799 0.0639719 -0.0247227 2
20.3467 0.62742 0.0584999 -0.0232505 2
20.4647 0.628016 0.0533625 -0.0238944 2
20.5816 0.628205 0.0479775 -0.0248568 2
20.7048 0.629002 0.0424285 -0.024457 2
20.8274 0.628804 0.0361542 -0.025129 2
20.9524 0.62961 0.0305068 -0.0243076 2
21.082 0.629643 0.0242263 -0.0259478 2
21.2046 0.630279 0.0179443 -0.0262398 2
21.3474 0.630683 0.0114133 -0.0251024 2
21.4939 0.630895 0.00419605 -0.022731 2
21.6182 0.630822 -0.00206262 -0.0235713 2
21.7351 0.631293 -0.00768253 -0.0243849 2
21.868 0.630891 -0.0146773 -0.0243321 2
21.9946 0.630343 -0.0207006 -0.0260881 2
22.1182 0.630637 -0.0273231 -0.0251657 2
22.2474 0.630809 -0.0332532 -0.0242648 2
22.3819 0.630104 -0.0394844 -0.025678 2
22.4979 0.630191 -0.0457666 -0.0241155 2
22.604 0.629787 -0.0510415 -0.024964 2
22.7287 0.628909 -0.05688 -0.0269234 2
22.8558 0.628654 -0.0630073 -0.0252513 2
22.9925 0.628 -0.0697335 -0.0259838 2
23.1151 0.627813 -0.0763626 -0.0234323 2
23.266 0.626476 -0.0835372 -0.0245749 2
23.3859 0.625925 -0.0883561 -0.024295 2
23.5048 0.625529 -0.094064 -0.0225952 2
23.6295 0.624028 -0.0997905 -0.0217241 2
23.7656 0.623099 -0.105537 -0.0204576 2
23.8818 0.621646 -0.110506 -0.0207951 2
23.9807 0.620709 -0.114657 -0.019673 2
24.0981 0.619616 -0.119393 -0.0191127 2
24.227 0.618388 -0.12407 -0.0196571 2
24.3495 0.61665 -0.129158 -0.0198645 2
24.4851 0.61592 -0.134867 -0.019133 2
24.6213 0.614623 -0.1399 -0.0194213 2
24.7486 0.613489 -0.144271 -0.0202352 2
24.8679 0.612632 -0.148369 -0.0198951 2
25.0047 0.611622 -0.153291 -0.0203076 2
25.1139 0.610653 -0.157184 -0.0205755 2
25.2234 0.609533 -0.160145 -0.0217418 2
25.3513 0.608484 -0.164617 -0.0218735 2
25.5 0.607555 -0.169338 -0.022178 2
25.6287 0.607294 -0.173235 -0.0227511 2
25.7606 0.605167 -0.176987 -0.0227031 2
25.8903 0.603335 -0.180268 -0.0226348 2
26.0017 0.602635 -0.182966 -0.0229276 2
26.1088 0.600591 -0.185405 -0.0241015 2
26.2359 0.600131 -0.187609 -0.0232319 2
26.3641 0.598958 -0.19073 -0.0236761 2
26.5054 0.598485 -0.193631 -0.0236023 2
26.6092 0.597426 -0.195005 -0.0237718 2
26.7501 0.596854 -0.197162 -0.0242703 2
26.8799 0.596564 -0.199081 -0.0234085 2
27.0157 0.596751 -0.200565 -0.0212853 2
27.1222 0.59624 -0.201407 -0.0208669 3
27.2294 0.595862 -0.20219 -0.0210309 3
27.3779 0.595342 -0.2032 -0.0217915 3
27.5268 0.595011 -0.203699 -0.0219649 3
27.66 0.594969 -0.204047 -0.0211462 3
27.7786 0.594736 -0.204137 -0.0206525 3
27.9035 0.594012 -0.204117 -0.0211581 3
28.0075 0.593729 -0.204024 -0.0212657 3
28.1025 0.594096 -0.204308 -0.0216059 3
28.2255 0.593957 -0.204054 -0.0220078 3
28.3518 0.594003 -0.203555 -0.0214002 3
28.4648 0.594304 -0.203773 -0.0210338 3
28.5906 0.59432 -0.203851 -0.0209186 3
28.7107 0.594438 -0.203969 -0.0205906 3
28.8362 0.594219 -0.204605 -0.0198872 3
28.9287 0.594053 -0.204473 -0.0198254 3
29.0619 0.593325 -0.205283 -0.0196757 3
29.203 0.59426 -0.205256 -0.0184699 3
29.3067 0.594606 -0.205654 -0.0188193 3
29.4439 0.594393 -0.205863 -0.0179002 3
29.5651 0.594253 -0.206284 -0.0177177 3
29.6936 0.594124 -0.206406 -0.0168068 3
29.7917 0.594025 -0.206775 -0.0161137 3
29.9429 0.594457 -0.207042 -0.0156535 3
30.0372 0.594847 -0.207065 -0.0141383 3
30.1569 0.594765 -0.207446 -0.0138743 4
30.2883 0.59478 -0.207549 -0.0138874 4
30.4163 0.594782 -0.207784 -0.0138889 4
30.5073 0.594621 -0.207616 -0.0126068 4
30.6368 0.594933 -0.207973 -0.0128276 4
30.7469 0.594151 -0.207676 -0.0126877 4
30.8771 0.594992 -0.208215 -0.0116567 4
31.0179 0.594644 -0.20847 -0.0121867 4
31.1354 0.594515 -0.208592 -0.0123205 4
31.2489 0.594019 -0.207866 -0.0123915 4
31.3756 0.594657 -0.207241 -0.0123297 4
31.4996 0.593866 -0.205444 -0.0122467 4
31.6242 0.594734 -0.203582 -0.0119037 4
31.7588 0.594869 -0.20194 -0.0143452 4
31.8905 0.594892 -0.19933 -0.0149123 4
32 0.595168 -0.19636 -0.0139076 4
32.133 0.594693 -0.193527 -0.015017 4
32.2562 0.595327 -0.190276 -0.0147179 4
32.3878 0.594822 -0.187951 -0.0162928 4
32.5104 0.594882 -0.185631 -0.0182114 4
32.6622 0.595167 -0.181908 -0.0187987 4
32.7814 0.594662 -0.178693 -0.0197513 4
32.9136 0.594658 -0.176663 -0.0220434 4
33.0156 0.595444 -0.17491 -0.0230134 4
33.1255 0.594208 -0.172685 -0.0231522 4
33.2553 0.595525 -0.171272 -0.0251478 4
33.3827 0.595359 -0.16894 -0.0255605 4
33.4991 0.594236 -0.166465 -0.0232149 4
33.6319 0.593376 -0.164515 -0.0236437 4
33.7394 0.593476 -0.163857 -0.0223939 4
33.8672 0.593573 -0.163129 -0.0218428 5
33.9954 0.59207 -0.162098 -0.0201314 5
34.1377 0.592035 -0.162075 -0.0209426 5
34.2476 0.593165 -0.162538 -0.0209068 5
34.3617 0.604056 -0.183557 -0.0175567 5
34.5135 0.605499 -0.18812 -0.0168215 5
34.6348 0.60844 -0.187054 -0.0272473 5
34.7588 0.611042 -0.184875 -0.0308649 5
34.912 0.612315 -0.185213 -0.0288847 5
35.0507 0.61184 -0.1855 -0.026938 5
35.1857 0.611967 -0.185612 -0.0276737 5
35.3026 0.61243 -0.185488 -0.0275588 5
35.4379 0.612684 -0.185915 -0.0261009 5
35.5683 0.612292 -0.185529 -0.0274366 5
35.683 0.612243 -0.185317 -0.0275222 5
35.7922 0.612227 -0.185319 -0.0268951 5
35.9007 0.612263 -0.18559 -0.0273699 5
36.0138 0.6119 -0.185381 -0.0271203 5
36.1067 0.612576 -0.185365 -0.0272981 5
36.225 0.612461 -0.185282 -0.0273692 5
36.343 0.612247 -0.185754 -0.0274962 5
36.4484 0.612439 -0.185844 -0.0272582 5
36.6068 0.612346 -0.18572 -0.0263881 5
36.7194 0.611963 -0.185879 -0.0270218 5
36.8297 0.612527 -0.185199 -0.0269153 5
36.9304 0.612002 -0.185586 -0.0271011 5
37.0474 0.601019 -0.272912 0.019623 5
37.1654 0.612449 -0.185793 -0.027659 5
37.3044 0.612105 -0.185802 -0.0282121 5
37.4147 0.612444 -0.185504 -0.0274298 5
37.5286 0.612074 -0.185581 -0.0278054 5
37.6446 0.61214 -0.185393 -0.0269523 5
37.7725 0.611837 -0.185303 -0.0280219 5
37.9137 0.612225 -0.185165 -0.0276045 5
38.0366 0.612535 -0.185736 -0.0272532 5
38.1473 0.611954 -0.185461 -0.0283336 5
38.2672 0.612261 -0.185494 -0.0279409 5
38.3954 0.6121 -0.185845 -0.0272966 5
38.516 0.612024 -0.185487 -0.0280176 5
38.6338 0.612159 -0.18551 -0.028487 5
38.7606 0.611976 -0.185234 -0.0287039 5
38.8852 0.612577 -0.185232 -0.0283114 5
38.9789 0.61215 -0.185552 -0.028579 5
39.0904 0.612332 -0.185702 -0.0281663 5
39.2067 0.612066 -0.185538 -0.0282676 5
39.328 0.611848 -0.18544 -0.0287435 5
39.4348 0.611937 -0.185273 -0.0286109 5
39.528 0.611933 -0.185211 -0.0286067 5
39.6269 0.612448 -0.185511 -0.0281857 5
