3.60012e-05 0.29818 0.171848 -0.0832796 0
0.108724 0.298215 0.171842 -0.0832105 0
0.203348 0.29821 0.171805 -0.0832663 0
0.307667 0.298194 0.171832 -0.0831276 0
0.395934 0.298234 0.171877 -0.0828695 0
0.48474 0.298183 0.171819 -0.0829143 0
0.594127 0.298199 0.171924 -0.0838867 0
0.726377 0.298229 0.171939 -0.0835142 0
0.803544 0.298216 0.171836 -0.0832035 0
0.913564 0.29818 0.171768 -0.0839601 0
1.00498 0.298168 0.17189 -0.0837514 0
1.15968 0.298198 0.171818 -0.0831992 0
1.29389 0.298201 0.171783 -0.0832184 0
1.42794 0.298202 0.1718 -0.0833308 0
1.55557 0.298143 0.171813 -0.0829686 0
1.68841 0.298165 0.171885 -0.0839597 0
1.79018 0.298174 0.17191 -0.0832091 0
1.89887 0.29818 0.171862 -0.0838385 0
2.01038 0.298148 0.171927 -0.0831851 0
2.14066 0.298252 0.1718 -0.0826694 0
2.2655 0.298174 0.171717 -0.082676 0
2.39317 0.298187 0.171821 -0.0830467 0
2.53732 0.297842 0.171966 -0.086288 0
2.68373 0.29816 0.171837 -0.0839342 0
2.80634 0.29815 0.17177 -0.0828813 0
2.92542 0.298325 0.171962 -0.0841825 0
3.04684 0.298142 0.171809 -0.0834787 0
3.15648 0.298223 0.171888 -0.0840879 0
3.27198 0.298172 0.171843 -0.0833895 0
3.40594 0.298108 0.171791 -0.082762 0
3.5357 0.298134 0.171851 -0.0830858 0
3.67399 0.298189 0.171786 -0.0831102 0
3.81121 0.298088 0.171801 -0.0831109 0
3.93977 0.298153 0.171847 -0.0832582 0
4.06883 0.298189 0.171931 -0.0836664 0
4.1958 0.298209 0.17189 -0.0834271 0
4.31557 0.2981 0.171853 -0.0844176 0
4.43995 0.298095 0.171821 -0.0835252 0
4.58399 0.29821 0.171824 -0.083119 0
4.72635 0.298172 0.171821 -0.0829422 0
4.86136 0.298116 0.171862 -0.0838291 0
4.97867 0.29812 0.171844 -0.0838575 0
5.08 0.298218 0.171869 -0.0832215 0
5.22347 0.298173 0.171863 -0.083917 0
5.33865 0.298196 0.171887 -0.083377 0
5.4538 0.298174 0.17176 -0.0830531 0
5.56036 0.298186 0.171752 -0.0832912 0
5.68696 0.298128 0.171932 -0.0844713 0
5.79661 0.298467 0.172309 -0.0836878 0
5.92762 0.298576 0.172444 -0.0836414 0
6.04804 0.298594 0.172376 -0.0834972 0
6.17301 0.298674 0.172725 -0.0839212 0
6.31401 0.298881 0.172938 -0.082771 0
6.41552 0.29901 0.173164 -0.0825185 0
6.54475 0.299203 0.17357 -0.0827425 0
6.65844 0.298968 0.173793 -0.0816206 0
6.78707 0.299229 0.174162 -0.0808498 0
6.9372 0.29899 0.174538 -0.0815061 0
7.0322 0.299269 0.174724 -0.0808331 0
7.17376 0.299628 0.175307 -0.0792747 0
7.26894 0.30013 0.175631 -0.0781262 0
7.39638 0.300065 0.175882 -0.0783382 0
7.54169 0.299558 0.175916 -0.0763341 0
7.66487 0.30085 0.175862 -0.0728354 0
7.80702 0.301145 0.176102 -0.0699055 0
7.91508 0.301468 0.175857 -0.0675153 0
8.03672 0.301875 0.175618 -0.0642887 0
8.16896 0.301305 0.175467 -0.0619095 0
8.28493 0.301531 0.175611 -0.0597753 0
8.41503 0.301115 0.176744 -0.0612381 0
8.52364 0.301101 0.176591 -0.0597107 0
8.64563 0.301771 0.176818 -0.0576446 0
8.77829 0.30205 0.176917 -0.0567762 0
8.8919 0.302727 0.177486 -0.0531157 0
9.02308 0.300649 0.178171 -0.0564228 0
9.14452 0.300621 0.17795 -0.0563612 0
9.27689 0.301241 0.178202 -0.0537215 0
9.4018 0.301516 0.178375 -0.0523136 0
9.53329 0.301609 0.178318 -0.0513693 0
9.65471 0.30085 0.177995 -0.0498421 0
9.7759 0.300781 0.178039 -0.0491035 0
9.87918 0.301316 0.177996 -0.0469828 0
10.0133 0.300393 0.178244 -0.0475644 1
10.123 0.300685 0.178151 -0.0463508 1
10.2119 0.300658 0.178104 -0.0457361 1
10.358 0.300857 0.178046 -0.0460239 1
10.4828 0.301098 0.178078 -0.0437936 1
10.6029 0.300669 0.177943 -0.0438287 1
10.7252 0.301079 0.177952 -0.0440129 1
10.8409 0.300567 0.177986 -0.0443978 1
10.9444 0.30196 0.178146 -0.0440525 1
11.075 0.30261 0.178026 -0.0437703 1
11.2026 0.304079 0.178307 -0.0423319 1
11.3434 0.305754 0.178584 -0.0437725 1
11.4666 0.308996 0.178866 -0.0412912 1
11.5845 0.312502 0.179313 -0.0413934 1
11.7069 0.315291 0.179443 -0.0413058 1
11.8311 0.319005 0.179651 -0.0407841 1
11.9454 0.322527 0.180193 -0.0405309 1
12.0731 0.327725 0.180297 -0.0380659 1
12.2049 0.333157 0.180621 -0.0366956 1
12.3327 0.337515 0.180895 -0.035879 1
12.4795 0.344793 0.181267 -0.0359148 1
12.5994 0.3501 0.180986 -0.0344168 1
12.7116 0.357504 0.181582 -0.0317358 1
12.8198 0.361246 0.181189 -0.0323717 1
12.9488 0.368454 0.181479 -0.0323742 1
13.074 0.374271 0.1814 -0.0299752 1
13.1976 0.380642 0.181095 -0.0296418 1
13.3048 0.387149 0.181025 -0.0280525 1
13.453 0.393917 0.180806 -0.0278171 1
13.5604 0.400998 0.180647 -0.0269803 1
13.6973 0.408022 0.179842 -0.0266074 1
13.8271 0.414969 0.179867 -0.0280059 1
13.9509 0.420577 0.179445 -0.0277251 1
14.0727 0.426723 0.178839 -0.0274663 1
14.1992 0.432609 0.178488 -0.0279958 1
14.3124 0.438075 0.177737 -0.0277129 1
14.413 0.441364 0.177193 -0.030166 1
14.5374 0.447141 0.176905 -0.0289638 1
14.6756 0.45297 0.176052 -0.0302013 1
14.7747 0.456133 0.175483 -0.0310703 1
14.8895 0.46075 0.175169 -0.0311795 1
15.0212 0.46402 0.174606 -0.0323518 1
15.1483 0.465624 0.173808 -0.03242 1
15.278 0.468627 0.173377 -0.0337915 1
15.4021 0.471034 0.173258 -0.0328331 2
15.5423 0.472406 0.172781 -0.03394 2
15.669 0.472763 0.17212 -0.0348001 2
15.8024 0.472212 0.172681 -0.0387381 2
15.9016 0.472712 0.172247 -0.0365206 2
16.0262 0.472065 0.171561 -0.037314 2
16.1538 0.472908 0.171062 -0.0371056 2
16.2661 0.472509 0.170372 -0.0342991 2
16.3903 0.473226 0.169687 -0.0355284 2
16.5141 0.473527 0.16868 -0.0365432 2
16.6251 0.47424 0.167374 -0.0369673 2
16.7498 0.474817 0.165815 -0.0362967 2
16.8716 0.475219 0.164256 -0.0330023 2
16.9957 0.476268 0.162058 -0.0325129 2
17.1165 0.476176 0.159764 -0.0356219 2
17.2473 0.477108 0.156954 -0.0312759 2
17.375 0.47772 0.154834 -0.0316745 2
17.5112 0.478526 0.151902 -0.0325182 2
17.6421 0.47894 0.148754 -0.0330523 2
17.7601 0.480591 0.145559 -0.0306804 2
17.8997 0.481109 0.142345 -0.0309438 2
18.0207 0.482578 0.138988 -0.0306501 2
18.135 0.483476 0.135923 -0.0325462 2
18.2569 0.484471 0.131973 -0.0280391 2
18.3897 0.484891 0.128247 -0.029935 2
18.5201 0.485363 0.123355 -0.031824 2
18.6526 0.487646 0.11965 -0.0296679 2
18.7608 0.487424 0.116012 -0.0319917 2
18.8805 0.489357 0.111319 -0.0263256 2
19.0108 0.48992 0.106608 -0.0322805 2
19.1261 0.490533 0.102433 -0.0313885 2
19.2462 0.491903 0.0980802 -0.0281698 2
19.3752 0.492171 0.0927672 -0.0303671 2
19.5112 0.493299 0.087655 -0.0303165 2
19.6313 0.494971 0.0823102 -0.0290582 2
19.7819 0.495632 0.0763849 -0.0289775 2
19.8935 0.496611 0.0718104 -0.0314301 2
19.9991 0.496845 0.0665724 -0.0301472 2
20.1163 0.497718 0.0614716 -0.0307679 2
20.2274 0.497251 0.0566353 -0.0327292 2
20.3467 0.498359 0.0508268 -0.0312817 2
20.4647 0.499225 0.0460258 -0.0308771 2
20.5816 0.499831 0.0408094 -0.0301555 2
20.7048 0.50115 0.0354802 -0.0261491 2
20.8274 0.500644 0.028951 -0.028011 2
20.9524 0.500669 0.0234729 -0.029766 2
21.082 0.501467 0.0167028 -0.028598 2
21.2046 0.502047 0.0106351 -0.032698 2
21.3474 0.502593 0.00423479 -0.027921 2
21.4939 0.502766 -0.00288132 -0.0284231 2
21.6182 0.50277 -0.00894132 -0.0267877 2
21.7351 0.503247 -0.0149352 -0.0299088 2
21.868 0.502852 -0.021834 -0.030149 2
21.9946 0.502008 -0.0280559 -0.0317088 2
22.1182 0.502066 -0.0345403 -0.0324571 2
22.2474 0.502312 -0.0403917 -0.0310653 2
22.3819 0.502182 -0.0468125 -0.0324403 2
22.4979 0.501899 -0.0530801 -0.0322845 2
22.604 0.501524 -0.0583774 -0.0318896 2
22.7287 0.500557 -0.0642731 -0.0335112 2
22.8558 0.500464 -0.0705652 -0.0329915 2
22.9925 0.499396 -0.0775012 -0.0320095 2
23.1151 0.499227 -0.0834941 -0.0316121 2
23.266 0.497888 -0.0912344 -0.0307446 2
23.3859 0.49763 -0.0966486 -0.0318922 2
23.5048 0.496331 -0.101965 -0.031132 2
23.6295 0.494926 -0.108445 -0.0316326 2
23.7656 0.493614 -0.113833 -0.0276758 2
23.8818 0.492391 -0.118168 -0.0295468 2
23.9807 0.491811 -0.12186 -0.029381 2
24.0981 0.490721 -0.127357 -0.0304345 2
24.227 0.489603 -0.131248 -0.031668 2
24.3495 0.488268 -0.136547 -0.0331214 2
24.4851 0.486481 -0.14194 -0.0300172 2
24.6213 0.485466 -0.147196 -0.0318409 2
24.7486 0.483063 -0.151281 -0.0328852 2
24.8679 0.482172 -0.15583 -0.0384424 2
25.0047 0.482391 -0.16112 -0.0367664 2
25.1139 0.479915 -0.164395 -0.0370631 2
25.2234 0.478652 -0.167661 -0.0357216 2
25.3513 0.477791 -0.171864 -0.0368311 2
25.5 0.476701 -0.176886 -0.0366687 2
25.6287 0.475294 -0.180511 -0.0359623 2
25.7606 0.474346 -0.184207 -0.035704 2
25.8903 0.47298 -0.187526 -0.0357571 2
26.0017 0.472272 -0.190659 -0.0350181 2
26.1088 0.471324 -0.192784 -0.0349915 2
26.2359 0.470441 -0.19535 -0.0342912 2
26.3641 0.469418 -0.198046 -0.0339964 2
26.5054 0.468805 -0.200769 -0.0344599 2
26.6092 0.466996 -0.202858 -0.0353155 2
26.7501 0.46577 -0.204557 -0.0352163 2
26.8799 0.465114 -0.206252 -0.0351509 2
27.0157 0.464668 -0.20809 -0.0345256 2
27.1222 0.464444 -0.20906 -0.033881 3
27.2294 0.463914 -0.210034 -0.0343762 3
27.3779 0.463308 -0.210923 -0.0340902 3
27.5268 0.462861 -0.211455 -0.0343881 3
27.66 0.462997 -0.211828 -0.0338087 3
27.7786 0.463041 -0.212041 -0.034812 3
27.9035 0.462907 -0.212032 -0.0348181 3
28.0075 0.462863 -0.212007 -0.0346796 3
28.1025 0.462816 -0.212101 -0.0349318 3
28.2255 0.462852 -0.211952 -0.0346639 3
28.3518 0.462715 -0.211754 -0.0346501 3
28.4648 0.462923 -0.211904 -0.0341518 3
28.5906 0.462904 -0.211946 -0.0348728 3
28.7107 0.462928 -0.212081 -0.0335399 3
28.8362 0.462999 -0.212419 -0.0335384 3
28.9287 0.462907 -0.212325 -0.0337193 3
29.0619 0.463205 -0.213116 -0.0333643 3
29.203 0.462637 -0.212875 -0.033028 3
29.3067 0.462771 -0.213216 -0.0336353 3
29.4439 0.463278 -0.21327 -0.032665 3
29.5651 0.463221 -0.213915 -0.0316142 3
29.6936 0.463203 -0.213844 -0.0306333 3
29.7917 0.462924 -0.214213 -0.0301481 3
29.9429 0.463142 -0.215022 -0.0287652 3
30.0372 0.463482 -0.215418 -0.0270046 3
30.1569 0.463138 -0.215667 -0.0263951 4
30.2883 0.463063 -0.216032 -0.0252907 4
30.4163 0.462369 -0.215696 -0.0284471 4
30.5073 0.462948 -0.216019 -0.0259148 4
30.6368 0.461954 -0.215794 -0.0263062 4
30.7469 0.463124 -0.215778 -0.0244147 4
30.8771 0.46297 -0.21662 -0.0239165 4
31.0179 0.462379 -0.216733 -0.0238708 4
31.1354 0.46195 -0.216944 -0.0237301 4
31.2489 0.461991 -0.216129 -0.0238779 4
31.3756 0.462883 -0.215591 -0.0234023 4
31.4996 0.46183 -0.213844 -0.0259968 4
31.6242 0.462049 -0.212282 -0.0251312 4
31.7588 0.462695 -0.210084 -0.0266946 4
31.8905 0.46238 -0.206593 -0.0282658 4
32 0.462515 -0.204127 -0.0274625 4
32.133 0.462455 -0.200988 -0.0279313 4
32.2562 0.463562 -0.198686 -0.0264385 4
32.3878 0.46405 -0.195774 -0.027836 4
32.5104 0.463808 -0.19287 -0.0293356 4
32.6622 0.463923 -0.18952 -0.0306495 4
32.7814 0.463943 -0.186094 -0.0317358 4
32.9136 0.464143 -0.183629 -0.033011 4
33.0156 0.464196 -0.181957 -0.0337715 4
33.1255 0.463882 -0.179272 -0.0355614 4
33.2553 0.464068 -0.177909 -0.0366889 4
33.3827 0.46419 -0.175892 -0.0371685 4
33.4991 0.464289 -0.174599 -0.0381607 4
33.6319 0.463801 -0.172571 -0.0375391 4
33.7394 0.463324 -0.171236 -0.0358545 4
33.8672 0.463196 -0.171228 -0.0363223 5
33.9954 0.462809 -0.170089 -0.0348078 5
34.1377 0.462331 -0.170014 -0.0354476 5
34.2476 0.463266 -0.1708 -0.0352113 5
34.3617 0.46714 -0.190777 -0.0301398 5
34.5135 0.467772 -0.195621 -0.0278405 5
34.6348 0.471795 -0.194685 -0.0354081 5
34.7588 0.479945 -0.193176 -0.0401642 5
34.912 0.480631 -0.193794 -0.0419318 5
35.0507 0.479309 -0.194126 -0.0382473 5
35.1857 0.479143 -0.194018 -0.0379366 5
35.3026 0.479641 -0.194086 -0.0394154 5
35.4379 0.4794 -0.194046 -0.0380205 5
35.5683 0.479511 -0.19427 -0.0390467 5
35.683 0.479672 -0.194171 -0.0383509 5
35.7922 0.479843 -0.193932 -0.0382498 5
35.9007 0.479334 -0.194198 -0.0387021 5
36.0138 0.479685 -0.194432 -0.0386017 5
36.1067 0.479791 -0.193979 -0.0383988 5
36.225 0.479818 -0.194348 -0.0383847 5
36.343 0.479812 -0.193957 -0.0384598 5
36.4484 0.47969 -0.194292 -0.0385814 5
36.6068 0.479464 -0.194109 -0.0380679 5
36.7194 0.47984 -0.194326 -0.0388519 5
36.8297 0.479824 -0.19413 -0.0381884 5
36.9304 0.480024 -0.194038 -0.0387356 5
37.0474 0.490539 -0.084731 -0.107199 5
37.1654 0.479873 -0.19391 -0.0384699 5
37.3044 0.480028 -0.194086 -0.0389058 5
37.4147 0.479824 -0.194124 -0.0386376 5
37.5286 0.480083 -0.194122 -0.0396083 5
37.6446 0.479902 -0.194143 -0.0388034 5
37.7725 0.480127 -0.194021 -0.0386477 5
37.9137 0.479889 -0.194045 -0.0389004 5
38.0366 0.479985 -0.193978 -0.0385139 5
38.1473 0.480198 -0.19414 -0.0397188 5
38.2672 0.479986 -0.194137 -0.0396117 5
38.3954 0.48008 -0.194146 -0.0388514 5
38.516 0.479881 -0.194069 -0.0391553 5
38.6338 0.48 -0.194293 -0.0395086 5
38.7606 0.48023 -0.194212 -0.0403316 5
38.8852 0.480203 -0.194143 -0.0395817 5
38.9789 0.480171 -0.194169 -0.0395839 5
39.0904 0.479988 -0.194192 -0.0398711 5
39.2067 0.480119 -0.194234 -0.0397749 5
39.328 0.480058 -0.193985 -0.039573 5
39.4348 0.480237 -0.194078 -0.0402456 5
39.528 0.480103 -0.194215 -0.0398486 5
39.6269 0.480228 -0.194049 -0.040004 5
