3.60012e-05 0.36479 0.08415 0.168114 0 0
0.108724 0.364786 0.0841537 0.168121 0 0
0.203348 0.364776 0.0841469 0.168124 0 0
0.307667 0.364794 0.084152 0.168113 0 0
0.395934 0.364789 0.0841737 0.168147 0 0
0.48474 0.36478 0.0841501 0.168108 0 0
0.594127 0.36479 0.0841594 0.168126 0 0
0.726377 0.364793 0.0841623 0.16813 0 0
0.803544 0.364777 0.0841682 0.168114 0 0
0.913564 0.364771 0.0841396 0.168099 0 0
1.00498 0.364772 0.0841393 0.168117 0 0
1.15968 0.364781 0.0841546 0.168104 0 0
1.29389 0.364773 0.0841499 0.168089 0 0
1.42794 0.364782 0.0841365 0.168112 0 0
1.55557 0.364786 0.0841586 0.168111 0 0
1.68841 0.364778 0.0841526 0.168111 0 0
1.79018 0.364781 0.0841582 0.168115 0 0
1.89887 0.364783 0.0841565 0.168112 0 0
2.01038 0.364781 0.0841743 0.168125 0 0
2.14066 0.364781 0.0841458 0.168113 0 0
2.2655 0.364787 0.0841257 0.168104 0 0
2.39317 0.364784 0.0841501 0.168122 0 0
2.53732 0.364777 0.0841553 0.168122 0 0
2.68373 0.364777 0.0841543 0.168105 0 0
2.80634 0.364777 0.0841481 0.168108 0 0
2.92542 0.364792 0.0841654 0.168146 0 0
3.04684 0.364774 0.0841407 0.168098 0 0
3.15648 0.364778 0.0841514 0.168117 0 0
3.27198 0.364791 0.0841585 0.168117 0 0
3.40594 0.364773 0.0841425 0.168107 0 0
3.5357 0.364781 0.0841644 0.168107 0 0
3.67399 0.364783 0.0841379 0.168113 0 0
3.81121 0.364766 0.0841484 0.168085 0 0
3.93977 0.364774 0.0841541 0.168106 0 0
4.06883 0.364787 0.0841604 0.168122 0 0
4.1958 0.36477 0.0841521 0.168112 0 0
4.31557 0.36477 0.084164 0.168105 0 0
4.43995 0.364787 0.0841392 0.168123 0 0
4.58399 0.36478 0.0841439 0.168116 0 0
4.72635 0.364783 0.0841565 0.168112 0 0
4.86136 0.364778 0.0841402 0.168114 0 0
4.97867 0.36477 0.0841627 0.168106 0 0
5.08 0.364785 0.0841726 0.168108 0 0
5.22347 0.36476 0.0841464 0.1681 0 0
5.33865 0.364786 0.0841476 0.168124 0 0
5.4538 0.364765 0.0841476 0.168101 0 0
5.56036 0.364783 0.0841281 0.168105 0 0
5.68696 0.364824 0.0841748 0.168301 0 0
5.79661 0.364871 0.0841959 0.168738 0 0
5.92762 0.364931 0.0842382 0.169391 0 0
6.04804 0.365003 0.0842664 0.170131 0 0
6.17301 0.365121 0.084313 0.171153 0 0
6.31401 0.365257 0.084348 0.172479 0 0
6.41552 0.365345 0.0843966 0.173466 0 0
6.54475 0.365501 0.0844435 0.174998 0 0
6.65844 0.365661 0.0845136 0.176405 0 0
6.78707 0.365788 0.0845459 0.178133 0 0
6.9372 0.365956 0.0846143 0.180327 0 0
7.0322 0.366028 0.0846428 0.181769 0 0
7.17376 0.366234 0.0847113 0.183726 0 0
7.26894 0.366382 0.0847403 0.186323 0 0
7.39638 0.366448 0.0847441 0.188174 0 0
7.54169 0.366562 0.084748 0.190601 0 0
7.66487 0.366668 0.0847665 0.192918 0 0
7.80702 0.366749 0.0848204 0.195606 0 0
7.91508 0.366797 0.0847601 0.197541 0 0
8.03672 0.366858 0.0847833 0.200027 0 0
8.16896 0.366871 0.0847258 0.202431 0 0
8.28493 0.366879 0.0846967 0.204661 0 0
8.41503 0.366867 0.0846346 0.207055 0 0
8.52364 0.366832 0.0845681 0.209084 0 0
8.64563 0.366799 0.0845179 0.211296 0 0
8.77829 0.366762 0.0844322 0.21353 0 0
8.8919 0.366706 0.0843858 0.215621 0 0
9.02308 0.366629 0.0843095 0.217707 0 0
9.14452 0.366546 0.0842413 0.219546 0 0
9.27689 0.366434 0.0841405 0.221567 0 0
9.4018 0.366375 0.0840475 0.223285 0 0
9.53329 0.366271 0.0839604 0.224924 0 0
9.65471 0.366158 0.0838876 0.22628 0 0
9.7759 0.366102 0.083833 0.227528 0 0
9.87918 0.366015 0.083759 0.228481 0 0
10.0133 0.365935 0.083681 0.229473 0 1
10.123 0.365897 0.0836692 0.230153 0 1
10.2119 0.365883 0.0836319 0.230561 0 1
10.358 0.365863 0.0836275 0.230966 0 1
10.4828 0.365838 0.0835953 0.231074 0 1
10.6029 0.365827 0.0835966 0.231065 0 1
10.7252 0.365873 0.0835791 0.231112 0 1
10.8409 0.366361 0.0836507 0.231281 0 1
10.9444 0.367286 0.0837733 0.23143 0 1
11.075 0.369089 0.0840454 0.231757 0 1
11.2026 0.371149 0.0843279 0.232226 0 1
11.3434 0.3742 0.0847956 0.232803 0 1
11.4666 0.377183 0.0852162 0.233385 0 1
11.5845 0.380587 0.0856144 0.233981 0 1
11.7069 0.384423 0.0860722 0.234643 0 1
11.8311 0.388819 0.086598 0.23539 0 1
11.9454 0.392954 0.0870657 0.236048 0 1
12.0731 0.39806 0.0875401 0.236757 0 1
12.2049 0.403743 0.0880621 0.237404 0 1
12.3327 0.409104 0.0884385 0.238076 0 1
12.4795 0.416124 0.0889361 0.238631 0 1
12.5994 0.421873 0.0891958 0.239152 0 1
12.7116 0.427366 0.0895185 0.23951 0 1
12.8198 0.432564 0.0896198 0.2398 0 1
12.9488 0.439551 0.0898461 0.240091 0 1
13.074 0.445684 0.0898476 0.240269 0 1
13.1976 0.452407 0.0898887 0.240285 0 1
13.3048 0.457739 0.0898176 0.240206 0 1
13.453 0.465579 0.0896647 0.240043 0 1
13.5604 0.470849 0.0894388 0.239853 0 1
13.6973 0.477764 0.0890685 0.239562 0 1
13.8271 0.484024 0.0886916 0.239173 0 1
13.9509 0.4902 0.0882643 0.238746 0 1
14.0727 0.495705 0.0878227 0.238122 0 1
14.1992 0.501419 0.0872894 0.237614 0 1
14.3124 0.506104 0.086851 0.236973 0 1
14.413 0.510223 0.0862736 0.236512 0 1
14.5374 0.514823 0.0857489 0.235927 0 1
14.6756 0.519745 0.0851381 0.235062 0 1
14.7747 0.522764 0.0846832 0.234609 0 1
14.8895 0.526024 0.0841663 0.234182 0 1
15.0212 0.52945 0.0837117 0.233553 0 1
15.1483 0.532106 0.0833415 0.23302 0 1
15.278 0.534258 0.0829391 0.232659 0 1
15.4021 0.535816 0.0826316 0.232391 0 2
15.5423 0.536793 0.0825382 0.232163 0 2
15.669 0.536978 0.0824589 0.232109 0 2
15.8024 0.536972 0.0824602 0.232135 0 2
15.9016 0.536989 0.0823049 0.232082 0 2
16.0262 0.537149 0.0818761 0.232119 0 2
16.1538 0.537427 0.0812119 0.232136 0 2
16.2661 0.537685 0.080524 0.232144 0 2
16.3903 0.538043 0.0795739 0.232183 0 2
16.5141 0.538454 0.0784326 0.232229 0 2
16.6251 0.538878 0.0771629 0.232162 0 2
16.7498 0.539493 0.0755487 0.232261 0 2
16.8716 0.540094 0.0738626 0.232299 0 2
16.9957 0.54077 0.0719512 0.232304 0 2
17.1165 0.541505 0.0698533 0.232326 0 2
17.2473 0.542307 0.0674815 0.232364 0 2
17.375 0.543167 0.0650137 0.232418 0 2
17.5112 0.544119 0.0620088 0.232448 0 2
17.6421 0.545082 0.0590195 0.232473 0 2
17.7601 0.545972 0.0561696 0.2325 0 2
17.8997 0.547118 0.0526781 0.232597 0 2
18.0207 0.548078 0.0493423 0.2326 0 2
18.135 0.549008 0.0462465 0.232664 0 2
18.2569 0.55003 0.0426706 0.232706 0 2
18.3897 0.551156 0.038649 0.232731 0 2
18.5201 0.552256 0.0346029 0.232789 0 2
18.6526 0.553458 0.0301201 0.232894 0 2
18.7608 0.554342 0.026677 0.232919 0 2
18.8805 0.555383 0.0224705 0.232931 0 2
19.0108 0.556508 0.0176221 0.232989 0 2
19.1261 0.557475 0.01354 0.233079 0 2
19.2462 0.558483 0.00893125 0.23316 0 2
19.3752 0.559522 0.00397346 0.233208 0 2
19.5112 0.560589 -0.00129251 0.233223 0 2
19.6313 0.561509 -0.00617904 0.233209 0 2
19.7819 0.562678 -0.0124344 0.233344 0 2
19.8935 0.563474 -0.0171747 0.233425 0 2
19.9991 0.564174 -0.0216924 0.233386 0 2
20.1163 0.564945 -0.0268794 0.233387 0 2
20.2274 0.565638 -0.0314546 0.233488 0 2
20.3467 0.56638 -0.0368122 0.233543 0 2
20.4647 0.567019 -0.0422223 0.233544 0 2
20.5816 0.567586 -0.0473595 0.23356 0 2
20.7048 0.568191 -0.0533388 0.233636 0 2
20.8274 0.568714 -0.0590143 0.23371 0 2
20.9524 0.569222 -0.0649677 0.233735 0 2
21.082 0.569625 -0.071062 0.233693 0 2
21.2046 0.569998 -0.07718 0.233751 0 2
21.3474 0.570328 -0.0837433 0.233766 0 2
21.4939 0.570569 -0.0907947 0.233855 0 2
21.6182 0.570728 -0.096985 0.233828 0 2
21.7351 0.570825 -0.10288 0.233858 0 2
21.868 0.570828 -0.109588 0.233818 0 2
21.9946 0.570745 -0.115514 0.233801 0 2
22.1182 0.57062 -0.121768 0.233929 0 2
22.2474 0.570455 -0.128093 0.233926 0 2
22.3819 0.570164 -0.134372 0.233884 0 2
22.4979 0.569814 -0.140159 0.233862 0 2
22.604 0.569533 -0.145313 0.233966 0 2
22.7287 0.569102 -0.151517 0.234029 0 2
22.8558 0.568542 -0.157726 0.233936 0 2
22.9925 0.567931 -0.16419 0.233879 0 2
23.1151 0.56739 -0.169796 0.233974 0 2
23.266 0.566524 -0.176954 0.233897 0 2
23.3859 0.565879 -0.182118 0.233914 0 2
23.5048 0.565045 -0.188074 0.233841 0 2
23.6295 0.564206 -0.193842 0.233877 0 2
23.7656 0.563285 -0.199565 0.233866 0 2
23.8818 0.562416 -0.204818 0.233842 0 2
23.9807 0.561641 -0.208985 0.233803 0 2
24.0981 0.560683 -0.214148 0.233869 0 2
24.227 0.559669 -0.219453 0.233874 0 2
24.3495 0.558667 -0.224369 0.233764 0 2
24.4851 0.557459 -0.229851 0.233721 0 2
24.6213 0.556282 -0.235146 0.233704 0 2
24.7486 0.555215 -0.239924 0.233715 0 2
24.8679 0.554095 -0.244444 0.233715 0 2
25.0047 0.552894 -0.249231 0.233685 0 2
25.1139 0.551873 -0.253102 0.233582 0 2
25.2234 0.550983 -0.256609 0.23356 0 2
25.3513 0.549864 -0.260696 0.233555 0 2
25.5 0.548485 -0.265564 0.233551 0 2
25.6287 0.547424 -0.269256 0.233472 0 2
25.7606 0.54626 -0.273136 0.233478 0 2
25.8903 0.54522 -0.276489 0.233428 0 2
26.0017 0.544335 -0.279351 0.233443 0 2
26.1088 0.543595 -0.281769 0.233468 0 2
26.2359 0.542685 -0.284716 0.233466 0 2
26.3641 0.541764 -0.287448 0.233414 0 2
26.5054 0.540884 -0.290071 0.23333 0 2
26.6092 0.540206 -0.292015 0.233326 0 2
26.7501 0.539496 -0.294159 0.233327 0 2
26.8799 0.53889 -0.295927 0.233327 0 2
27.0157 0.538301 -0.297605 0.233311 0 2
27.1222 0.537849 -0.298869 0.233266 0 3
27.2294 0.53752 -0.29977 0.23326 0 3
27.3779 0.53716 -0.300848 0.233286 0 3
27.5268 0.536963 -0.301479 0.233252 0 3
27.66 0.536846 -0.301805 0.233245 0 3
27.7786 0.536822 -0.301874 0.233271 0 3
27.9035 0.536848 -0.301842 0.233254 0 3
28.0075 0.536855 -0.301877 0.233319 0 3
28.1025 0.536861 -0.30191 0.233415 0 3
28.2255 0.536907 -0.301941 0.233839 0 3
28.3518 0.536915 -0.302032 0.23437 0 3
28.4648 0.536932 -0.302075 0.234974 0 3
28.5906 0.536895 -0.30218 0.23568 0 3
28.7107 0.536906 -0.30227 0.236464 0 3
28.8362 0.536923 -0.302339 0.237358 0 3
28.9287 0.536934 -0.302426 0.238151 0 3
29.0619 0.536883 -0.302566 0.239209 0 3
29.203 0.536903 -0.302679 0.240431 0 3
29.3067 0.536926 -0.302755 0.241407 0 3
29.4439 0.53695 -0.302897 0.242676 0 3
29.5651 0.536947 -0.302998 0.243674 0 3
29.6936 0.536934 -0.303127 0.244787 0 3
29.7917 0.536911 -0.303244 0.245629 0 3
29.9429 0.536904 -0.303337 0.246809 0 3
30.0372 0.536887 -0.30344 0.247616 0 3
30.1569 0.536861 -0.30352 0.248358 0 4
30.2883 0.536842 -0.303619 0.249214 0 4
30.4163 0.536856 -0.303675 0.249866 0 4
30.5073 0.536833 -0.303723 0.250299 0 4
30.6368 0.536827 -0.303764 0.250716 0 4
30.7469 0.536807 -0.303786 0.251011 0 4
30.8771 0.536807 -0.303787 0.251101 0 4
31.0179 0.53677 -0.303821 0.251126 0 4
31.1354 0.536764 -0.303796 0.251057 0 4
31.2489 0.536762 -0.303349 0.250845 0 4
31.3756 0.536777 -0.302322 0.250287 0 4
31.4996 0.536923 -0.30104 0.249759 0 4
31.6242 0.537013 -0.299382 0.249003 0 4
31.7588 0.537115 -0.2974 0.248115 0 4
31.8905 0.537214 -0.295105 0.247011 0 4
32 0.537263 -0.293129 0.246093 0 4
32.133 0.537359 -0.290597 0.244883 0 4
32.2562 0.537468 -0.287923 0.243713 0 4
32.3878 0.537439 -0.285311 0.242438 0 4
32.5104 0.537456 -0.282664 0.241221 0 4
32.6622 0.537472 -0.279372 0.239666 0 4
32.7814 0.537448 -0.276716 0.238431 0 4
32.9136 0.537518 -0.273996 0.237343 0 4
33.0156 0.537427 -0.272129 0.236343 0 4
33.1255 0.537368 -0.270107 0.235463 0 4
33.2553 0.537316 -0.267821 0.234328 0 4
33.3827 0.537236 -0.265791 0.233372 0 4
33.4991 0.537182 -0.264192 0.232661 0 4
33.6319 0.537085 -0.262738 0.231964 0 4
33.7394 0.53702 -0.261843 0.231514 0 4
33.8672 0.53699 -0.261063 0.231148 0 5
33.9954 0.536971 -0.260786 0.231094 0 5
34.1377 0.536983 -0.260814 0.231074 0 5
34.2476 0.537791 -0.261645 0.230587 0 5
34.3617 0.551454 -0.279827 0.216892 0 5
34.5135 0.555157 -0.284854 0.213083 0 5
34.6348 0.554393 -0.283944 0.213898 0 5
34.7588 0.554432 -0.283968 0.213946 0 5
34.912 0.554533 -0.284103 0.213817 0 5
35.0507 0.554492 -0.284199 0.213821 0 5
35.1857 0.554479 -0.284197 0.213818 0 5
35.3026 0.554503 -0.284198 0.213797 0 5
35.4379 0.554492 -0.284193 0.213795 0 5
35.5683 0.554504 -0.284206 0.213791 0 5
35.683 0.554504 -0.284207 0.213811 0 5
35.7922 0.554494 -0.284203 0.213823 0 5
35.9007 0.554509 -0.284193 0.21377 0 5
36.0138 0.554492 -0.284211 0.213807 0 5
36.1067 0.554485 -0.284222 0.213804 0 5
36.225 0.554507 -0.28418 0.213797 0 5
36.343 0.554496 -0.284194 0.2138 0 5
36.4484 0.554468 -0.284223 0.213801 0 5
36.6068 0.554503 -0.284199 0.213823 0 5
36.7194 0.554494 -0.28421 0.213809 0 5
36.8297 0.554508 -0.284198 0.213821 0 5
36.9304 0.554503 -0.284213 0.213825 0 5
37.0474 0.554492 -0.284218 0.213824 0 5
37.1654 0.554501 -0.284191 0.213804 0 5
37.3044 0.554495 -0.284218 0.213787 0 5
37.4147 0.554484 -0.284227 0.213798 0 5
37.5286 0.5545 -0.284196 0.213808 0 5
37.6446 0.554491 -0.284224 0.213776 0 5
37.7725 0.554486 -0.284193 0.213803 0 5
37.9137 0.554494 -0.284202 0.213823 0 5
38.0366 0.554501 -0.284191 0.213804 0 5
38.1473 0.554508 -0.284198 0.213791 0 5
38.2672 0.554487 -0.284209 0.213807 0 5
38.3954 0.554482 -0.284214 0.213815 0 5
38.516 0.554496 -0.284219 0.213799 0 5
38.6338 0.554482 -0.284209 0.213781 0 5
38.7606 0.554509 -0.284189 0.213798 0 5
38.8852 0.554491 -0.284216 0.213809 0 5
38.9789 0.554485 -0.284239 0.213799 0 5
39.0904 0.554491 -0.284204 0.21379 0 5
39.2067 0.554486 -0.284229 0.213804 0 5
39.328 0.554494 -0.28422 0.213816 0 5
39.4348 0.554499 -0.284214 0.2138 0 5
39.528 0.554481 -0.284215 0.213793 0 5
39.6269 0.554488 -0.28423 0.213808 0 5
