33.7394 33.7394 0 0 5
33.8672 33.7394 0 0.127765 5
33.9954 33.7394 0.127765 0.256022 5
34.1377 33.7394 0.256022 0.398311 5
34.2476 33.7394 0.398311 0.508178 5
34.3617 33.7394 0.508178 0.622252 5
34.5135 33.7394 0.622252 0.774068 5
34.6348 33.7394 0.774068 0.895425 5
34.7588 33.7394 0.895425 1.01939 5
34.912 33.7394 1.01939 1.17264 5
35.0507 33.7394 1.17264 1.31128 5
35.1857 33.7394 1.31128 1.44626 5
35.3026 33.7394 1.44626 1.56319 5
35.4379 33.7394 1.56319 1.6985 5
35.5683 33.7394 1.6985 1.82888 5
35.683 33.7394 1.82888 1.94357 5
35.7922 33.7394 1.94357 2.05283 5
35.9007 33.7394 2.05283 2.16131 5
36.0138 33.7394 2.16131 2.27435 5
36.1067 33.7394 2.27435 2.36726 5
36.225 33.7394 2.36726 2.48556 5
36.343 33.7394 2.48556 2.60357 5
36.4484 33.7394 2.60357 2.70896 5
36.6068 33.7394 2.70896 2.86737 5
36.7194 33.7394 2.86737 2.97997 5
36.8297 33.7394 2.97997 3.09028 5
36.9304 33.7394 3.09028 3.19095 5
37.0474 33.7394 3.19095 3.30796 5
37.1654 33.7394 3.30796 3.42599 5
37.3044 33.7394 3.42599 3.56497 5
37.4147 33.7394 3.56497 3.67527 5
37.5286 33.7394 3.67527 3.7892 5
37.6446 33.7394 3.7892 3.90522 5
37.7725 33.7394 3.90522 4.03312 5
37.9137 33.7394 4.03312 4.17428 5
38.0366 33.7394 4.17428 4.29715 5
38.1473 33.7394 4.29715 4.40788 5
38.2672 33.7394 4.40788 4.52779 5
38.3954 33.7394 4.52779 4.65602 5
38.516 33.7394 4.65602 4.77661 5
38.6338 33.7394 4.77661 4.89437 5
38.7606 33.7394 4.89437 5.02119 5
38.8852 33.7394 5.02119 5.14577 5
38.9789 33.7394 5.14577 5.2395 5
39.0904 33.7394 5.2395 5.35098 5
39.2067 33.7394 5.35098 5.46725 5
39.328 33.7394 5.46725 5.5886 5
39.4348 33.7394 5.5886 5.69541 5
39.528 33.7394 5.69541 5.78859 5
39.6269 33.7394 5.78859 5.88748 5
