-2.38419e-07 0.357066 0.103685 0.23
0.0808249 0.35706 0.103681 0.23
0.184002 0.357053 0.103692 0.23
0.283407 0.357059 0.103682 0.23
0.390965 0.357062 0.103682 0.23
0.487888 0.357056 0.103688 0.23
0.587669 0.357065 0.103694 0.23
0.683748 0.357055 0.103681 0.23
0.783842 0.357069 0.103678 0.23
0.880261 0.357059 0.103707 0.23
0.973216 0.357061 0.103681 0.23
1.08627 0.357064 0.103692 0.23
1.18264 0.357065 0.103689 0.23
1.29294 0.357067 0.103694 0.23
1.40402 0.357066 0.103691 0.23
1.51122 0.357061 0.103674 0.23
1.64269 0.357068 0.103686 0.23
1.74841 0.357067 0.103689 0.23
1.83427 0.357053 0.103691 0.23
1.94381 0.357058 0.10369 0.23
2.02119 0.35706 0.103686 0.23
2.12376 0.357063 0.103689 0.23
2.21261 0.357053 0.103694 0.23
2.31469 0.357081 0.10369 0.23
2.40571 0.357052 0.103683 0.23
2.51175 0.357074 0.103691 0.23
2.60893 0.357062 0.103673 0.23
2.71697 0.357059 0.103696 0.23
2.7985 0.357064 0.103696 0.23
2.89172 0.357055 0.103682 0.23
2.99662 0.35707 0.103676 0.23
3.09251 0.357053 0.103671 0.23
3.19192 0.357051 0.103696 0.23
3.29901 0.357056 0.103699 0.23
3.38182 0.357068 0.10369 0.23
3.48542 0.357052 0.103692 0.23
3.61153 0.357061 0.103688 0.23
3.71538 0.357048 0.103681 0.23
3.81669 0.357063 0.103704 0.23
3.88974 0.357055 0.103698 0.23
3.99042 0.357065 0.103698 0.23
4.12487 0.357053 0.10369 0.23
4.24647 0.357049 0.103681 0.23
4.35911 0.35705 0.103695 0.23
4.47435 0.357065 0.103682 0.23
4.59239 0.357051 0.103686 0.23
4.70911 0.357053 0.103694 0.23
4.83136 0.357064 0.103695 0.23
4.93774 0.357064 0.103698 0.23
5.04714 0.357106 0.103719 0.23
5.15504 0.35714 0.103736 0.23
5.24442 0.357218 0.10378 0.23
5.33865 0.357286 0.103797 0.23
5.45325 0.357358 0.103844 0.23
5.54867 0.357415 0.103879 0.23
5.64743 0.35752 0.103898 0.23
5.74458 0.357638 0.103937 0.23
5.82905 0.357714 0.103972 0.23
5.9295 0.357822 0.104036 0.23
6.02204 0.357911 0.10409 0.23
6.13091 0.358057 0.104152 0.23
6.22635 0.358149 0.104205 0.23
6.32545 0.358259 0.104231 0.23
6.41355 0.358348 0.104254 0.23
6.50683 0.358429 0.104278 0.23
6.60926 0.358572 0.10433 0.23
6.70163 0.35865 0.104371 0.23
6.80508 0.358718 0.104341 0.23
6.8917 0.358767 0.104357 0.23
7.00445 0.358835 0.104387 0.23
7.09247 0.358902 0.104404 0.23
7.19975 0.358969 0.104375 0.23
7.2976 0.358979 0.10437 0.23
7.40659 0.359012 0.104353 0.23
7.48666 0.359053 0.104352 0.23
7.59859 0.359074 0.104333 0.23
7.68493 0.359066 0.104278 0.23
7.76418 0.359038 0.104221 0.23
7.86941 0.359027 0.104196 0.23
7.95936 0.358994 0.104164 0.23
8.06852 0.358987 0.104084 0.23
8.16459 0.358922 0.104063 0.23
8.26834 0.358851 0.103976 0.23
8.35777 0.358826 0.103926 0.23
8.46617 0.35878 0.10386 0.23
8.56463 0.358718 0.10378 0.23
8.67382 0.358643 0.1037 0.23
8.75588 0.358586 0.103635 0.23
8.85536 0.358506 0.103567 0.23
8.94275 0.35846 0.103532 0.23
9.03809 0.358407 0.10349 0.23
9.13605 0.5358 0.103414 0.23
9.22311 0.5358 0.103357 0.228742
9.32573 0.5358 0.103306 0.229433
9.42133 0.5358 0.103276 0.230002
9.51623 0.5358 0.103233 0.230426
9.60072 0.5358 0.103226 0.230736
9.6956 0.5358 0.103193 0.230984
9.80321 0.5358 0.103193 0.231074
9.91447 0.5358 0.103188 0.231057
10.0109 0.5358 0.103191 0.231096
10.0989 0.5358 0.103278 0.231231
10.201 0.5358 0.103435 0.231445
10.2909 0.5358 0.103642 0.231725
10.4066 0.5358 0.103936 0.23206
10.4961 0.5358 0.10425 0.232429
10.5878 0.5358 0.104631 0.23292
10.6766 0.5358 0.104956 0.233324
10.7732 0.5358 0.105287 0.233792
10.8679 0.5358 0.105709 0.234312
10.9637 0.5358 0.10624 0.234964
11.0701 0.5358 0.106717 0.235566
11.1635 0.5358 0.107146 0.236107
11.2662 0.5358 0.107646 0.23673
11.3591 0.5358 0.108043 0.237322
11.4646 0.5358 0.10846 0.237815
11.5541 0.5358 0.108899 0.238407
11.6771 0.5358 0.109364 0.239003
11.7623 0.5358 0.109649 0.239328
11.8542 0.5358 0.109939 0.239752
11.9429 0.5358 0.110168 0.240036
12.0358 0.5358 0.110387 0.240246
12.1347 0.5358 0.110504 0.240563
12.2367 0.5358 0.11068 0.24069
12.3295 0.5358 0.110699 0.240876
12.4299 0.5358 0.110733 0.24087
12.5383 0.5358 0.110646 0.240821
12.6303 0.5358 0.110559 0.240817
12.7382 0.5358 0.110345 0.24051
12.8315 0.5358 0.110146 0.240459
12.9438 0.5358 0.109887 0.240061
13.033 0.5358 0.109514 0.239745
13.1497 0.5358 0.109183 0.239436
13.2462 0.5358 0.108678 0.238876
13.3451 0.5358 0.108252 0.238503
13.4433 0.5358 0.10778 0.23803
13.5458 0.5358 0.107236 0.237375
13.6473 0.5358 0.106776 0.236931
13.7409 0.5358 0.106256 0.23648
13.8242 0.5358 0.105727 0.235856
13.9355 0.5358 0.105126 0.235211
14.0307 0.5358 0.104631 0.234845
14.1312 0.5358 0.104111 0.234319
14.2178 0.5358 0.103738 0.233847
14.3141 0.5358 0.103346 0.233384
14.4163 0.5358 0.103025 0.233073
14.5242 0.5358 -0.3 0.232684
14.608 0.535266 -0.3 0.232516
14.6952 0.536217 -0.3 0.232383
14.8032 0.536899 -0.3 0.232152
14.8937 0.537041 -0.3 0.232136
15.0119 0.53704 -0.3 0.232125
15.1107 0.537035 -0.3 0.232114
15.2135 0.537052 -0.3 0.232102
15.3066 0.537236 -0.3 0.232123
15.4074 0.537425 -0.3 0.232128
15.496 0.53764 -0.3 0.232149
15.6069 0.537955 -0.3 0.232139
15.6894 0.538209 -0.3 0.232144
15.7821 0.53855 -0.3 0.232155
15.8848 0.539013 -0.3 0.232171
15.9804 0.539474 -0.3 0.232192
16.0776 0.539959 -0.3 0.232237
16.168 0.540496 -0.3 0.232254
16.2507 0.540964 -0.3 0.232219
16.3622 0.541696 -0.3 0.232297
16.4589 0.542336 -0.3 0.232347
16.5493 0.542965 -0.3 0.23234
16.6466 0.543676 -0.3 0.232404
16.7424 0.544398 -0.3 0.232359
16.8341 0.54515 -0.3 0.232394
16.9443 0.54605 -0.3 0.232423
17.0339 0.546799 -0.3 0.232448
17.1421 0.547726 -0.3 0.232461
17.2322 0.548534 -0.3 0.232472
17.3365 0.54949 -0.3 0.232584
17.4215 0.550222 -0.3 0.232622
17.5209 0.551171 -0.3 0.232644
17.6132 0.551999 -0.3 0.232677
17.7208 0.552961 -0.3 0.232693
17.8181 0.553933 -0.3 0.232761
17.9216 0.554911 -0.3 0.232784
18.0253 0.55595 -0.3 0.232825
18.1376 0.557003 -0.3 0.232895
18.2309 0.557831 -0.3 0.232945
18.338 0.558856 -0.3 0.232969
18.4311 0.559742 -0.3 0.232965
18.5227 0.560521 -0.3 0.232969
18.6182 0.561402 -0.3 0.233045
18.7129 0.562281 -0.3 0.23312
18.8295 0.563268 -0.3 0.233196
18.9359 0.564138 -0.3 0.233162
19.0361 0.564963 -0.3 0.233185
19.1362 0.565735 -0.3 0.23323
19.2329 0.566565 -0.3 0.233269
19.3399 0.567389 -0.3 0.233388
19.4391 0.568061 -0.3 0.233371
19.5362 0.568692 -0.3 0.233346
19.6256 0.569308 -0.3 0.233334
19.7262 0.569912 -0.3 0.233438
19.8205 0.570496 -0.3 0.23352
19.918 0.571007 -0.3 0.233513
20.0192 0.571505 -0.3 0.233576
20.1188 0.571932 -0.3 0.233508
20.2208 0.572421 -0.3 0.233554
20.3191 0.572851 -0.3 0.233589
20.4287 0.573182 -0.3 0.233613
20.5211 0.573459 -0.3 0.233637
20.6318 0.573717 -0.3 0.233644
20.7305 0.573952 -0.3 0.233708
20.8282 0.574125 -0.3 0.233751
20.9233 0.574232 -0.3 0.233705
21.0226 0.574273 -0.3 0.233649
21.1187 0.574277 -0.3 0.23364
21.2312 0.574292 -0.3 0.233756
21.3386 0.574232 -0.3 0.233819
21.4251 0.574074 -0.3 0.233777
21.5115 0.573935 -0.3 0.233783
21.626 0.573669 -0.3 0.233716
21.7192 0.573481 -0.3 0.233806
21.8204 0.573186 -0.3 0.233846
21.9299 0.572795 -0.3 0.233815
22.0297 0.572382 -0.3 0.233818
22.1327 0.571909 -0.3 0.233762
22.2319 0.571487 -0.3 0.233827
22.3292 0.570996 -0.3 0.233837
22.4306 0.570362 -0.3 0.233772
22.5312 0.569768 -0.3 0.23377
22.628 0.569123 -0.3 0.233715
22.7175 0.568562 -0.3 0.233814
22.8189 0.567843 -0.3 0.233799
22.9231 0.567102 -0.3 0.23377
23.0219 0.566316 -0.3 0.233726
23.1275 0.565459 -0.3 0.233659
23.231 0.564596 -0.3 0.233741
23.3352 0.563706 -0.3 0.233785
23.456 0.562692 -0.3 0.233761
23.5478 0.561758 -0.3 0.23375
23.6463 0.560871 -0.3 0.233649
23.7509 0.559899 -0.3 0.23358
23.8436 0.559125 -0.3 0.233648
23.9454 0.558117 -0.3 0.23363
24.0421 0.557153 -0.3 0.233601
24.1477 0.556066 -0.3 0.233589
24.2469 0.555162 -0.3 0.233578
24.349 0.554099 -0.3 0.23351
24.4502 0.553123 -0.3 0.233553
24.5392 0.552274 -0.3 0.233573
24.6469 0.551233 -0.3 0.233495
24.7369 0.550435 -0.3 0.233461
24.8546 0.549317 -0.3 0.233461
24.9512 0.548346 -0.3 0.233414
25.0582 0.547408 -0.3 0.233354
25.1683 0.546394 -0.3 0.233377
25.2671 0.545579 -0.3 0.233405
25.3565 0.544854 -0.3 0.233429
25.4674 0.543982 -0.3 0.233445
25.5629 0.543235 -0.3 0.233404
25.6477 0.542521 -0.3 0.233327
25.7416 0.541912 -0.3 0.233329
25.837 0.541288 -0.3 0.233326
25.9315 0.540663 -0.3 0.233317
26.0257 0.540074 -0.3 0.233349
26.1165 0.539599 -0.3 0.233259
26.2061 0.539146 -0.3 0.233249
26.3042 0.538689 -0.3 0.25
26.3969 0.538332 -0.298412 0.25
26.5104 0.537898 -0.299556 0.25
26.6119 0.537606 -0.300381 0.25
26.7025 0.53738 -0.300991 0.25
26.8138 0.537201 -0.301468 0.25
26.8999 0.537151 -0.3017 0.25
26.9992 0.537074 -0.301871 0.25
27.1214 0.537088 -0.301885 0.25
27.2274 0.537093 -0.301869 0.25
27.3155 0.537107 -0.301895 0.25
27.4125 0.537168 -0.301948 0.25
27.5214 0.537189 -0.302019 0.25
27.626 0.537152 -0.302132 0.25
27.7289 0.537154 -0.302216 0.25
27.8224 0.537155 -0.302337 0.25
27.9306 0.537143 -0.302495 0.25
28.0241 0.537147 -0.302628 0.25
28.1255 0.537142 -0.302796 0.25
28.2116 0.537168 -0.302933 0.25
28.3249 0.537178 -0.303055 0.25
28.4124 0.537169 -0.303187 0.25
28.5148 0.53714 -0.303326 0.25
28.6189 0.537096 -0.259 0.225
28.706 0.537077 -0.259 0.225
28.797 0.537099 -0.259 0.225
28.9121 0.537103 -0.259 0.225
29.0049 0.537081 -0.259 0.225
29.0966 0.537069 -0.259 0.225
29.1985 0.537043 -0.259 0.225
29.2987 0.537058 -0.259 0.225
29.4065 0.537036 -0.259 0.225
29.5131 0.537064 -0.259 0.225
29.6061 0.53716 -0.259 0.225
29.7002 0.537361 -0.259 0.225
29.803 0.537466 -0.259 0.225
29.894 0.537547 -0.259 0.225
29.9943 0.537673 -0.259 0.225
30.1069 0.537814 -0.259 0.225
30.203 0.537808 -0.259 0.225
30.3035 0.537889 -0.259 0.225
30.399 0.537803 -0.259 0.225
30.5046 0.537854 -0.259 0.225
30.5981 0.537828 -0.259 0.225
30.7164 0.537675 -0.259 0.225
30.8152 0.537593 -0.259 0.225
30.911 0.537526 -0.259 0.225
31.0052 0.537397 -0.259 0.225
31.1012 0.547444 -0.263722 0.228773
31.2141 0.547604 -0.267127 0.227822
31.3111 0.547778 -0.267472 0.227008
31.4131 0.54813 -0.268098 0.226583
31.5151 0.549775 -0.267972 0.22578
31.627 0.55074 -0.267212 0.225043
31.7325 0.552162 -0.266911 0.225658
31.8308 0.552075 -0.266528 0.226555
31.9386 0.550267 -0.26571 0.22724
32.0519 0.548522 -0.265564 0.227537
32.1615 0.54874 -0.265549 0.227765
32.2592 0.548266 -0.265102 0.228444
32.3616 0.547506 -0.265437 0.22966
32.4624 0.547292 -0.265313 0.229633
32.5542 0.546998 -0.264936 0.229442
32.655 0.546735 -0.264735 0.229876
32.7671 0.546524 -0.264684 0.229561
32.8665 0.54696 -0.264696 0.229881
32.99 0.546523 -0.264976 0.229856
33.1048 0.546277 -0.264624 0.229649
33.2138 0.546542 -0.264358 0.230196
33.3191 0.546266 -0.264547 0.229812
33.4077 0.546673 -0.264658 0.23057
33.4894 0.546623 -0.264856 0.230921
33.5855 0.546051 -0.264963 0.230394
33.7037 0.545889 -0.264763 0.22999
33.8164 0.54574 -0.264969 0.230372
33.9068 0.54588 -0.264872 0.230027
34.0102 0.545562 -0.264975 0.229807
34.1085 0.545612 -0.264903 0.230141
34.2137 0.546049 -0.264784 0.230795
34.3293 0.545143 -0.264768 0.230449
34.4349 0.545752 -0.264944 0.230594
34.5219 0.545311 -0.26496 0.230595
34.6158 0.545664 -0.264615 0.230478
34.7312 0.545295 -0.26556 0.230532
34.8613 0.545485 -0.264363 0.23065
34.9728 0.545762 -0.264816 0.230488
35.069 0.545754 -0.264567 0.230892
35.1632 0.545448 -0.264278 0.230925
35.257 0.545198 -0.264731 0.230042
35.361 0.545924 -0.264972 0.230784
35.4649 0.545824 -0.264335 0.230992
35.5775 0.54562 -0.264478 0.230472
35.6815 0.54531 -0.265049 0.23008
