-1.19209e-06 0.581196 -0.116057 -0.0639552
0.103712 0.581259 -0.115973 -0.0640548
0.245441 0.58118 -0.116043 -0.0641509
0.400518 0.581231 -0.115964 -0.0644302
0.523028 0.581191 -0.116011 -0.0637315
0.639834 0.581104 -0.115902 -0.0640021
0.743109 0.580918 -0.116134 -0.0638363
0.864193 0.58128 -0.116028 -0.0646314
1.00606 0.580921 -0.115937 -0.0638891
1.12937 0.58114 -0.116059 -0.0645911
1.24205 0.581183 -0.115979 -0.0640511
1.37938 0.581048 -0.115951 -0.0644659
1.50398 0.58125 -0.116016 -0.0647717
1.61921 0.581245 -0.11604 -0.0647793
1.74651 0.581113 -0.115936 -0.0644882
1.91992 0.581232 -0.115997 -0.0646878
2.05964 0.581291 -0.116108 -0.0647639
2.18542 0.581155 -0.116017 -0.0647294
2.33062 0.581152 -0.116144 -0.0637919
2.47335 0.581282 -0.116034 -0.0644216
2.57889 0.581103 -0.116154 -0.0639924
2.69757 0.58125 -0.116141 -0.0648888
2.8119 0.581345 -0.116024 -0.0650151
2.97566 0.581554 -0.115397 -0.0647207
3.14113 0.586531 -0.109874 -0.0646356
3.28552 0.59015 -0.105809 -0.0635268
3.44604 0.592779 -0.103033 -0.0631283
3.59219 0.593865 -0.102288 -0.0639364
3.76508 0.594651 -0.100663 -0.0621448
3.90881 0.595714 -0.0998548 -0.0624912
4.03549 0.596365 -0.0991324 -0.0610951
4.1658 0.59652 -0.0985179 -0.061393
4.32402 0.596788 -0.0978745 -0.0607916
4.46736 0.597593 -0.0973861 -0.0605046
4.63486 0.597438 -0.0971457 -0.0602847
4.79338 0.598493 -0.0966471 -0.0603309
4.95534 0.59896 -0.0963171 -0.059804
5.12012 0.598992 -0.0959101 -0.0593695
5.28101 0.598732 -0.0961695 -0.058501
5.43596 0.598653 -0.09679 -0.056995
5.5948 0.599343 -0.0963888 -0.058264
5.76144 0.598941 -0.0965744 -0.0567614
5.91596 0.599355 -0.0965575 -0.0568789
6.07233 0.598968 -0.0970647 -0.0553387
6.20643 0.599402 -0.0969385 -0.0557453
6.35546 0.598939 -0.0971486 -0.0544625
6.50321 0.599517 -0.0975458 -0.0556191
6.66748 0.599473 -0.097723 -0.0544041
6.83021 0.599354 -0.0983738 -0.0531243
6.98346 0.599798 -0.098509 -0.0532919
7.13357 0.600246 -0.099048 -0.0532864
7.30279 0.600082 -0.0991742 -0.0514107
7.46036 0.599666 -0.0998375 -0.052077
7.62832 0.600167 -0.0999824 -0.0505098
7.78535 0.601109 -0.100201 -0.0503422
7.94493 0.600842 -0.10089 -0.0498349
8.11364 0.601159 -0.100355 -0.0500596
8.24916 0.601074 -0.100346 -0.0504295
8.41147 0.601272 -0.100989 -0.048191
8.57429 0.600665 -0.10171 -0.0471555
8.74439 0.600542 -0.101332 -0.0476339
8.91776 0.600481 -0.101773 -0.0465456
9.08437 0.60092 -0.102186 -0.0467092
9.24527 0.601362 -0.101689 -0.0466922
9.4009 0.601081 -0.102655 -0.045196
9.53787 0.601564 -0.102201 -0.0458875
9.69861 0.601649 -0.102928 -0.0451697
9.86764 0.601484 -0.103142 -0.044847
10.0109 0.601669 -0.103127 -0.0444955
10.1531 0.601331 -0.103613 -0.0431359
10.325 0.60152 -0.103941 -0.0429589
10.4701 0.601632 -0.10386 -0.0415083
10.6251 0.601745 -0.104017 -0.0419556
10.7797 0.601305 -0.104176 -0.0408472
10.9326 0.601932 -0.104591 -0.0411307
11.073 0.601837 -0.104742 -0.0401575
11.2468 0.60181 -0.104719 -0.0400496
11.411 0.601942 -0.104754 -0.039366
11.582 0.602196 -0.105364 -0.0398008
11.7374 0.60203 -0.105788 -0.0392779
11.9044 0.602462 -0.105843 -0.0379424
12.0715 0.602598 -0.106486 -0.0368426
12.2353 0.602695 -0.106603 -0.0371451
12.398 0.602497 -0.10775 -0.03545
12.5775 0.603172 -0.1078 -0.0350269
12.7552 0.602476 -0.108066 -0.0347482
12.8981 0.602636 -0.108238 -0.0339078
13.0684 0.603554 -0.108632 -0.0334842
13.2393 0.603305 -0.10896 -0.0327886
13.4077 0.603897 -0.109137 -0.0321829
13.5846 0.603271 -0.109172 -0.031548
13.751 0.60365 -0.10906 -0.0322348
13.9314 0.60353 -0.109481 -0.0309805
14.0834 0.603822 -0.109791 -0.0313188
14.2369 0.60425 -0.110327 -0.0303262
14.3975 0.603593 -0.110071 -0.030186
14.5692 0.604333 -0.110564 -0.0287248
14.7057 0.603991 -0.110435 -0.027636
14.8632 0.603711 -0.111248 -0.0281757
15.0386 0.604276 -0.11156 -0.027223
15.1958 0.604094 -0.111379 -0.0274176
15.3608 0.604218 -0.111124 -0.0260246
15.5232 0.604301 -0.111631 -0.0260718
15.6709 0.604464 -0.111335 -0.0260338
15.8524 0.604408 -0.112096 -0.0257657
16.0156 0.603692 -0.112797 -0.0247286
16.1826 0.604026 -0.112745 -0.0241876
16.3481 0.604985 -0.1128 -0.0230915
16.4991 0.604903 -0.11333 -0.0229662
16.6535 0.604903 -0.11332 -0.0220182
16.8085 0.604769 -0.11385 -0.0219042
16.9676 0.604792 -0.114139 -0.0209819
17.1342 0.604836 -0.114195 -0.0206792
17.3081 0.605444 -0.114184 -0.0200907
17.4968 0.604283 -0.114824 -0.0197349
17.6508 0.604904 -0.115076 -0.0204575
17.8083 0.604911 -0.115162 -0.0191714
17.964 0.606573 -0.115448 -0.0189464
18.1091 0.605 -0.116029 -0.0172675
18.2539 0.606825 -0.115797 -0.0166204
18.3945 0.605698 -0.115901 -0.016436
18.5253 0.606207 -0.115884 -0.0156239
18.6513 0.606229 -0.116003 -0.0162098
18.7917 0.605956 -0.115914 -0.0159346
