5.76973e-05 0.451369 0.191119 -0.0675711 0
0.0962884 0.451471 0.19098 -0.0663013 0
0.197455 0.45144 0.191123 -0.0678379 0
0.313648 0.451279 0.191004 -0.0665359 0
0.428866 0.451369 0.191049 -0.0669171 0
0.525423 0.451412 0.191055 -0.0675015 0
0.622273 0.451433 0.191068 -0.0679951 0
0.722412 0.451356 0.191075 -0.0673125 0
0.822586 0.45136 0.191033 -0.0669942 0
0.947427 0.451354 0.191132 -0.0672663 0
1.05553 0.451344 0.191061 -0.0670826 0
1.16581 0.451345 0.191072 -0.0669741 0
1.28522 0.451447 0.191163 -0.0675266 0
1.38787 0.451314 0.191022 -0.0669118 0
1.53229 0.451296 0.191045 -0.0667458 0
1.64788 0.451439 0.191046 -0.0668991 0
1.77829 0.451411 0.191084 -0.0676298 0
1.90623 0.451383 0.191097 -0.0669657 0
2.01494 0.451408 0.191116 -0.0674794 0
2.14275 0.451395 0.191138 -0.0674424 0
2.27206 0.45147 0.191033 -0.0676495 0
2.3933 0.451348 0.191028 -0.0673133 0
2.53394 0.451379 0.191063 -0.0672283 0
2.64847 0.451405 0.191061 -0.0668604 0
2.80586 0.451513 0.191114 -0.0674714 0
2.9323 0.451413 0.191061 -0.0671917 0
3.06962 0.451381 0.191077 -0.067021 0
3.2003 0.451316 0.19108 -0.067177 0
3.30168 0.451395 0.191049 -0.0669039 0
3.42447 0.451464 0.190968 -0.0663663 0
3.5721 0.451345 0.191083 -0.0670224 0
3.70827 0.451377 0.191005 -0.0672266 0
3.82897 0.451399 0.191094 -0.0676511 0
3.98112 0.451365 0.191049 -0.0674902 0
4.10141 0.451383 0.191099 -0.0678443 0
4.2264 0.451326 0.191051 -0.0671861 0
4.35101 0.45135 0.191072 -0.0674758 0
4.47482 0.451421 0.191147 -0.0676435 0
4.59616 0.451378 0.190998 -0.0673706 0
4.74123 0.451552 0.191131 -0.0666154 0
4.86987 0.451363 0.191019 -0.0677522 0
5.00844 0.451393 0.191074 -0.0667309 0
5.12692 0.451353 0.19108 -0.0676362 0
5.23791 0.45135 0.191065 -0.0670182 0
5.35483 0.451422 0.191105 -0.0673686 0
5.47799 0.451368 0.191071 -0.0665027 0
5.59502 0.451383 0.191106 -0.0677698 0
5.72766 0.451363 0.191055 -0.0671045 0
5.8273 0.451312 0.190996 -0.0667657 0
5.94964 0.451483 0.191237 -0.0661966 0
6.07725 0.451788 0.191663 -0.0676716 0
6.21657 0.451867 0.191637 -0.0663424 0
6.33999 0.452108 0.191952 -0.067874 0
6.46292 0.452258 0.19213 -0.0675015 0
6.59257 0.452445 0.192484 -0.0666609 0
6.6906 0.452408 0.192864 -0.0667666 0
6.8102 0.452817 0.193292 -0.0666225 0
6.9223 0.453031 0.193294 -0.0653118 0
7.05586 0.453451 0.193739 -0.0643319 0
7.17007 0.453857 0.194355 -0.0642844 0
7.30042 0.454108 0.194685 -0.0633277 0
7.42133 0.45417 0.194985 -0.0620855 0
7.54943 0.454424 0.195268 -0.059701 0
7.67625 0.454987 0.195506 -0.057104 0
7.78893 0.455174 0.19593 -0.0568755 0
7.92459 0.455068 0.195786 -0.0547469 0
8.03745 0.4553 0.195894 -0.0527813 0
8.15631 0.455402 0.196039 -0.0545678 0
8.29147 0.455285 0.196443 -0.050613 0
8.41566 0.455176 0.196385 -0.0495959 0
8.54944 0.455694 0.196574 -0.0493568 0
8.686 0.455764 0.196879 -0.0482659 0
8.8071 0.455924 0.196765 -0.0453253 0
8.93793 0.455945 0.196617 -0.0436767 0
9.05368 0.455488 0.196996 -0.0420261 0
9.17449 0.455686 0.197116 -0.0402468 0
9.31388 0.45553 0.196932 -0.0394895 0
9.43431 0.455949 0.197223 -0.0375694 0
9.56296 0.455811 0.196921 -0.0359335 0
9.69792 0.456004 0.197231 -0.0340825 0
9.81774 0.455966 0.197161 -0.0339512 0
9.95329 0.455931 0.197123 -0.03254 0
10.0635 0.455369 0.19706 -0.0315597 0
10.1899 0.455552 0.196983 -0.0310667 1
10.3174 0.455648 0.196854 -0.0292053 1
10.4338 0.455175 0.196763 -0.0284492 1
10.5758 0.455668 0.196845 -0.0280413 1
10.7042 0.45537 0.196688 -0.0278293 1
10.828 0.45552 0.196602 -0.0270671 1
10.9397 0.455193 0.196671 -0.0277924 1
11.0827 0.456517 0.196928 -0.0269887 1
11.1891 0.45715 0.196688 -0.0272824 1
11.3125 0.458731 0.196947 -0.0272659 1
11.4207 0.459869 0.197012 -0.0275853 1
11.5543 0.462617 0.197494 -0.0274867 1
11.6865 0.465065 0.197725 -0.0275492 1
11.8336 0.468791 0.197864 -0.025633 1
11.9555 0.471456 0.197985 -0.0256591 1
12.073 0.475312 0.198095 -0.0264637 1
12.1939 0.478895 0.19889 -0.0262554 1
12.3098 0.484082 0.199192 -0.0251146 1
12.4484 0.487979 0.199115 -0.0255893 1
12.5597 0.492834 0.19897 -0.024274 1
12.6838 0.497316 0.199247 -0.0221759 1
12.8227 0.502992 0.199323 -0.0227917 1
12.9434 0.508649 0.199692 -0.0232618 1
13.0405 0.513302 0.199523 -0.0221574 1
13.17 0.519095 0.199674 -0.0194633 1
13.3046 0.523999 0.199385 -0.0183909 1
13.4304 0.530074 0.199213 -0.0181816 1
13.5454 0.535344 0.199168 -0.0179898 1
13.6699 0.542086 0.199224 -0.0199496 1
13.7965 0.546722 0.198642 -0.0190033 1
13.8997 0.551978 0.198321 -0.0185053 1
14.0302 0.558421 0.197885 -0.01575 1
14.1537 0.562707 0.197341 -0.0159947 1
14.2741 0.567476 0.196659 -0.0170972 1
14.3975 0.572104 0.195945 -0.0161036 1
14.5507 0.57674 0.195531 -0.0177755 1
14.6484 0.581302 0.19513 -0.0162265 1
14.7852 0.585479 0.194576 -0.0173154 1
14.9095 0.588839 0.194286 -0.0166002 1
15.0169 0.592368 0.193926 -0.0168912 1
15.1521 0.595274 0.193173 -0.0184325 1
15.2962 0.598491 0.193032 -0.0185745 1
15.4002 0.60062 0.193135 -0.0187146 1
15.5273 0.601809 0.192535 -0.0192175 2
15.6606 0.603252 0.192511 -0.019236 2
15.8161 0.603536 0.192367 -0.0189065 2
15.9425 0.604116 0.192414 -0.0185935 2
16.071 0.604124 0.192043 -0.0199607 2
16.1947 0.604399 0.191794 -0.0192637 2
16.3079 0.60447 0.191284 -0.019278 2
16.413 0.604541 0.190537 -0.0193063 2
16.5643 0.605533 0.189703 -0.0191119 2
16.6701 0.605717 0.188717 -0.0183862 2
16.8108 0.60617 0.186916 -0.018577 2
16.9242 0.606479 0.185733 -0.0182915 2
17.0655 0.606905 0.183317 -0.0175443 2
17.1859 0.608028 0.181358 -0.017906 2
17.2934 0.608874 0.179514 -0.0168192 2
17.4172 0.609613 0.177326 -0.0162826 2
17.5602 0.610336 0.174634 -0.0169723 2
17.6657 0.610833 0.171619 -0.0156387 2
17.8141 0.611929 0.168347 -0.0177148 2
17.9324 0.612686 0.165162 -0.0163562 2
18.0583 0.613641 0.162045 -0.01921 2
18.1683 0.614461 0.158817 -0.0164277 2
18.2867 0.61508 0.155432 -0.0165318 2
18.4291 0.616399 0.151272 -0.0155277 2
18.5645 0.617576 0.146882 -0.0153641 2
18.6764 0.618797 0.143196 -0.0153869 2
18.8164 0.619739 0.138364 -0.015004 2
18.9266 0.620761 0.134872 -0.0152827 2
19.0736 0.621815 0.12957 -0.0176382 2
19.187 0.622369 0.1273 -0.0156444 2
19.3136 0.623951 0.119527 -0.0169202 2
19.4449 0.624831 0.11497 -0.0159404 2
19.5758 0.626168 0.110017 -0.0150121 2
19.7182 0.627024 0.102953 -0.0160191 2
19.8619 0.628191 0.0975953 -0.014144 2
20.0174 0.62897 0.0929416 -0.014875 2
20.1175 0.629923 0.0888156 -0.0151178 2
20.2489 0.630501 0.0836666 -0.0155482 2
20.3816 0.631608 0.071522 -0.0125858 2
20.4816 0.632023 0.068636 -0.0140786 2
20.6091 0.632421 0.0643885 -0.0148671 2
20.722 0.633224 0.0576541 -0.0156021 2
20.8498 0.633996 0.0519071 -0.0151485 2
20.9811 0.635316 0.0455694 -0.0149205 2
21.0952 0.635238 0.0394972 -0.0159099 2
21.2043 0.635545 0.0337633 -0.0132882 2
21.317 0.635851 0.028447 -0.0157943 2
21.4668 0.636859 0.0211545 -0.0150548 2
21.5801 0.637166 0.0156834 -0.0151651 2
21.7061 0.637095 0.00873911 -0.0158612 2
21.8486 0.637384 0.000820398 -0.013279 2
21.9507 0.637315 -0.00404817 -0.0151592 2
22.076 0.637393 -0.0102877 -0.0156788 2
22.2037 0.637132 -0.0170395 -0.0146305 2
22.3358 0.636287 -0.0237473 -0.015875 2
22.4658 0.636156 -0.0307669 -0.0166329 2
22.6076 0.635644 -0.0383539 -0.0169125 2
22.7321 0.635317 -0.0438625 -0.0159906 2
22.874 0.634687 -0.051708 -0.0171142 2
22.9824 0.634606 -0.0568726 -0.0162946 2
23.1149 0.634532 -0.0634513 -0.0180302 2
23.2412 0.633838 -0.069789 -0.0174952 2
23.3611 0.633207 -0.0767576 -0.0143052 2
23.4803 0.632189 -0.0784894 -0.0166918 2
23.6058 0.631547 -0.0882165 -0.0155353 2
23.7438 0.630601 -0.0954263 -0.0144009 2
23.8642 0.629669 -0.100133 -0.0130626 2
24.0021 0.628359 -0.106233 -0.0117758 2
24.1332 0.625884 -0.112237 -0.0107175 2
24.2673 0.625475 -0.117718 -0.0103056 2
24.4017 0.623657 -0.12363 -0.0100814 2
24.5318 0.622886 -0.128711 -0.00897181 2
24.6729 0.620924 -0.13428 -0.00976171 2
24.8065 0.620156 -0.139714 -0.00956561 2
24.9302 0.61847 -0.144449 -0.0104761 2
25.0777 0.61819 -0.150163 -0.010612 2
25.2139 0.617145 -0.15481 -0.0103504 2
25.3457 0.615844 -0.15979 -0.0106536 2
25.4709 0.615157 -0.163441 -0.0127542 2
25.5941 0.614609 -0.167533 -0.0117537 2
25.7241 0.613576 -0.171044 -0.0117245 2
25.8528 0.612843 -0.175382 -0.0113463 2
25.9811 0.612059 -0.179212 -0.0125512 2
26.1159 0.607476 -0.18299 -0.0130957 2
26.2362 0.606232 -0.186177 -0.0146196 2
26.3636 0.605475 -0.188767 -0.0142413 2
26.4895 0.604458 -0.191113 -0.0150881 2
26.6039 0.603356 -0.192818 -0.0154477 2
26.7064 0.60298 -0.196102 -0.0149607 2
26.8457 0.602969 -0.198558 -0.0136249 2
26.9538 0.602083 -0.199305 -0.0144973 2
27.0575 0.601099 -0.201215 -0.0159335 2
27.1903 0.601535 -0.20291 -0.012937 2
27.3028 0.601339 -0.20374 -0.0122084 3
27.4276 0.601129 -0.204466 -0.0114209 3
27.548 0.600807 -0.205359 -0.0110733 3
27.6938 0.599866 -0.206045 -0.0122722 3
27.8338 0.599859 -0.206357 -0.0107649 3
27.9626 0.598872 -0.206187 -0.0119065 3
28.0949 0.598018 -0.206088 -0.0126835 3
28.195 0.598838 -0.206388 -0.0121458 3
28.3252 0.59746 -0.206399 -0.0127339 3
28.4553 0.598401 -0.20616 -0.0120622 3
28.5498 0.598302 -0.206147 -0.0120433 3
28.6519 0.597246 -0.20614 -0.0115971 3
28.796 0.597203 -0.206607 -0.0121002 3
28.9075 0.59734 -0.206536 -0.0107433 3
29.0369 0.597208 -0.207149 -0.011292 3
29.1757 0.596836 -0.20742 -0.010897 3
29.2998 0.59846 -0.207136 -0.0101999 3
29.4416 0.597795 -0.207499 -0.00920752 3
29.569 0.597629 -0.207912 -0.00917286 3
29.6944 0.598014 -0.208867 -0.0073663 3
29.8127 0.597842 -0.209269 -0.00907332 3
29.9374 0.597221 -0.20953 -0.00742494 3
30.0684 0.598334 -0.209874 -0.00752806 3
30.1985 0.597433 -0.210296 -0.00755503 3
30.3404 0.597697 -0.210428 -0.00606614 4
30.4638 0.597627 -0.210436 -0.00585041 4
30.6063 0.5976 -0.210345 -0.00491532 4
30.7136 0.597884 -0.210653 -0.00428244 4
30.8471 0.598476 -0.210309 -0.00356715 4
30.9982 0.59859 -0.210777 -0.00345993 4
31.0998 0.598247 -0.210649 -0.00395615 4
31.1923 0.598098 -0.211145 -0.00314359 4
31.3181 0.597953 -0.211083 -0.00387842 4
31.4464 0.598534 -0.210049 -0.00332396 4
31.5829 0.598106 -0.208954 -0.00364817 4
31.7225 0.598197 -0.207151 -0.00393319 4
31.8505 0.597788 -0.205662 -0.00479758 4
31.953 0.5982 -0.203998 -0.00421896 4
32.0824 0.598085 -0.201698 -0.00539484 4
32.2072 0.598061 -0.198699 -0.00549947 4
32.3301 0.598388 -0.195915 -0.00456258 4
32.4527 0.598664 -0.191901 -0.00428161 4
32.5842 0.598349 -0.189511 -0.00643183 4
32.7275 0.59859 -0.186626 -0.00689114 4
32.8572 0.5991 -0.183325 -0.00857475 4
32.9778 0.598829 -0.181578 -0.00998449 4
33.0876 0.599262 -0.17947 -0.0120509 4
33.1994 0.598967 -0.17691 -0.0113682 4
33.3213 0.599338 -0.174937 -0.0128008 4
33.4616 0.599287 -0.173196 -0.0156534 4
33.5831 0.597696 -0.170433 -0.0140481 4
33.7162 0.596534 -0.167517 -0.0131279 4
33.8335 0.595658 -0.166258 -0.0139817 4
33.9627 0.596077 -0.165383 -0.0132076 4
34.1003 0.596274 -0.164874 -0.0114146 5
34.2441 0.595949 -0.164354 -0.0116585 5
34.3775 0.595924 -0.164051 -0.0109485 5
34.489 0.596095 -0.165429 -0.0108394 5
34.6239 0.595886 -0.167054 -0.0111358 5
34.7327 0.595982 -0.167224 -0.0102277 5
34.8821 0.596095 -0.167351 -0.0123634 5
34.9773 0.596204 -0.168102 -0.0119949 5
35.1108 0.596335 -0.167739 -0.0130483 5
35.214 0.596698 -0.167887 -0.0137313 5
35.3479 0.596684 -0.167948 -0.0149309 5
35.4645 0.597473 -0.168636 -0.0149068 5
35.5976 0.597453 -0.168553 -0.0141677 5
35.6959 0.597185 -0.16885 -0.0164664 5
35.8199 0.597552 -0.169108 -0.0149766 5
35.9087 0.597687 -0.169756 -0.0162111 5
36.0361 0.59871 -0.169649 -0.0169538 5
36.1542 0.598857 -0.170833 -0.0178456 5
36.2737 0.599578 -0.170511 -0.0168819 5
36.4169 0.599572 -0.171185 -0.0180855 5
36.553 0.599252 -0.170948 -0.0195014 5
36.6428 0.599294 -0.171415 -0.0196915 5
36.78 0.598825 -0.17188 -0.0201278 5
36.9189 0.599003 -0.172582 -0.0211796 5
37.0448 0.599102 -0.172391 -0.0215402 5
37.1787 0.599721 -0.173283 -0.0225228 5
37.2877 0.599755 -0.17332 -0.022457 5
37.4066 0.599749 -0.173695 -0.0216935 5
37.5328 0.600114 -0.174023 -0.0216629 5
37.6638 0.600811 -0.174214 -0.0225387 5
37.7887 0.600756 -0.174647 -0.0215553 5
37.876 0.601416 -0.175231 -0.0233949 5
38.0184 0.601376 -0.174814 -0.0230389 5
38.1193 0.602248 -0.17578 -0.0223933 5
38.2541 0.602287 -0.175664 -0.0219462 5
38.3607 0.60277 -0.177331 -0.021426 5
38.4852 0.603205 -0.177007 -0.0224881 5
38.5884 0.602866 -0.176737 -0.0218084 5
38.736 0.602797 -0.176495 -0.0228779 5
38.852 0.603034 -0.176878 -0.0226728 5
38.9659 0.602887 -0.177007 -0.0229203 5
39.0793 0.60333 -0.175881 -0.0225276 5
39.2162 0.603061 -0.17645 -0.0222305 5
39.3162 0.603435 -0.177798 -0.0238416 5
39.4384 0.603753 -0.177197 -0.0283636 5
39.5508 0.604602 -0.174769 -0.0255998 5
39.6885 0.603172 -0.174999 -0.0237761 5
39.7904 0.60366 -0.176587 -0.0259999 5
39.9324 0.601833 -0.178483 -0.0300249 5
40.0453 0.602734 -0.178341 -0.0304765 5
40.167 0.602775 -0.178614 -0.0306382 5
40.3059 0.602564 -0.17865 -0.0299765 5
40.3982 0.602413 -0.178395 -0.0286969 5
40.5221 0.602722 -0.178798 -0.0302998 5
40.6361 0.602788 -0.178767 -0.0304543 5
40.7578 0.602316 -0.178985 -0.0299972 5
40.8728 0.602665 -0.179071 -0.0299568 5
40.9897 0.602739 -0.178879 -0.030867 5
41.097 0.602934 -0.179063 -0.030551 5
41.2315 0.602848 -0.178371 -0.0301581 5
41.3436 0.602675 -0.179215 -0.0309359 5
41.4544 0.602853 -0.179442 -0.0305899 5
41.5684 0.603146 -0.179678 -0.03074 5
41.6996 0.602842 -0.179536 -0.0302476 5
41.8065 0.602663 -0.179402 -0.0297766 5
41.9208 0.602918 -0.179892 -0.0306904 5
42.0372 0.602766 -0.179367 -0.0301554 5
42.1689 0.60267 -0.179772 -0.0303925 5
42.2778 0.60311 -0.180295 -0.0309312 5
42.4317 0.603306 -0.180578 -0.0303103 5
42.5604 0.602866 -0.180776 -0.0306925 5
42.6661 0.602571 -0.180456 -0.0311595 5
42.7757 0.603378 -0.18097 -0.0320944 5
42.885 0.603177 -0.180814 -0.0317987 5
43.0083 0.603422 -0.18094 -0.031408 5
43.1353 0.603235 -0.180876 -0.031268 5
43.2253 0.602637 -0.18077 -0.0311857 5
43.3724 0.602821 -0.181001 -0.0318107 5
43.4669 0.602965 -0.180165 -0.0305214 5
43.5724 0.602085 -0.180815 -0.0309273 5
43.6667 0.6032 -0.180721 -0.0317415 5
