5.76973e-05 0.326562 0.191296 -0.0741724 0
0.0962884 0.32654 0.191292 -0.074181 0
0.197455 0.326567 0.191287 -0.0740945 0
0.313648 0.326492 0.191203 -0.0734866 0
0.428866 0.326564 0.191259 -0.0736668 0
0.525423 0.32656 0.191317 -0.0745933 0
0.622273 0.326548 0.191292 -0.0747063 0
0.722412 0.326554 0.191252 -0.0743172 0
0.822586 0.326509 0.191256 -0.0741165 0
0.947427 0.326536 0.191323 -0.0737954 0
1.05553 0.326608 0.1913 -0.0739933 0
1.16581 0.326517 0.191237 -0.0734465 0
1.28522 0.326602 0.191382 -0.0743272 0
1.38787 0.3265 0.19124 -0.07374 0
1.53229 0.326501 0.191196 -0.0728551 0
1.64788 0.326491 0.191199 -0.0732485 0
1.77829 0.326525 0.191283 -0.0741788 0
1.90623 0.326562 0.191327 -0.0744225 0
2.01494 0.326571 0.191463 -0.07538 0
2.14275 0.326606 0.191354 -0.0745635 0
2.27206 0.326542 0.191287 -0.0743543 0
2.3933 0.326503 0.191262 -0.0739219 0
2.53394 0.326557 0.191296 -0.0740667 0
2.64847 0.326527 0.191266 -0.0735111 0
2.80586 0.326576 0.191314 -0.0744227 0
2.9323 0.32651 0.191272 -0.0739705 0
3.06962 0.326547 0.191405 -0.0749157 0
3.2003 0.32651 0.191294 -0.0739583 0
3.30168 0.326557 0.191279 -0.0739887 0
3.42447 0.326501 0.191276 -0.0744746 0
3.5721 0.326494 0.191258 -0.0736501 0
3.70827 0.326499 0.191259 -0.073703 0
3.82897 0.326482 0.191233 -0.0739648 0
3.98112 0.326546 0.191216 -0.073987 0
4.10141 0.326508 0.191221 -0.0738393 0
4.2264 0.326544 0.191241 -0.0739455 0
4.35101 0.326582 0.191281 -0.0745918 0
4.47482 0.32655 0.191331 -0.0742884 0
4.59616 0.326511 0.191298 -0.0746252 0
4.74123 0.326602 0.191382 -0.0739847 0
4.86987 0.326514 0.19122 -0.0742615 0
5.00844 0.326493 0.19123 -0.0730888 0
5.12692 0.326531 0.191206 -0.0740095 0
5.23791 0.326519 0.19125 -0.0739188 0
5.35483 0.326558 0.191393 -0.0746191 0
5.47799 0.326529 0.191247 -0.0730128 0
5.59502 0.326519 0.191226 -0.0734794 0
5.72766 0.326516 0.191253 -0.0737624 0
5.8273 0.326446 0.191211 -0.0736765 0
5.94964 0.326709 0.191521 -0.0738249 0
6.07725 0.326973 0.191944 -0.0751302 0
6.21657 0.327033 0.191888 -0.0733537 0
6.33999 0.327294 0.192147 -0.074339 0
6.46292 0.327393 0.192353 -0.0738136 0
6.59257 0.32745 0.192645 -0.0725316 0
6.6906 0.327469 0.192946 -0.0715581 0
6.8102 0.327694 0.193383 -0.0714458 0
6.9223 0.327749 0.193411 -0.0702937 0
7.05586 0.327881 0.193902 -0.0702245 0
7.17007 0.327713 0.19444 -0.0704542 0
7.30042 0.328317 0.194757 -0.0694621 0
7.42133 0.328 0.195207 -0.0694996 0
7.54943 0.328738 0.195572 -0.0680544 0
7.67625 0.32882 0.196184 -0.0673506 0
7.78893 0.328684 0.196407 -0.0669086 0
7.92459 0.328439 0.196451 -0.0648551 0
8.03745 0.328447 0.196757 -0.0643075 0
8.15631 0.328918 0.196936 -0.063768 0
8.29147 0.32725 0.197272 -0.061913 0
8.41566 0.326822 0.196933 -0.0601103 0
8.54944 0.327047 0.197343 -0.0602399 0
8.686 0.327857 0.197646 -0.0587422 0
8.8071 0.32596 0.197904 -0.0587272 0
8.93793 0.327104 0.197967 -0.0564887 0
9.05368 0.327856 0.197724 -0.0536832 0
9.17449 0.328339 0.197736 -0.0515305 0
9.31388 0.328337 0.19762 -0.0503214 0
9.43431 0.328611 0.197933 -0.0483444 0
9.56296 0.327146 0.197831 -0.0482707 0
9.69792 0.327332 0.197653 -0.0456305 0
9.81774 0.327381 0.197846 -0.0449863 0
9.95329 0.326442 0.197533 -0.0433184 0
10.0635 0.326444 0.197306 -0.0419765 0
10.1899 0.327572 0.197449 -0.0398313 1
10.3174 0.327021 0.197545 -0.039396 1
10.4338 0.326436 0.197618 -0.0394113 1
10.5758 0.326999 0.197473 -0.0380165 1
10.7042 0.326471 0.197402 -0.0378023 1
10.828 0.326707 0.197328 -0.0377604 1
10.9397 0.32651 0.197476 -0.0385889 1
11.0827 0.327859 0.197568 -0.0370165 1
11.1891 0.327617 0.197564 -0.0378708 1
11.3125 0.330008 0.197803 -0.0363492 1
11.4207 0.330612 0.197847 -0.0365977 1
11.5543 0.334232 0.198109 -0.0349314 1
11.6865 0.337078 0.198598 -0.0345255 1
11.8336 0.339608 0.198855 -0.0340604 1
11.9555 0.342732 0.199233 -0.0345955 1
12.073 0.346481 0.199089 -0.0333913 1
12.1939 0.350961 0.199719 -0.0323191 1
12.3098 0.355241 0.199584 -0.0307091 1
12.4484 0.35882 0.200022 -0.0311182 1
12.5597 0.364078 0.200041 -0.0303715 1
12.6838 0.36884 0.199836 -0.0285512 1
12.8227 0.37505 0.200238 -0.0280099 1
12.9434 0.380605 0.199757 -0.0257914 1
13.0405 0.384341 0.20002 -0.027206 1
13.17 0.39131 0.19979 -0.0245506 1
13.3046 0.395976 0.199872 -0.0243493 1
13.4304 0.401562 0.199396 -0.0233707 1
13.5454 0.40693 0.199642 -0.0243773 1
13.6699 0.414583 0.199731 -0.0255026 1
13.7965 0.418521 0.19902 -0.0235893 1
13.8997 0.424633 0.199009 -0.0240697 1
14.0302 0.430769 0.198597 -0.0227427 1
14.1537 0.43499 0.19832 -0.0237201 1
14.2741 0.440886 0.197744 -0.0236065 1
14.3975 0.445078 0.197168 -0.024165 1
14.5507 0.450337 0.196633 -0.0240737 1
14.6484 0.453714 0.19611 -0.0252603 1
14.7852 0.459736 0.195718 -0.0244589 1
14.9095 0.461639 0.194989 -0.0252535 1
15.0169 0.467582 0.194795 -0.0240386 1
15.1521 0.468211 0.193994 -0.0262922 1
15.2962 0.471954 0.193628 -0.0250641 1
15.4002 0.474544 0.193209 -0.0262358 1
15.5273 0.476081 0.192959 -0.0268459 2
15.6606 0.477466 0.192782 -0.0277983 2
15.8161 0.477248 0.192538 -0.0289926 2
15.9425 0.47789 0.192537 -0.0297682 2
16.071 0.478699 0.192493 -0.0312613 2
16.1947 0.479774 0.19204 -0.0288718 2
16.3079 0.478975 0.191624 -0.0295066 2
16.413 0.479358 0.190872 -0.0290116 2
16.5643 0.480284 0.189707 -0.027437 2
16.6701 0.479659 0.188973 -0.028999 2
16.8108 0.481102 0.187251 -0.0259065 2
16.9242 0.481202 0.185456 -0.025 2
17.0655 0.480989 0.183294 -0.0271302 2
17.1859 0.482236 0.181792 -0.0266061 2
17.2934 0.482438 0.17989 -0.0273751 2
17.4172 0.483875 0.177437 -0.0228709 2
17.5602 0.484095 0.174861 -0.0242447 2
17.6657 0.484797 0.171394 -0.0240024 2
17.8141 0.48503 0.168391 -0.0261672 2
17.9324 0.486333 0.165506 -0.0266524 2
18.0583 0.487507 0.162258 -0.0281543 2
18.1683 0.488746 0.159006 -0.0243281 2
18.2867 0.488843 0.155502 -0.0252817 2
18.4291 0.49045 0.15142 -0.0238145 2
18.5645 0.490416 0.14673 -0.0243344 2
18.6764 0.491387 0.143522 -0.0244625 2
18.8164 0.492139 0.138048 -0.0239804 2
18.9266 0.494916 0.134954 -0.0230018 2
19.0736 0.49509 0.129743 -0.0264367 2
19.187 0.496433 0.127305 -0.0243775 2
19.3136 0.497842 0.119705 -0.025265 2
19.4449 0.498564 0.115126 -0.0234578 2
19.5758 0.499335 0.110156 -0.0250396 2
19.7182 0.500337 0.10346 -0.028114 2
19.8619 0.501752 0.0978534 -0.023141 2
20.0174 0.502614 0.0927526 -0.0223582 2
20.1175 0.503699 0.0882968 -0.0217472 2
20.2489 0.503671 0.0834101 -0.0242768 2
20.3816 0.503846 0.0712043 -0.0195402 2
20.4816 0.504332 0.0685745 -0.0220644 2
20.6091 0.505939 0.0645519 -0.0245448 2
20.722 0.507836 0.0574187 -0.0230719 2
20.8498 0.507151 0.0518417 -0.0218533 2
20.9811 0.508724 0.0463041 -0.0232448 2
21.0952 0.508474 0.0400102 -0.0244554 2
21.2043 0.50911 0.0335614 -0.020013 2
21.317 0.508889 0.0282911 -0.0219157 2
21.4668 0.508936 0.0214158 -0.0238754 2
21.5801 0.509706 0.0159619 -0.0244518 2
21.7061 0.509932 0.00919506 -0.025044 2
21.8486 0.51065 0.000830621 -0.021838 2
21.9507 0.511173 -0.00400272 -0.0239174 2
22.076 0.510097 -0.0104959 -0.0276905 2
22.2037 0.510131 -0.0166503 -0.0261568 2
22.3358 0.510205 -0.0238194 -0.0253593 2
22.4658 0.509924 -0.0307117 -0.0273372 2
22.6076 0.509517 -0.0383892 -0.028291 2
22.7321 0.509337 -0.0441868 -0.0254991 2
22.874 0.50906 -0.0516241 -0.0282142 2
22.9824 0.508565 -0.056713 -0.0275911 2
23.1149 0.507136 -0.0635225 -0.0305161 2
23.2412 0.507636 -0.0698224 -0.0278498 2
23.3611 0.506512 -0.0767924 -0.0247386 2
23.4803 0.505528 -0.0788673 -0.0259965 2
23.6058 0.504969 -0.0881199 -0.0247415 2
23.7438 0.503771 -0.0958235 -0.0246608 2
23.8642 0.502901 -0.100465 -0.0255034 2
24.0021 0.501534 -0.107313 -0.0205869 2
24.1332 0.499642 -0.112421 -0.0210134 2
24.2673 0.499658 -0.117656 -0.0224214 2
24.4017 0.498357 -0.122984 -0.0208069 2
24.5318 0.496804 -0.127521 -0.0187287 2
24.6729 0.494909 -0.133629 -0.0215133 2
24.8065 0.494138 -0.138015 -0.0209767 2
24.9302 0.49182 -0.14359 -0.0215405 2
25.0777 0.491749 -0.148842 -0.0224083 2
25.2139 0.489598 -0.153259 -0.0203175 2
25.3457 0.489224 -0.1592 -0.025263 2
25.4709 0.488794 -0.162486 -0.0240922 2
25.5941 0.486103 -0.167024 -0.0247365 2
25.7241 0.482418 -0.17023 -0.0260523 2
25.8528 0.481838 -0.174106 -0.0249668 2
25.9811 0.480316 -0.178109 -0.026063 2
26.1159 0.479844 -0.1819 -0.0258953 2
26.2362 0.478527 -0.185633 -0.0283316 2
26.3636 0.477679 -0.187968 -0.0283253 2
26.4895 0.475507 -0.190911 -0.0290679 2
26.6039 0.47539 -0.19261 -0.0275378 2
26.7064 0.473673 -0.195449 -0.0278303 2
26.8457 0.473341 -0.197956 -0.0270825 2
26.9538 0.47188 -0.199199 -0.0281637 2
27.0575 0.470897 -0.200473 -0.0278346 2
27.1903 0.470314 -0.202203 -0.0269319 2
27.3028 0.470208 -0.203715 -0.0276769 3
27.4276 0.469766 -0.204259 -0.0263165 3
27.548 0.469437 -0.204981 -0.0258588 3
27.6938 0.469402 -0.205905 -0.0271464 3
27.8338 0.469526 -0.20653 -0.0261276 3
27.9626 0.469118 -0.206722 -0.0267984 3
28.0949 0.469075 -0.206671 -0.0275474 3
28.195 0.469104 -0.206657 -0.0270589 3
28.3252 0.469353 -0.206595 -0.0273907 3
28.4553 0.469088 -0.206382 -0.0270515 3
28.5498 0.468891 -0.206367 -0.0267647 3
28.6519 0.46955 -0.206851 -0.0277837 3
28.796 0.469252 -0.207041 -0.0269607 3
28.9075 0.468853 -0.206904 -0.0260893 3
29.0369 0.469016 -0.207351 -0.0264236 3
29.1757 0.468661 -0.20784 -0.0265043 3
29.2998 0.468901 -0.207769 -0.0261008 3
29.4416 0.468334 -0.20799 -0.0260386 3
29.569 0.468277 -0.20831 -0.0258381 3
29.6944 0.468076 -0.208963 -0.0246198 3
29.8127 0.468001 -0.208681 -0.0235642 3
29.9374 0.468144 -0.208894 -0.022794 3
30.0684 0.46873 -0.209442 -0.0224464 3
30.1985 0.468813 -0.210243 -0.0212555 3
30.3404 0.469013 -0.210255 -0.0193297 4
30.4638 0.467811 -0.210149 -0.0200489 4
30.6063 0.467941 -0.210893 -0.0193399 4
30.7136 0.468192 -0.210529 -0.018197 4
30.8471 0.468911 -0.211462 -0.0158887 4
30.9982 0.467422 -0.211394 -0.0176508 4
31.0998 0.467352 -0.211335 -0.0179242 4
31.1923 0.467921 -0.211685 -0.0152661 4
31.3181 0.466952 -0.211418 -0.0178661 4
31.4464 0.467891 -0.21114 -0.0162607 4
31.5829 0.467199 -0.210016 -0.0178374 4
31.7225 0.467634 -0.208492 -0.0171907 4
31.8505 0.468832 -0.206418 -0.0150621 4
31.953 0.468359 -0.204916 -0.017556 4
32.0824 0.468837 -0.202362 -0.0171544 4
32.2072 0.468595 -0.199551 -0.0195371 4
32.3301 0.468641 -0.196985 -0.0186317 4
32.4527 0.469907 -0.193651 -0.0181307 4
32.5842 0.470109 -0.191114 -0.0211485 4
32.7275 0.469403 -0.187631 -0.0230004 4
32.8572 0.470147 -0.18448 -0.0241753 4
32.9778 0.470028 -0.181762 -0.0252481 4
33.0876 0.470037 -0.179165 -0.0260536 4
33.1994 0.470566 -0.177238 -0.0272907 4
33.3213 0.470251 -0.175124 -0.0282116 4
33.4616 0.470519 -0.173115 -0.0302052 4
33.5831 0.471052 -0.170946 -0.0300024 4
33.7162 0.47027 -0.169241 -0.0307707 4
33.8335 0.4707 -0.167575 -0.029658 4
33.9627 0.469677 -0.166862 -0.0294073 4
34.1003 0.468999 -0.166246 -0.0287682 5
34.2441 0.468473 -0.165389 -0.0280683 5
34.3775 0.468661 -0.165298 -0.0277362 5
34.489 0.468896 -0.166202 -0.02699 5
34.6239 0.468387 -0.167995 -0.0272248 5
34.7327 0.468418 -0.168043 -0.0264596 5
34.8821 0.46881 -0.168703 -0.0291244 5
34.9773 0.468901 -0.169403 -0.0290334 5
35.1108 0.469197 -0.169029 -0.0288519 5
35.214 0.470073 -0.169037 -0.0288408 5
35.3479 0.470349 -0.169216 -0.029706 5
35.4645 0.470156 -0.169782 -0.0296962 5
35.5976 0.47026 -0.169686 -0.0293557 5
35.6959 0.470398 -0.170364 -0.0301044 5
35.8199 0.470715 -0.170326 -0.0295349 5
35.9087 0.470815 -0.170958 -0.0294582 5
36.0361 0.470852 -0.170588 -0.030023 5
36.1542 0.471033 -0.171447 -0.0310739 5
36.2737 0.470841 -0.171133 -0.030662 5
36.4169 0.471048 -0.171525 -0.0311124 5
36.553 0.471232 -0.171593 -0.0315256 5
36.6428 0.471547 -0.17249 -0.0314245 5
36.78 0.471277 -0.172118 -0.0320619 5
36.9189 0.471957 -0.172813 -0.032387 5
37.0448 0.472461 -0.172476 -0.0322507 5
37.1787 0.472716 -0.173188 -0.0326531 5
37.2877 0.472727 -0.172972 -0.0325222 5
37.4066 0.472906 -0.173754 -0.032906 5
37.5328 0.473116 -0.173887 -0.0318693 5
37.6638 0.473695 -0.17434 -0.0324678 5
37.7887 0.473708 -0.174355 -0.0331443 5
37.876 0.473734 -0.175382 -0.0332475 5
38.0184 0.474053 -0.174956 -0.0330344 5
38.1193 0.474284 -0.175978 -0.0328626 5
38.2541 0.474642 -0.175816 -0.0329866 5
38.3607 0.475814 -0.177013 -0.0315633 5
38.4852 0.475309 -0.17679 -0.032952 5
38.5884 0.475596 -0.176341 -0.0321876 5
38.736 0.475122 -0.176217 -0.0337561 5
38.852 0.475413 -0.176879 -0.0339084 5
38.9659 0.475355 -0.176758 -0.0334186 5
39.0793 0.475789 -0.175264 -0.0334253 5
39.2162 0.475475 -0.176205 -0.0332517 5
39.3162 0.476075 -0.177191 -0.033589 5
39.4384 0.475926 -0.176487 -0.0343487 5
39.5508 0.475855 -0.174295 -0.0346845 5
39.6885 0.474528 -0.174266 -0.0350675 5
39.7904 0.475062 -0.175651 -0.0354804 5
39.9324 0.475922 -0.176669 -0.0364545 5
40.0453 0.475307 -0.177927 -0.0359456 5
40.167 0.475011 -0.177978 -0.0350687 5
40.3059 0.475643 -0.178134 -0.0344076 5
40.3982 0.475281 -0.178309 -0.0342151 5
40.5221 0.475231 -0.178334 -0.0354773 5
40.6361 0.474995 -0.178459 -0.0358899 5
40.7578 0.475493 -0.178435 -0.0349306 5
40.8728 0.475078 -0.178584 -0.0343762 5
40.9897 0.475561 -0.178635 -0.0354713 5
41.097 0.475355 -0.17883 -0.0354367 5
41.2315 0.475421 -0.178849 -0.0360703 5
41.3436 0.475026 -0.178893 -0.0361428 5
41.4544 0.475287 -0.178965 -0.0359644 5
41.5684 0.475286 -0.179082 -0.0354305 5
41.6996 0.475511 -0.179219 -0.035892 5
41.8065 0.47546 -0.179521 -0.0359835 5
41.9208 0.475394 -0.179465 -0.0355568 5
42.0372 0.475318 -0.179673 -0.0360549 5
42.1689 0.475911 -0.179744 -0.0358861 5
42.2778 0.475431 -0.179846 -0.0361551 5
42.4317 0.475733 -0.180041 -0.0355987 5
42.5604 0.475952 -0.18019 -0.035563 5
42.6661 0.475923 -0.180196 -0.0358763 5
42.7757 0.475629 -0.180307 -0.03691 5
42.885 0.475499 -0.180402 -0.0371358 5
43.0083 0.475914 -0.180055 -0.0357225 5
43.1353 0.475821 -0.180043 -0.0364747 5
43.2253 0.475949 -0.180049 -0.0366415 5
43.3724 0.475486 -0.179967 -0.0358722 5
43.4669 0.475882 -0.180226 -0.036717 5
43.5724 0.47607 -0.180334 -0.0361869 5
43.6667 0.475477 -0.180182 -0.0368257 5
