5.76973e-05 0.385971 0.0993083 0.166247 0 0
0.0962884 0.385973 0.099293 0.166233 0 0
0.197455 0.38598 0.0992958 0.166241 0 0
0.313648 0.385973 0.099304 0.166231 0 0
0.428866 0.385974 0.0993015 0.166243 0 0
0.525423 0.385976 0.0993129 0.166236 0 0
0.622273 0.38598 0.0992874 0.166244 0 0
0.722412 0.385967 0.0993034 0.16624 0 0
0.822586 0.385973 0.0993081 0.16622 0 0
0.947427 0.385986 0.0993078 0.166256 0 0
1.05553 0.385977 0.0993004 0.16625 0 0
1.16581 0.385978 0.0992884 0.166248 0 0
1.28522 0.385996 0.0993055 0.166273 0 0
1.38787 0.385977 0.0992944 0.166243 0 0
1.53229 0.38597 0.099285 0.166238 0 0
1.64788 0.385985 0.0992896 0.166251 0 0
1.77829 0.385978 0.0992907 0.166249 0 0
1.90623 0.385983 0.0993018 0.166251 0 0
2.01494 0.385981 0.0993031 0.166256 0 0
2.14275 0.385976 0.0993161 0.166259 0 0
2.27206 0.385982 0.0992931 0.166237 0 0
2.3933 0.385975 0.0992941 0.166235 0 0
2.53394 0.385974 0.0992988 0.166241 0 0
2.64847 0.385978 0.0993119 0.166249 0 0
2.80586 0.385981 0.0993017 0.166254 0 0
2.9323 0.385971 0.0992974 0.166249 0 0
3.06962 0.385973 0.0993136 0.16625 0 0
3.2003 0.385975 0.0993015 0.166242 0 0
3.30168 0.385991 0.0993022 0.166249 0 0
3.42447 0.385963 0.0992904 0.166237 0 0
3.5721 0.385976 0.0992915 0.166235 0 0
3.70827 0.385981 0.0992767 0.166243 0 0
3.82897 0.385978 0.0992958 0.166244 0 0
3.98112 0.385985 0.0992933 0.16624 0 0
4.10141 0.385959 0.0993009 0.166236 0 0
4.2264 0.385978 0.0993013 0.166235 0 0
4.35101 0.38599 0.099303 0.166249 0 0
4.47482 0.385973 0.0993131 0.166254 0 0
4.59616 0.385968 0.0993059 0.166225 0 0
4.74123 0.385991 0.0993194 0.166276 0 0
4.86987 0.385967 0.0992958 0.166221 0 0
5.00844 0.385973 0.0993131 0.166249 0 0
5.12692 0.385974 0.0992859 0.166248 0 0
5.23791 0.385987 0.0992907 0.166253 0 0
5.35483 0.38598 0.0993011 0.166248 0 0
5.47799 0.385984 0.0992823 0.166269 0 0
5.59502 0.38597 0.0992967 0.166236 0 0
5.72766 0.385966 0.0993059 0.16624 0 0
5.8273 0.385978 0.0993034 0.166251 0 0
5.94964 0.386047 0.0993237 0.166656 0 0
6.07725 0.386103 0.0993523 0.167291 0 0
6.21657 0.3862 0.0993882 0.168105 0 0
6.33999 0.386311 0.0994206 0.169038 0 0
6.46292 0.386394 0.0994746 0.170101 0 0
6.59257 0.386553 0.0995088 0.171524 0 0
6.6906 0.386658 0.0995287 0.1726 0 0
6.8102 0.38681 0.0996067 0.174147 0 0
6.9223 0.386901 0.0996472 0.175531 0 0
7.05586 0.387057 0.0997203 0.177491 0 0
7.17007 0.387217 0.0997639 0.179371 0 0
7.30042 0.387349 0.0998248 0.181448 0 0
7.42133 0.387482 0.0998456 0.183453 0 0
7.54943 0.387596 0.0998631 0.185686 0 0
7.67625 0.387723 0.0998917 0.188035 0 0
7.78893 0.38781 0.0999111 0.19011 0 0
7.92459 0.387875 0.0999105 0.192653 0 0
8.03745 0.387961 0.0999057 0.194838 0 0
8.15631 0.388003 0.099886 0.197164 0 0
8.29147 0.388068 0.0998809 0.199818 0 0
8.41566 0.388085 0.0998207 0.202316 0 0
8.54944 0.388088 0.0998069 0.204824 0 0
8.686 0.388104 0.0997603 0.207435 0 0
8.8071 0.388047 0.0996772 0.2097 0 0
8.93793 0.387978 0.0996106 0.212125 0 0
9.05368 0.387929 0.0995095 0.214239 0 0
9.17449 0.387885 0.0994547 0.216365 0 0
9.31388 0.387781 0.0993473 0.21856 0 0
9.43431 0.38772 0.0993216 0.220492 0 0
9.56296 0.387618 0.0992246 0.222288 0 0
9.69792 0.387522 0.0991159 0.224166 0 0
9.81774 0.387446 0.0990624 0.22553 0 0
9.95329 0.387331 0.0989746 0.227067 0 0
10.0635 0.387292 0.0988956 0.228156 0 0
10.1899 0.387217 0.0988685 0.229215 0 1
10.3174 0.387129 0.0987693 0.230009 0 1
10.4338 0.387108 0.0987477 0.230568 0 1
10.5758 0.387068 0.0987176 0.230964 0 1
10.7042 0.387072 0.0987187 0.231067 0 1
10.828 0.387061 0.0986938 0.231069 0 1
10.9397 0.387166 0.098686 0.231113 0 1
11.0827 0.388072 0.0988112 0.231334 0 1
11.1891 0.38912 0.0989279 0.231447 0 1
11.3125 0.39084 0.099164 0.231759 0 1
11.4207 0.392561 0.0994189 0.232044 0 1
11.5543 0.395283 0.0997361 0.232453 0 1
11.6865 0.398512 0.100069 0.233014 0 1
11.8336 0.402308 0.100519 0.233521 0 1
11.9555 0.405852 0.100942 0.234043 0 1
12.073 0.409736 0.101227 0.234562 0 1
12.1939 0.413831 0.101611 0.235127 0 1
12.3098 0.417833 0.101975 0.235463 0 1
12.4484 0.423381 0.102329 0.236072 0 1
12.5597 0.427465 0.102593 0.236409 0 1
12.6838 0.432698 0.102934 0.236765 0 1
12.8227 0.438878 0.103108 0.237223 0 1
12.9434 0.444041 0.10333 0.237417 0 1
13.0405 0.448372 0.103428 0.23759 0 1
13.17 0.454051 0.103465 0.2378 0 1
13.3046 0.46023 0.103555 0.237876 0 1
13.4304 0.466008 0.103468 0.237869 0 1
13.5454 0.471075 0.103459 0.237888 0 1
13.6699 0.476901 0.103183 0.237728 0 1
13.7965 0.482452 0.103016 0.237528 0 1
13.8997 0.486687 0.102787 0.237376 0 1
14.0302 0.492476 0.102458 0.237008 0 1
14.1537 0.49742 0.102151 0.236736 0 1
14.2741 0.502211 0.101686 0.236349 0 1
14.3975 0.50708 0.101258 0.235931 0 1
14.5507 0.512591 0.100743 0.235433 0 1
14.6484 0.515814 0.100368 0.234955 0 1
14.7852 0.520038 0.0999706 0.234486 0 1
14.9095 0.523709 0.0994857 0.234085 0 1
15.0169 0.526441 0.0990835 0.233761 0 1
15.1521 0.529573 0.0986637 0.233181 0 1
15.2962 0.532348 0.0983204 0.232847 0 1
15.4002 0.533953 0.0981121 0.232669 0 1
15.5273 0.535498 0.0978165 0.232377 0 2
15.6606 0.536613 0.0977003 0.232254 0 2
15.8161 0.537013 0.0976368 0.232135 0 2
15.9425 0.537015 0.0976226 0.232153 0 2
16.071 0.537013 0.0975436 0.232108 0 2
16.1947 0.537185 0.0971348 0.23213 0 2
16.3079 0.537404 0.096609 0.232154 0 2
16.413 0.537659 0.0959503 0.232167 0 2
16.5643 0.538131 0.0948149 0.232201 0 2
16.6701 0.538509 0.093792 0.232214 0 2
16.8108 0.539067 0.0923388 0.232266 0 2
16.9242 0.539612 0.0908222 0.232299 0 2
17.0655 0.540361 0.0887668 0.232306 0 2
17.1859 0.541046 0.0869049 0.232319 0 2
17.2934 0.541769 0.084894 0.23236 0 2
17.4172 0.542572 0.0825611 0.232316 0 2
17.5602 0.543558 0.079857 0.232424 0 2
17.6657 0.544384 0.0773901 0.232423 0 2
17.8141 0.545597 0.0738773 0.232446 0 2
17.9324 0.546512 0.0710131 0.232499 0 2
18.0583 0.547587 0.0677252 0.232541 0 2
18.1683 0.548569 0.064597 0.232582 0 2
18.2867 0.549609 0.0612112 0.232617 0 2
18.4291 0.550937 0.0568965 0.232733 0 2
18.5645 0.552184 0.0526739 0.232763 0 2
18.6764 0.553153 0.0492269 0.232774 0 2
18.8164 0.554474 0.0443619 0.232858 0 2
18.9266 0.555435 0.0408025 0.232903 0 2
19.0736 0.556825 0.0354016 0.23298 0 2
19.187 0.557332 0.0334249 0.232989 0 2
19.3136 0.559218 0.0255827 0.233075 0 2
19.4449 0.560302 0.0208751 0.233079 0 2
19.5758 0.561302 0.0161211 0.233061 0 2
19.7182 0.562657 0.0096163 0.233176 0 2
19.8619 0.563802 0.00378899 0.233242 0 2
20.0174 0.564607 -0.000776284 0.233291 0 2
20.1175 0.565295 -0.00452841 0.233324 0 2
20.2489 0.56611 -0.00932307 0.23328 0 2
20.3816 0.568075 -0.0217315 0.233475 0 2
20.4816 0.568361 -0.0241954 0.233506 0 2
20.6091 0.568938 -0.0285644 0.23343 0 2
20.722 0.569797 -0.0354217 0.233522 0 2
20.8498 0.570461 -0.0412573 0.233582 0 2
20.9811 0.571081 -0.0476555 0.233581 0 2
21.0952 0.571558 -0.0533933 0.233584 0 2
21.2043 0.571964 -0.0585665 0.233624 0 2
21.317 0.572407 -0.0644167 0.233668 0 2
21.4668 0.572813 -0.0716558 0.23372 0 2
21.5801 0.573059 -0.0773147 0.233725 0 2
21.7061 0.573308 -0.0837396 0.233783 0 2
21.8486 0.573451 -0.0911855 0.233739 0 2
21.9507 0.573517 -0.0964503 0.233768 0 2
22.076 0.5735 -0.102553 0.233748 0 2
22.2037 0.573428 -0.109177 0.233844 0 2
22.3358 0.57331 -0.116118 0.233823 0 2
22.4658 0.573042 -0.122639 0.233797 0 2
22.6076 0.572693 -0.130004 0.233814 0 2
22.7321 0.572395 -0.13607 0.233939 0 2
22.874 0.57184 -0.143349 0.233884 0 2
22.9824 0.571434 -0.148585 0.233807 0 2
23.1149 0.57083 -0.155303 0.233802 0 2
23.2412 0.570184 -0.161707 0.233873 0 2
23.3611 0.569547 -0.167185 0.233811 0 2
23.4803 0.569203 -0.169901 0.233843 0 2
23.6058 0.567997 -0.179204 0.233739 0 2
23.7438 0.566928 -0.186586 0.233818 0 2
23.8642 0.566234 -0.191031 0.23381 0 2
24.0021 0.565068 -0.198034 0.233783 0 2
24.1332 0.564014 -0.203823 0.233743 0 2
24.2673 0.562899 -0.209749 0.233834 0 2
24.4017 0.561674 -0.215831 0.233771 0 2
24.5318 0.560504 -0.221236 0.233707 0 2
24.6729 0.559313 -0.226739 0.233646 0 2
24.8065 0.558055 -0.232332 0.233668 0 2
24.9302 0.556893 -0.237146 0.233662 0 2
25.0777 0.555423 -0.242943 0.233642 0 2
25.2139 0.554117 -0.247896 0.233565 0 2
25.3457 0.552889 -0.252499 0.233542 0 2
25.4709 0.551699 -0.25688 0.233588 0 2
25.5941 0.550599 -0.260832 0.233525 0 2
25.7241 0.549334 -0.264982 0.233478 0 2
25.8528 0.548217 -0.268749 0.233433 0 2
25.9811 0.547004 -0.272577 0.233432 0 2
26.1159 0.545872 -0.276174 0.233412 0 2
26.2362 0.544842 -0.279364 0.233426 0 2
26.3636 0.543905 -0.28239 0.233401 0 2
26.4895 0.543017 -0.28501 0.233397 0 2
26.6039 0.542414 -0.286663 0.23336 0 2
26.7064 0.541333 -0.289985 0.233292 0 2
26.8457 0.540358 -0.292529 0.233307 0 2
26.9538 0.539928 -0.293844 0.233303 0 2
27.0575 0.539361 -0.295472 0.233298 0 2
27.1903 0.538681 -0.297308 0.233251 0 2
27.3028 0.538212 -0.298544 0.233304 0 3
27.4276 0.537782 -0.299736 0.233294 0 3
27.548 0.537459 -0.300657 0.233302 0 3
27.6938 0.537232 -0.301316 0.233257 0 3
27.8338 0.537091 -0.301743 0.233207 0 3
27.9626 0.537057 -0.301881 0.233254 0 3
28.0949 0.537043 -0.301892 0.233246 0 3
28.195 0.537056 -0.301874 0.233266 0 3
28.3252 0.537082 -0.301946 0.233491 0 3
28.4553 0.537118 -0.301988 0.233943 0 3
28.5498 0.537115 -0.302052 0.234367 0 3
28.6519 0.537127 -0.302082 0.23497 0 3
28.796 0.537121 -0.302184 0.235838 0 3
28.9075 0.537137 -0.302258 0.236567 0 3
29.0369 0.537145 -0.302364 0.237517 0 3
29.1757 0.537149 -0.3025 0.238641 0 3
29.2998 0.537148 -0.302594 0.239688 0 3
29.4416 0.537151 -0.302721 0.240958 0 3
29.569 0.537159 -0.302858 0.242132 0 3
29.6944 0.537144 -0.302988 0.2433 0 3
29.8127 0.537148 -0.303086 0.244248 0 3
29.9374 0.53714 -0.303208 0.245399 0 3
30.0684 0.537118 -0.303335 0.246347 0 3
30.1985 0.5371 -0.30343 0.247396 0 3
30.3404 0.537075 -0.303524 0.248418 0 4
30.4638 0.537088 -0.303594 0.249224 0 4
30.6063 0.537081 -0.303674 0.249959 0 4
30.7136 0.537066 -0.303721 0.25038 0 4
30.8471 0.537067 -0.303749 0.250824 0 4
30.9982 0.537035 -0.303788 0.251059 0 4
31.0998 0.537045 -0.303776 0.251097 0 4
31.1923 0.53702 -0.303814 0.251091 0 4
31.3181 0.537019 -0.30381 0.251081 0 4
31.4464 0.537026 -0.303381 0.25089 0 4
31.5829 0.537069 -0.302343 0.2504 0 4
31.7225 0.537196 -0.300861 0.249654 0 4
31.8505 0.537298 -0.299177 0.24894 0 4
31.953 0.537376 -0.297558 0.24818 0 4
32.0824 0.537435 -0.295434 0.247155 0 4
32.2072 0.537505 -0.293203 0.246149 0 4
32.3301 0.537607 -0.290818 0.245032 0 4
32.4527 0.537721 -0.288111 0.243821 0 4
32.5842 0.53772 -0.285514 0.242557 0 4
32.7275 0.537687 -0.282541 0.24115 0 4
32.8572 0.537758 -0.279576 0.239841 0 4
32.9778 0.53768 -0.277088 0.238574 0 4
33.0876 0.537741 -0.274735 0.237579 0 4
33.1994 0.5377 -0.27245 0.236518 0 4
33.3213 0.537591 -0.270277 0.235476 0 4
33.4616 0.537522 -0.267776 0.234269 0 4
33.5831 0.537485 -0.265942 0.233421 0 4
33.7162 0.53739 -0.264058 0.232544 0 4
33.8335 0.537317 -0.262769 0.23194 0 4
33.9627 0.537258 -0.261696 0.231415 0 4
34.1003 0.537198 -0.260991 0.231076 0 5
34.2441 0.537206 -0.260806 0.231048 0 5
34.3775 0.537236 -0.260759 0.231057 0 5
34.489 0.537458 -0.26207 0.230785 0 5
34.6239 0.537548 -0.263516 0.230497 0 5
34.7327 0.537689 -0.263657 0.229691 0 5
34.8821 0.537844 -0.263786 0.229211 0 5
34.9773 0.53832 -0.264096 0.227086 0 5
35.1108 0.538358 -0.264126 0.22722 0 5
35.214 0.538496 -0.264296 0.227523 0 5
35.3479 0.538601 -0.264398 0.227145 0 5
35.4645 0.539112 -0.264757 0.225728 0 5
35.5976 0.539095 -0.264792 0.22584 0 5
35.6959 0.539302 -0.265236 0.224936 0 5
35.8199 0.539322 -0.265245 0.224914 0 5
35.9087 0.539988 -0.266021 0.224351 0 5
36.0361 0.54003 -0.266042 0.224266 0 5
36.1542 0.540655 -0.266565 0.222687 0 5
36.2737 0.540447 -0.266584 0.222909 0 5
36.4169 0.540213 -0.267063 0.222593 0 5
36.553 0.54023 -0.267223 0.221818 0 5
36.6428 0.540322 -0.267687 0.219284 0 5
36.78 0.540382 -0.267757 0.219269 0 5
36.9189 0.540652 -0.26828 0.219188 0 5
37.0448 0.540865 -0.268386 0.218726 0 5
37.1787 0.542116 -0.269066 0.215865 0 5
37.2877 0.542124 -0.269165 0.216359 0 5
37.4066 0.542389 -0.269643 0.216156 0 5
37.5328 0.542553 -0.269667 0.215814 0 5
37.6638 0.543697 -0.270312 0.213316 0 5
37.7887 0.543767 -0.270353 0.213005 0 5
37.876 0.544285 -0.270744 0.210676 0 5
38.0184 0.544385 -0.270809 0.210466 0 5
38.1193 0.545248 -0.271376 0.206146 0 5
38.2541 0.545344 -0.271469 0.205956 0 5
38.3607 0.545542 -0.272097 0.204815 0 5
38.4852 0.545556 -0.272077 0.204878 0 5
38.5884 0.545833 -0.271767 0.19833 0 5
38.736 0.545811 -0.271728 0.197046 0 5
38.852 0.545616 -0.27196 0.19903 0 5
38.9659 0.545722 -0.272065 0.197826 0 5
39.0793 0.5466 -0.272298 0.18789 0 5
39.2162 0.546623 -0.272386 0.186463 0 5
39.3162 0.546081 -0.272221 0.191755 0 5
39.4384 0.54638 -0.272365 0.189273 0 5
39.5508 0.547477 -0.273236 0.17468 0 5
39.6885 0.547566 -0.273497 0.169981 0 5
39.7904 0.547486 -0.273533 0.16959 0 5
39.9324 0.547299 -0.273517 0.169351 0 5
40.0453 0.547258 -0.273568 0.169306 0 5
40.167 0.547267 -0.273565 0.169299 0 5
40.3059 0.547267 -0.273563 0.169256 0 5
40.3982 0.547259 -0.273579 0.169195 0 5
40.5221 0.547275 -0.273572 0.169093 0 5
40.6361 0.547267 -0.27359 0.169078 0 5
40.7578 0.547269 -0.273579 0.169064 0 5
40.8728 0.547257 -0.273603 0.16903 0 5
40.9897 0.547278 -0.27359 0.169048 0 5
41.097 0.54727 -0.273578 0.169024 0 5
41.2315 0.547271 -0.273595 0.168992 0 5
41.3436 0.547255 -0.273584 0.16894 0 5
41.4544 0.547292 -0.273612 0.168876 0 5
41.5684 0.547303 -0.273611 0.168726 0 5
41.6996 0.547294 -0.273623 0.168715 0 5
41.8065 0.547295 -0.273608 0.168663 0 5
41.9208 0.547296 -0.273646 0.168654 0 5
42.0372 0.547332 -0.273626 0.16855 0 5
42.1689 0.547329 -0.273617 0.168456 0 5
42.2778 0.547334 -0.273642 0.168393 0 5
42.4317 0.547356 -0.273624 0.168273 0 5
42.5604 0.547363 -0.273644 0.168217 0 5
42.6661 0.547357 -0.273635 0.168221 0 5
42.7757 0.547334 -0.273665 0.16816 0 5
42.885 0.547343 -0.273654 0.168181 0 5
43.0083 0.54733 -0.273647 0.168218 0 5
43.1353 0.547312 -0.273631 0.168254 0 5
43.2253 0.547314 -0.273642 0.168254 0 5
43.3724 0.547329 -0.273628 0.168235 0 5
43.4669 0.547317 -0.273617 0.168214 0 5
43.5724 0.547301 -0.273664 0.168247 0 5
43.6667 0.547324 -0.273639 0.168244 0 5
