33.9627 33.9627 0 0 5
34.1003 33.9627 0 0.137624 5
34.2441 33.9627 0.137624 0.281453 5
34.3775 33.9627 0.281453 0.414805 5
34.489 33.9627 0.414805 0.526356 5
34.6239 33.9627 0.526356 0.661268 5
34.7327 33.9627 0.661268 0.770046 5
34.8821 33.9627 0.770046 0.919478 5
34.9773 33.9627 0.919478 1.01469 5
35.1108 33.9627 1.01469 1.14814 5
35.214 33.9627 1.14814 1.25135 5
35.3479 33.9627 1.25135 1.38522 5
35.4645 33.9627 1.38522 1.50181 5
35.5976 33.9627 1.50181 1.63495 5
35.6959 33.9627 1.63495 1.73326 5
35.8199 33.9627 1.73326 1.85726 5
35.9087 33.9627 1.85726 1.946 5
36.0361 33.9627 1.946 2.07345 5
36.1542 33.9627 2.07345 2.19156 5
36.2737 33.9627 2.19156 2.31109 5
36.4169 33.9627 2.31109 2.45426 5
36.553 33.9627 2.45426 2.59036 5
36.6428 33.9627 2.59036 2.68018 5
36.78 33.9627 2.68018 2.81733 5
36.9189 33.9627 2.81733 2.95623 5
37.0448 33.9627 2.95623 3.08214 5
37.1787 33.9627 3.08214 3.21609 5
37.2877 33.9627 3.21609 3.32503 5
37.4066 33.9627 3.32503 3.44397 5
37.5328 33.9627 3.44397 3.57017 5
37.6638 33.9627 3.57017 3.70113 5
37.7887 33.9627 3.70113 3.82602 5
37.876 33.9627 3.82602 3.91336 5
38.0184 33.9627 3.91336 4.05574 5
38.1193 33.9627 4.05574 4.15668 5
38.2541 33.9627 4.15668 4.29142 5
38.3607 33.9627 4.29142 4.39804 5
38.4852 33.9627 4.39804 4.52251 5
38.5884 33.9627 4.52251 4.6257 5
38.736 33.9627 4.6257 4.7733 5
38.852 33.9627 4.7733 4.8893 5
38.9659 33.9627 4.8893 5.00327 5
39.0793 33.9627 5.00327 5.11667 5
39.2162 33.9627 5.11667 5.25352 5
39.3162 33.9627 5.25352 5.35354 5
39.4384 33.9627 5.35354 5.47578 5
39.5508 33.9627 5.47578 5.58819 5
39.6885 33.9627 5.58819 5.72581 5
39.7904 33.9627 5.72581 5.82776 5
39.9324 33.9627 5.82776 5.96979 5
40.0453 33.9627 5.96979 6.08261 5
40.167 33.9627 6.08261 6.20431 5
40.3059 33.9627 6.20431 6.34325 5
40.3982 33.9627 6.34325 6.43553 5
40.5221 33.9627 6.43553 6.55948 5
40.6361 33.9627 6.55948 6.67347 5
40.7578 33.9627 6.67347 6.79513 5
40.8728 33.9627 6.79513 6.91018 5
40.9897 33.9627 6.91018 7.02701 5
41.097 33.9627 7.02701 7.13435 5
41.2315 33.9627 7.13435 7.26885 5
41.3436 33.9627 7.26885 7.38099 5
41.4544 33.9627 7.38099 7.49179 5
41.5684 33.9627 7.49179 7.60575 5
41.6996 33.9627 7.60575 7.73698 5
41.8065 33.9627 7.73698 7.84386 5
41.9208 33.9627 7.84386 7.95818 5
42.0372 33.9627 7.95818 8.07456 5
42.1689 33.9627 8.07456 8.20625 5
42.2778 33.9627 8.20625 8.31519 5
42.4317 33.9627 8.31519 8.46904 5
42.5604 33.9627 8.46904 8.59779 5
42.6661 33.9627 8.59779 8.7034 5
42.7757 33.9627 8.7034 8.81308 5
42.885 33.9627 8.81308 8.92236 5
43.0083 33.9627 8.92236 9.04567 5
43.1353 33.9627 9.04567 9.1726 5
43.2253 33.9627 9.1726 9.26264 5
43.3724 33.9627 9.26264 9.40978 5
43.4669 33.9627 9.40978 9.50424 5
43.5724 33.9627 9.50424 9.60977 5
43.6667 33.9627 9.60977 9.70408 5
