-2.38419e-07 0.419948 0.195704 -0.0868661
0.0808249 0.419977 0.195654 -0.0864297
0.184002 0.419983 0.195686 -0.0870157
0.283407 0.42006 0.195708 -0.0875351
0.390965 0.419947 0.195728 -0.087832
0.487888 0.419955 0.195682 -0.086643
0.587669 0.420061 0.195661 -0.0865635
0.683748 0.419944 0.195683 -0.0871626
0.783842 0.419964 0.195646 -0.0867722
0.880261 0.420025 0.195713 -0.0868475
0.973216 0.419936 0.195624 -0.0865772
1.08627 0.419999 0.195682 -0.0871792
1.18264 0.419931 0.19567 -0.085895
1.29294 0.420014 0.19568 -0.0869818
1.40402 0.419937 0.195655 -0.0859496
1.51122 0.419955 0.195632 -0.0861013
1.64269 0.420016 0.195698 -0.0869752
1.74841 0.420048 0.195642 -0.0871142
1.83427 0.419866 0.195605 -0.0862616
1.94381 0.419983 0.195682 -0.0865171
2.02119 0.419926 0.19569 -0.0867423
2.12376 0.419955 0.195688 -0.0864657
2.21261 0.419947 0.195693 -0.0869296
2.31469 0.420007 0.195697 -0.0859744
2.40571 0.419937 0.195644 -0.0865674
2.51175 0.420036 0.195755 -0.0868547
2.60893 0.41989 0.195652 -0.0861568
2.71697 0.419989 0.195708 -0.0871539
2.7985 0.419919 0.195707 -0.0864178
2.89172 0.419963 0.195663 -0.0874283
2.99662 0.419931 0.19568 -0.0865431
3.09251 0.419928 0.195653 -0.0871717
3.19192 0.419909 0.195648 -0.0863706
3.29901 0.419924 0.195695 -0.0866684
3.38182 0.420002 0.195783 -0.0871282
3.48542 0.419948 0.195654 -0.0863483
3.61153 0.419936 0.195644 -0.0864201
3.71538 0.419898 0.195604 -0.0865688
3.81669 0.419957 0.195716 -0.0864292
3.88974 0.419981 0.195759 -0.0876967
3.99042 0.42001 0.195687 -0.0863288
4.12487 0.419963 0.195639 -0.0869258
4.24647 0.420026 0.195661 -0.0879618
4.35911 0.419935 0.195657 -0.0867403
4.47435 0.419911 0.195669 -0.0865213
4.59239 0.419897 0.195619 -0.0864597
4.70911 0.419966 0.195846 -0.0870662
4.83136 0.420018 0.195616 -0.0870525
4.93774 0.420065 0.195683 -0.0869792
5.04714 0.420254 0.195858 -0.0860538
5.15504 0.420298 0.195957 -0.0869564
5.24442 0.420289 0.196242 -0.0864334
5.33865 0.420136 0.196129 -0.0858887
5.45325 0.420245 0.196209 -0.0860682
5.54867 0.420241 0.196181 -0.0860954
5.64743 0.420327 0.196398 -0.0851284
5.74458 0.420447 0.196558 -0.0847671
5.82905 0.420564 0.19664 -0.0839555
5.9295 0.420658 0.196958 -0.0834222
6.02204 0.420708 0.197048 -0.0820786
6.13091 0.42083 0.197312 -0.0811202
6.22635 0.420951 0.197489 -0.0809389
6.32545 0.420847 0.197668 -0.0794329
6.41355 0.420983 0.197824 -0.0787726
6.50683 0.420913 0.197847 -0.0776942
6.60926 0.421183 0.198287 -0.0764226
6.70163 0.421185 0.198059 -0.0722793
6.80508 0.421161 0.19807 -0.0722242
6.8917 0.421166 0.198055 -0.0703988
7.00445 0.421333 0.198278 -0.0715188
7.09247 0.421508 0.198185 -0.0685886
7.19975 0.421206 0.198451 -0.0691701
7.2976 0.42145 0.198065 -0.0664013
7.40659 0.421162 0.198407 -0.065797
7.48666 0.421321 0.198436 -0.0648313
7.59859 0.421523 0.198296 -0.0631867
7.68493 0.421441 0.198522 -0.0616953
7.76418 0.42115 0.198658 -0.0603808
7.86941 0.421047 0.198857 -0.0606218
7.95936 0.421149 0.198962 -0.05909
8.06852 0.420872 0.198937 -0.0585723
8.16459 0.420971 0.199054 -0.0570419
8.26834 0.42066 0.198843 -0.0565448
8.35777 0.420854 0.198833 -0.0550569
8.46617 0.420772 0.198999 -0.0555317
8.56463 0.420665 0.198709 -0.0533975
8.67382 0.420623 0.198664 -0.0518344
8.75588 0.420611 0.198474 -0.0507432
8.85536 0.420365 0.19862 -0.0503876
8.94275 0.420269 0.19834 -0.049884
9.03809 0.420374 0.1984 -0.0484654
9.13605 0.420242 0.198208 -0.0483959
9.22311 0.420115 0.198114 -0.0477698
9.32573 0.419895 0.19797 -0.0468253
9.42133 0.419827 0.198055 -0.0470928
9.51623 0.420037 0.197775 -0.0447527
9.60072 0.419722 0.197922 -0.0452622
9.6956 0.420088 0.197724 -0.0436194
9.80321 0.419722 0.197727 -0.0448298
9.91447 0.419855 0.197603 -0.0436286
10.0109 0.419924 0.197741 -0.0441124
10.0989 0.42079 0.197698 -0.0429428
10.201 0.421364 0.197829 -0.0432996
10.2909 0.422265 0.197867 -0.0449726
10.4066 0.423749 0.198117 -0.0444658
10.4961 0.426044 0.198337 -0.0431978
10.5878 0.428056 0.198586 -0.0424951
10.6766 0.430161 0.198683 -0.0414343
10.7732 0.432579 0.198595 -0.0408914
10.8679 0.434797 0.199383 -0.0421195
10.9637 0.437935 0.200147 -0.0424979
11.0701 0.4407 0.200278 -0.0421911
11.1635 0.44466 0.200559 -0.0414729
11.2662 0.447554 0.200567 -0.0434909
11.3591 0.452288 0.201054 -0.0404295
11.4646 0.456052 0.201439 -0.040374
11.5541 0.461443 0.201482 -0.0379831
11.6771 0.466499 0.201652 -0.0376013
11.7623 0.471031 0.201602 -0.0377414
11.8542 0.47569 0.202308 -0.0363233
11.9429 0.47973 0.202086 -0.0373958
12.0358 0.484622 0.202475 -0.0359634
12.1347 0.490039 0.202816 -0.0355451
12.2367 0.494531 0.202515 -0.0372433
12.3295 0.500609 0.202642 -0.0355767
12.4299 0.505437 0.202552 -0.0369324
12.5383 0.51149 0.202105 -0.0352229
12.6303 0.517063 0.20222 -0.0359515
12.7382 0.521699 0.20174 -0.035364
12.8315 0.528008 0.201794 -0.033081
12.9438 0.532843 0.201249 -0.0352331
13.033 0.538906 0.200949 -0.033732
13.1497 0.542552 0.200507 -0.0352217
13.2462 0.549032 0.199854 -0.0342776
13.3451 0.553675 0.199582 -0.0335552
13.4433 0.558709 0.198831 -0.034462
13.5458 0.562876 0.198159 -0.0340394
13.6473 0.567396 0.197931 -0.0340925
13.7409 0.571308 0.197423 -0.0342649
13.8242 0.574605 0.196715 -0.0362203
13.9355 0.578825 0.195787 -0.0345334
14.0307 0.582208 0.195542 -0.0356507
14.1312 0.58499 0.194948 -0.0353586
14.2178 0.587366 0.194457 -0.0363243
14.3141 0.589671 0.193975 -0.0356402
14.4163 0.592231 0.193662 -0.035909
14.5242 0.593728 0.193217 -0.0360225
14.608 0.595497 0.192918 -0.0352517
14.6952 0.596217 0.192914 -0.0358179
14.8032 0.597179 0.19271 -0.0362463
14.8937 0.597718 0.192549 -0.0364144
15.0119 0.597869 0.192401 -0.0364009
15.1107 0.597867 0.192568 -0.0360413
15.2135 0.598025 0.192361 -0.0359006
15.3066 0.598056 0.192193 -0.0364581
15.4074 0.598214 0.191699 -0.0362038
15.496 0.598032 0.190978 -0.0371023
15.6069 0.598527 0.190284 -0.0361212
15.6894 0.598754 0.189666 -0.0371304
15.7821 0.598946 0.188658 -0.036947
15.8848 0.598915 0.187558 -0.0366917
15.9804 0.599316 0.186237 -0.0371019
16.0776 0.599576 0.184983 -0.0365941
16.168 0.600354 0.18366 -0.0360243
16.2507 0.600893 0.181809 -0.034917
16.3622 0.601703 0.180183 -0.0349402
16.4589 0.602305 0.178485 -0.0367213
16.5493 0.602496 0.176722 -0.0355812
16.6466 0.603679 0.174752 -0.0365282
16.7424 0.604777 0.172582 -0.0348484
16.8341 0.605127 0.170317 -0.0347674
16.9443 0.605605 0.16736 -0.0348768
17.0339 0.606266 0.165269 -0.0353807
17.1421 0.606907 0.162078 -0.0358994
17.2322 0.608046 0.15976 -0.0348464
17.3365 0.608782 0.156977 -0.0335538
17.4215 0.609564 0.154497 -0.0355626
17.5209 0.610252 0.151015 -0.0356234
17.6132 0.610657 0.148613 -0.0341322
17.7208 0.61201 0.145027 -0.0327482
17.8181 0.612664 0.141439 -0.0340297
17.9216 0.613976 0.137969 -0.0340899
18.0253 0.614374 0.134114 -0.0337392
18.1376 0.615724 0.129951 -0.0354336
18.2309 0.616401 0.126699 -0.0350323
18.338 0.617804 0.122474 -0.0330803
18.4311 0.618452 0.118037 -0.0342749
18.5227 0.619423 0.114767 -0.0319011
18.6182 0.619716 0.111002 -0.0333456
18.7129 0.620809 0.106913 -0.0342321
18.8295 0.621333 0.102109 -0.0339674
18.9359 0.622239 0.0973467 -0.0335831
19.0361 0.622494 0.0929197 -0.0326141
19.1362 0.623303 0.0887587 -0.0349202
19.2329 0.624143 0.0836334 -0.0318469
19.3399 0.625376 0.0792577 -0.0325047
19.4391 0.625797 0.07447 -0.0338924
19.5362 0.626959 0.0700505 -0.0328421
19.6256 0.627334 0.0652472 -0.0331913
19.7262 0.627908 0.0612026 -0.0339232
19.8205 0.628343 0.0564775 -0.0333898
19.918 0.628853 0.0516972 -0.0321434
20.0192 0.629071 0.0470256 -0.0342544
20.1188 0.629691 0.0413729 -0.0328417
20.2208 0.630056 0.0363213 -0.0329065
20.3191 0.630701 0.031659 -0.0331104
20.4287 0.631135 0.0263041 -0.03231
20.5211 0.631701 0.0213913 -0.0320557
20.6318 0.632322 0.0156536 -0.0314085
20.7305 0.632159 0.0101399 -0.0315645
20.8282 0.631991 0.0052813 -0.0323343
20.9233 0.632654 0.000356644 -0.0317612
21.0226 0.632345 -0.00543055 -0.0324362
21.1187 0.632743 -0.00978005 -0.0325583
21.2312 0.632773 -0.0161983 -0.0305977
21.3386 0.63284 -0.0209043 -0.0331971
21.4251 0.632416 -0.0263875 -0.0315867
21.5115 0.631975 -0.0304276 -0.0349784
21.626 0.63186 -0.036371 -0.0323905
21.7192 0.631912 -0.0410188 -0.0336594
21.8204 0.631061 -0.0468144 -0.0342064
21.9299 0.631189 -0.0524068 -0.0337079
22.0297 0.631028 -0.057012 -0.0318801
22.1327 0.63061 -0.0628939 -0.0340351
22.2319 0.630635 -0.0670877 -0.0328509
22.3292 0.630234 -0.0729124 -0.0315029
22.4306 0.62867 -0.0787823 -0.0323704
22.5312 0.628415 -0.083416 -0.0341874
22.628 0.627633 -0.0882948 -0.0320957
22.7175 0.627026 -0.0923153 -0.0328905
22.8189 0.626564 -0.097039 -0.0307622
22.9231 0.62472 -0.101923 -0.0306748
23.0219 0.624335 -0.10646 -0.0273211
23.1275 0.623369 -0.111085 -0.0288959
23.231 0.622603 -0.115697 -0.0267876
23.3352 0.621873 -0.119949 -0.0260605
23.456 0.621209 -0.125271 -0.0258622
23.5478 0.620436 -0.129371 -0.0256178
23.6463 0.619559 -0.133469 -0.0258261
23.7509 0.618409 -0.137597 -0.0259235
23.8436 0.617357 -0.140314 -0.0258112
23.9454 0.616833 -0.144987 -0.0257964
24.0421 0.616421 -0.149334 -0.0257907
24.1477 0.614401 -0.152898 -0.0258785
24.2469 0.614002 -0.15675 -0.0256249
24.349 0.611711 -0.16086 -0.0241797
24.4502 0.610821 -0.163826 -0.0242597
24.5392 0.609274 -0.166962 -0.0253593
24.6469 0.609326 -0.170995 -0.0242459
24.7369 0.608187 -0.173103 -0.0246382
24.8546 0.607774 -0.177341 -0.0242296
24.9512 0.606135 -0.179838 -0.0267816
25.0582 0.605277 -0.183042 -0.0273525
25.1683 0.605153 -0.186071 -0.0270418
25.2671 0.604504 -0.188639 -0.02762
25.3565 0.603389 -0.190304 -0.0283238
25.4674 0.602736 -0.193046 -0.0285089
25.5629 0.601443 -0.194956 -0.0289642
25.6477 0.601165 -0.19723 -0.0276167
25.7416 0.600396 -0.198678 -0.0283589
25.837 0.599248 -0.201388 -0.0266567
25.9315 0.5997 -0.20206 -0.0243002
26.0257 0.598988 -0.203395 -0.0262803
26.1165 0.59823 -0.205043 -0.025699
26.2061 0.597726 -0.206306 -0.0261345
26.3042 0.597439 -0.207106 -0.0247573
26.3969 0.595756 -0.20799 -0.0258426
26.5104 0.595459 -0.209657 -0.0249412
26.6119 0.594423 -0.210244 -0.0257836
26.7025 0.594397 -0.210929 -0.0255474
26.8138 0.594129 -0.211684 -0.0259002
26.8999 0.594312 -0.211662 -0.0260988
26.9992 0.593832 -0.212518 -0.0275021
27.1214 0.593752 -0.212276 -0.0271195
27.2274 0.593964 -0.212284 -0.026584
27.3155 0.593516 -0.212398 -0.0273541
27.4125 0.593602 -0.21218 -0.0275392
27.5214 0.593592 -0.212232 -0.0275979
27.626 0.593638 -0.212636 -0.0273542
27.7289 0.594127 -0.212533 -0.0262504
27.8224 0.593948 -0.212918 -0.0259982
27.9306 0.593978 -0.213283 -0.0260283
28.0241 0.59436 -0.21345 -0.0248437
28.1255 0.594167 -0.213619 -0.0245253
28.2116 0.594565 -0.213696 -0.0235239
28.3249 0.594627 -0.214246 -0.0231373
28.4124 0.594391 -0.214297 -0.0224108
28.5148 0.594587 -0.214605 -0.0218846
28.6189 0.594575 -0.214797 -0.0219212
28.706 0.593906 -0.215093 -0.0206405
28.797 0.5938 -0.215361 -0.0196269
28.9121 0.594426 -0.21514 -0.0187623
29.0049 0.594324 -0.21546 -0.0183481
29.0966 0.594352 -0.215352 -0.0180871
29.1985 0.59421 -0.215583 -0.0180747
29.2987 0.594151 -0.215506 -0.0172717
29.4065 0.594075 -0.215379 -0.0169255
29.5131 0.594495 -0.214563 -0.0177383
29.6061 0.59434 -0.21278 -0.0183324
29.7002 0.594304 -0.210453 -0.0194152
29.803 0.594095 -0.208001 -0.0197959
29.894 0.594417 -0.205492 -0.020362
29.9943 0.594908 -0.202201 -0.0217706
30.1069 0.595057 -0.198502 -0.0229108
30.203 0.59511 -0.194924 -0.0224548
30.3035 0.595604 -0.190773 -0.0225225
30.399 0.594794 -0.18795 -0.0250602
30.5046 0.595023 -0.183608 -0.0259347
30.5981 0.594841 -0.181402 -0.0279665
30.7164 0.594561 -0.177589 -0.0298864
30.8152 0.594725 -0.175446 -0.0313258
30.911 0.594111 -0.173738 -0.0330783
31.0052 0.594099 -0.172393 -0.034795
31.1012 0.594248 -0.171224 -0.0353369
31.2141 0.594082 -0.169885 -0.033496
31.3111 0.593918 -0.169396 -0.0329042
31.4131 0.593597 -0.16883 -0.032504
31.5151 0.594275 -0.170522 -0.0313619
31.627 0.595337 -0.172887 -0.0304632
31.7325 0.595658 -0.174168 -0.030907
31.8308 0.596023 -0.174716 -0.0316885
31.9386 0.598643 -0.175871 -0.0325233
32.0519 0.601528 -0.17639 -0.0325303
32.1615 0.601838 -0.176567 -0.0324538
32.2592 0.602359 -0.177 -0.032969
32.3616 0.60316 -0.176757 -0.0338815
32.4624 0.603393 -0.176858 -0.0338057
32.5542 0.603677 -0.177222 -0.0336014
32.655 0.603901 -0.177403 -0.0337728
32.7671 0.604097 -0.17744 -0.0333807
32.8665 0.603668 -0.177428 -0.0334973
32.99 0.604004 -0.17715 -0.0333025
33.1048 0.604211 -0.177449 -0.0330591
33.2138 0.603934 -0.177669 -0.0332713
33.3191 0.604161 -0.177503 -0.0329055
33.4077 0.603775 -0.177349 -0.0334362
33.4894 0.603762 -0.17715 -0.0335785
33.5855 0.604207 -0.17704 -0.0329289
33.7037 0.604323 -0.177205 -0.0323586
33.8164 0.604416 -0.177009 -0.0326626
33.9068 0.604286 -0.177106 -0.0322832
34.0102 0.604507 -0.176973 -0.0319827
34.1085 0.604435 -0.177041 -0.0321117
34.2137 0.603947 -0.177152 -0.0327533
34.3293 0.604732 -0.177149 -0.0323106
34.4349 0.604192 -0.176987 -0.032455
34.5219 0.604525 -0.176977 -0.032352
34.6158 0.604198 -0.177286 -0.0322604
34.7312 0.604524 -0.176448 -0.032274
34.8613 0.604325 -0.177499 -0.0324725
34.9728 0.604087 -0.177092 -0.0322839
35.069 0.604087 -0.177317 -0.0326764
35.1632 0.60435 -0.17758 -0.0327139
35.257 0.604571 -0.17719 -0.0319316
35.361 0.603937 -0.176948 -0.0325901
35.4649 0.604007 -0.177519 -0.0328055
35.5775 0.604208 -0.177377 -0.0323076
35.6815 0.604478 -0.176904 -0.0319675
