-2.38419e-07 0.290686 0.194021 -0.0888146
0.0808249 0.290689 0.194046 -0.0892812
0.184002 0.29066 0.194039 -0.0890314
0.283407 0.290771 0.194032 -0.0891851
0.390965 0.290691 0.19408 -0.0897594
0.487888 0.290784 0.1941 -0.0900777
0.587669 0.290765 0.194121 -0.089393
0.683748 0.290721 0.194037 -0.0894951
0.783842 0.290546 0.193995 -0.0893691
0.880261 0.290812 0.194078 -0.0892679
0.973216 0.290736 0.194033 -0.0894648
1.08627 0.290702 0.194014 -0.0890853
1.18264 0.290695 0.194079 -0.0893911
1.29294 0.29064 0.194109 -0.0896013
1.40402 0.290752 0.194097 -0.0893949
1.51122 0.290781 0.194029 -0.0894188
1.64269 0.290729 0.194021 -0.0893268
1.74841 0.290718 0.194058 -0.089209
1.83427 0.290646 0.194006 -0.0890951
1.94381 0.290695 0.194027 -0.0887929
2.02119 0.290644 0.194028 -0.0887029
2.12376 0.290732 0.194039 -0.0891471
2.21261 0.290705 0.194104 -0.0893977
2.31469 0.29077 0.194094 -0.0888321
2.40571 0.290646 0.194013 -0.0892979
2.51175 0.290593 0.194179 -0.0901308
2.60893 0.290601 0.193814 -0.0895804
2.71697 0.290684 0.194063 -0.0893048
2.7985 0.290743 0.194105 -0.0897934
2.89172 0.290606 0.194016 -0.0900015
2.99662 0.290686 0.193991 -0.088895
3.09251 0.29063 0.19401 -0.0895917
3.19192 0.290698 0.194009 -0.0890786
3.29901 0.290691 0.194031 -0.0890505
3.38182 0.290743 0.194117 -0.0892501
3.48542 0.290725 0.194028 -0.0894041
3.61153 0.290716 0.194036 -0.0893153
3.71538 0.290679 0.193951 -0.088854
3.81669 0.290732 0.194065 -0.0889907
3.88974 0.290685 0.19401 -0.0891576
3.99042 0.290668 0.193994 -0.0880125
4.12487 0.290588 0.194022 -0.0894346
4.24647 0.290667 0.193956 -0.0885782
4.35911 0.290647 0.194029 -0.0891544
4.47435 0.290701 0.19403 -0.0891347
4.59239 0.290715 0.193981 -0.089186
4.70911 0.290735 0.193878 -0.0894066
4.83136 0.290586 0.194024 -0.0901132
4.93774 0.290725 0.194116 -0.089594
5.04714 0.290898 0.194276 -0.0891045
5.15504 0.291032 0.194396 -0.0899047
5.24442 0.29109 0.194636 -0.0896066
5.33865 0.290933 0.194489 -0.0889038
5.45325 0.291022 0.194508 -0.0882345
5.54867 0.291024 0.194566 -0.0888904
5.64743 0.291094 0.194675 -0.0877669
5.74458 0.291235 0.194802 -0.0872437
5.82905 0.291257 0.194903 -0.0866369
5.9295 0.291502 0.195221 -0.0859689
6.02204 0.291495 0.195362 -0.085899
6.13091 0.291679 0.195631 -0.0857156
6.22635 0.291756 0.195738 -0.0846367
6.32545 0.291673 0.196008 -0.0838472
6.41355 0.29126 0.195988 -0.0821526
6.50683 0.291929 0.195896 -0.0803573
6.60926 0.292152 0.196277 -0.0800392
6.70163 0.290159 0.196074 -0.0810039
6.80508 0.28877 0.19628 -0.0809345
6.8917 0.287532 0.196099 -0.0803701
7.00445 0.288979 0.196603 -0.0803726
7.09247 0.287996 0.196447 -0.0787206
7.19975 0.287537 0.196607 -0.0786738
7.2976 0.287669 0.195757 -0.0759849
7.40659 0.287532 0.19593 -0.0749899
7.48666 0.287966 0.195632 -0.0728951
7.59859 0.288621 0.195859 -0.0718979
7.68493 0.288689 0.196035 -0.0712379
7.76418 0.28922 0.19605 -0.0686006
7.86941 0.28971 0.196597 -0.0681671
7.95936 0.290141 0.196453 -0.0659745
8.06852 0.289543 0.196295 -0.0650569
8.16459 0.290331 0.196434 -0.0623286
8.26834 0.290048 0.196328 -0.0618026
8.35777 0.290622 0.196567 -0.0595065
8.46617 0.290409 0.19687 -0.0609867
8.56463 0.28983 0.197226 -0.0602296
8.67382 0.290136 0.197258 -0.0587889
8.75588 0.289798 0.196999 -0.0574868
8.85536 0.289836 0.197139 -0.0562075
8.94275 0.289568 0.197014 -0.0554052
9.03809 0.289858 0.197073 -0.054239
9.13605 0.289118 0.196941 -0.0547263
9.22311 0.289683 0.196936 -0.0524749
9.32573 0.289678 0.196999 -0.0525762
9.42133 0.289379 0.197005 -0.0518121
9.51623 0.290276 0.196934 -0.0495462
9.60072 0.28967 0.196881 -0.0503273
9.6956 0.289987 0.196765 -0.0490258
9.80321 0.289521 0.196767 -0.0494016
9.91447 0.289839 0.196726 -0.0486679
10.0109 0.289419 0.196646 -0.0484312
10.0989 0.289866 0.196687 -0.0481329
10.201 0.290831 0.196748 -0.0474456
10.2909 0.291388 0.197128 -0.0495859
10.4066 0.292989 0.197304 -0.0475665
10.4961 0.294495 0.197683 -0.0472443
10.5878 0.296698 0.198139 -0.0472717
10.6766 0.297569 0.198225 -0.0476908
10.7732 0.299905 0.198228 -0.0461982
10.8679 0.301467 0.198268 -0.0466967
10.9637 0.305631 0.199071 -0.0456317
11.0701 0.308684 0.199205 -0.0460014
11.1635 0.312307 0.199561 -0.0448228
11.2662 0.314407 0.199992 -0.0453085
11.3591 0.319129 0.200108 -0.0436904
11.4646 0.32262 0.200386 -0.0435807
11.5541 0.329884 0.200832 -0.0406833
11.6771 0.333189 0.200912 -0.0405696
11.7623 0.338659 0.201269 -0.0387472
11.8542 0.341932 0.201519 -0.0386335
11.9429 0.347155 0.201673 -0.0372126
12.0358 0.351326 0.201445 -0.0376834
12.1347 0.357684 0.20165 -0.0353853
12.2367 0.36245 0.201763 -0.0358932
12.3295 0.368615 0.201743 -0.0354117
12.4299 0.372488 0.201481 -0.0353856
12.5383 0.379598 0.201324 -0.0342978
12.6303 0.384973 0.201282 -0.0331094
12.7382 0.389884 0.2007 -0.0332062
12.8315 0.396635 0.200245 -0.0311869
12.9438 0.400687 0.200184 -0.0327185
13.033 0.407952 0.199815 -0.0323919
13.1497 0.410835 0.199498 -0.0339434
13.2462 0.418333 0.198758 -0.0318271
13.3451 0.422367 0.198114 -0.031568
13.4433 0.428212 0.197643 -0.0332828
13.5458 0.431975 0.19711 -0.0340932
13.6473 0.436393 0.196646 -0.0331491
13.7409 0.441041 0.196444 -0.0341483
13.8242 0.443378 0.195066 -0.0349438
13.9355 0.448523 0.194642 -0.0344143
14.0307 0.452076 0.194384 -0.0367254
14.1312 0.454761 0.193714 -0.0362468
14.2178 0.456951 0.193028 -0.038079
14.3141 0.45956 0.192531 -0.0378907
14.4163 0.462342 0.19232 -0.0390046
14.5242 0.464092 0.191918 -0.0393268
14.608 0.466342 0.191584 -0.0382421
14.6952 0.46715 0.191592 -0.0389214
14.8032 0.468059 0.191338 -0.0402435
14.8937 0.46862 0.191194 -0.0394929
15.0119 0.468635 0.190983 -0.0408163
15.1107 0.468821 0.191038 -0.0416484
15.2135 0.468985 0.190885 -0.040394
15.3066 0.469181 0.190478 -0.0415366
15.4074 0.468727 0.190078 -0.0399799
15.496 0.468958 0.189417 -0.0419554
15.6069 0.469583 0.188696 -0.0406339
15.6894 0.46967 0.188019 -0.0417827
15.7821 0.469894 0.187134 -0.0425214
15.8848 0.469946 0.185721 -0.0386681
15.9804 0.470618 0.184519 -0.0396226
16.0776 0.470828 0.183347 -0.0418255
16.168 0.471216 0.181966 -0.0407345
16.2507 0.471327 0.180586 -0.0400654
16.3622 0.472442 0.178792 -0.0396001
16.4589 0.473065 0.176681 -0.041627
16.5493 0.473422 0.174831 -0.0394106
16.6466 0.473871 0.172948 -0.0415364
16.7424 0.47476 0.170823 -0.0395877
16.8341 0.475039 0.168554 -0.0402139
16.9443 0.476596 0.165697 -0.0404571
17.0339 0.476851 0.16364 -0.0403637
17.1421 0.477653 0.160401 -0.0407324
17.2322 0.478292 0.157668 -0.038494
17.3365 0.479709 0.15512 -0.0348741
17.4215 0.480275 0.15271 -0.0381972
17.5209 0.481213 0.149251 -0.0377302
17.6132 0.482222 0.146754 -0.0366998
17.7208 0.483751 0.143615 -0.0345609
17.8181 0.483974 0.139592 -0.0379056
17.9216 0.48499 0.136527 -0.0350125
18.0253 0.485341 0.132358 -0.0378062
18.1376 0.48639 0.127876 -0.0381996
18.2309 0.487186 0.125067 -0.0385443
18.338 0.488244 0.120721 -0.0357926
18.4311 0.488967 0.116807 -0.0395801
18.5227 0.49079 0.113605 -0.0358768
18.6182 0.49071 0.108994 -0.0343364
18.7129 0.49194 0.105579 -0.0383777
18.8295 0.492456 0.10025 -0.0378125
18.9359 0.493601 0.095523 -0.0347456
19.0361 0.494531 0.0906554 -0.0337062
19.1362 0.494701 0.0866309 -0.0391742
19.2329 0.495625 0.0819824 -0.0349885
19.3399 0.495975 0.0772829 -0.0383166
19.4391 0.496406 0.0725075 -0.0385153
19.5362 0.497766 0.0677666 -0.0326427
19.6256 0.497939 0.0629042 -0.0362616
19.7262 0.498576 0.0586053 -0.0359238
19.8205 0.500033 0.0543686 -0.0316445
19.918 0.500177 0.0495102 -0.0329506
20.0192 0.500465 0.0449913 -0.036429
20.1188 0.500984 0.0391228 -0.0361734
20.2208 0.501399 0.0344006 -0.0350368
20.3191 0.502177 0.0295233 -0.0348931
20.4287 0.502903 0.024253 -0.0315485
20.5211 0.502771 0.0191444 -0.0314334
20.6318 0.504221 0.0138068 -0.0341363
20.7305 0.502751 0.00769827 -0.0350357
20.8282 0.502618 0.00303844 -0.0330072
20.9233 0.504064 -0.00117928 -0.0315511
21.0226 0.502991 -0.0075554 -0.0332909
21.1187 0.503693 -0.0116983 -0.0305971
21.2312 0.504408 -0.0185534 -0.0284227
21.3386 0.502981 -0.0231505 -0.0347746
21.4251 0.50421 -0.0283926 -0.0288959
21.5115 0.502627 -0.0324722 -0.0380287
21.626 0.503063 -0.0386638 -0.0333066
21.7192 0.502678 -0.0430597 -0.0348908
21.8204 0.501064 -0.0491102 -0.0376846
21.9299 0.500888 -0.0545074 -0.0395585
22.0297 0.501724 -0.0587353 -0.0333358
22.1327 0.500585 -0.0653147 -0.0387866
22.2319 0.500748 -0.0697824 -0.038199
22.3292 0.500535 -0.076025 -0.0330564
22.4306 0.498411 -0.0816628 -0.0370444
22.5312 0.497416 -0.0866899 -0.0382223
22.628 0.49772 -0.0910344 -0.0377869
22.7175 0.496407 -0.09537 -0.0425162
22.8189 0.4961 -0.10023 -0.0399549
22.9231 0.494298 -0.104807 -0.0390476
23.0219 0.494738 -0.109901 -0.034506
23.1275 0.492892 -0.113824 -0.0376609
23.231 0.492024 -0.118935 -0.0397952
23.3352 0.491562 -0.123409 -0.0352817
23.456 0.490884 -0.128697 -0.0340768
23.5478 0.489345 -0.132823 -0.0347827
23.6463 0.488618 -0.136712 -0.0360956
23.7509 0.4867 -0.13981 -0.0395134
23.8436 0.48579 -0.142217 -0.041142
23.9454 0.485073 -0.147173 -0.0428428
24.0421 0.48417 -0.151517 -0.0428327
24.1477 0.482508 -0.155477 -0.0417928
24.2469 0.481807 -0.159065 -0.0409059
24.349 0.480606 -0.162699 -0.0409295
24.4502 0.480373 -0.166061 -0.0424083
24.5392 0.478046 -0.169119 -0.0418624
24.6469 0.477308 -0.173481 -0.0409566
24.7369 0.475598 -0.175093 -0.0427232
24.8546 0.474852 -0.179002 -0.0423391
24.9512 0.474013 -0.182177 -0.0427335
25.0582 0.473034 -0.185478 -0.0421736
25.1683 0.471961 -0.188651 -0.0419318
25.2671 0.470774 -0.191436 -0.0422425
25.3565 0.469821 -0.192363 -0.0414425
25.4674 0.469058 -0.195699 -0.0395157
25.5629 0.467873 -0.197352 -0.0405573
25.6477 0.467116 -0.199463 -0.0389114
25.7416 0.46661 -0.200627 -0.0398604
25.837 0.46448 -0.203489 -0.036861
25.9315 0.464402 -0.203951 -0.0349613
26.0257 0.463686 -0.205384 -0.0371981
26.1165 0.463521 -0.206953 -0.0365905
26.2061 0.462557 -0.208364 -0.0375134
26.3042 0.462416 -0.209569 -0.0383657
26.3969 0.461913 -0.210178 -0.037842
26.5104 0.461454 -0.211541 -0.0367739
26.6119 0.461163 -0.21241 -0.0378646
26.7025 0.461072 -0.213424 -0.038651
26.8138 0.46094 -0.213932 -0.0387234
26.8999 0.460998 -0.214081 -0.0393463
26.9992 0.460795 -0.214456 -0.0400963
27.1214 0.460861 -0.214232 -0.0391779
27.2274 0.460939 -0.214175 -0.0390328
27.3155 0.460686 -0.214332 -0.0392235
27.4125 0.460788 -0.214151 -0.0397422
27.5214 0.460618 -0.214017 -0.0395263
27.626 0.460966 -0.214528 -0.0390708
27.7289 0.460897 -0.214473 -0.0391951
27.8224 0.461035 -0.214857 -0.0382574
27.9306 0.461277 -0.21521 -0.0386636
28.0241 0.461272 -0.215393 -0.0384847
28.1255 0.461187 -0.215567 -0.0381038
28.2116 0.461285 -0.215686 -0.0366887
28.3249 0.460996 -0.216083 -0.0370967
28.4124 0.461419 -0.216112 -0.0362528
28.5148 0.46137 -0.216879 -0.0352706
28.6189 0.46148 -0.217322 -0.0344136
28.706 0.461183 -0.217422 -0.0337018
28.797 0.461196 -0.217837 -0.0323646
28.9121 0.460733 -0.217963 -0.031427
29.0049 0.461255 -0.218244 -0.0305366
29.0966 0.460639 -0.218509 -0.0312486
29.1985 0.461019 -0.21862 -0.0295059
29.2987 0.461268 -0.218441 -0.0290873
29.4065 0.460697 -0.218012 -0.030183
29.5131 0.460618 -0.217115 -0.0302286
29.6061 0.460975 -0.215756 -0.0296197
29.7002 0.461331 -0.213393 -0.0308117
29.803 0.461383 -0.211046 -0.0321367
29.894 0.461592 -0.208902 -0.032827
29.9943 0.461543 -0.205419 -0.0334328
30.1069 0.461908 -0.201196 -0.0352531
30.203 0.461949 -0.199012 -0.036208
30.3035 0.462165 -0.194214 -0.0379865
30.399 0.461933 -0.190491 -0.0383898
30.5046 0.462009 -0.185917 -0.0384738
30.5981 0.462227 -0.182574 -0.0398697
30.7164 0.462103 -0.179879 -0.0419072
30.8152 0.461866 -0.177733 -0.0421393
30.911 0.461654 -0.176058 -0.0445047
31.0052 0.461856 -0.17397 -0.0438416
31.1012 0.461588 -0.17127 -0.0421481
31.2141 0.461551 -0.171019 -0.0426064
31.3111 0.461402 -0.17071 -0.0421115
31.4131 0.460975 -0.170349 -0.0404082
31.5151 0.462499 -0.172539 -0.0399691
31.627 0.463642 -0.174956 -0.0384209
31.7325 0.464501 -0.17646 -0.0383025
31.8308 0.464948 -0.177167 -0.0408131
31.9386 0.467702 -0.178133 -0.0419333
32.0519 0.469242 -0.178374 -0.041558
32.1615 0.47018 -0.178266 -0.0425082
32.2592 0.470105 -0.178834 -0.0429362
32.3616 0.470817 -0.178776 -0.0433665
32.4624 0.47087 -0.179241 -0.0435963
32.5542 0.471199 -0.178774 -0.0423572
32.655 0.471017 -0.179032 -0.0432176
32.7671 0.471369 -0.179177 -0.0428016
32.8665 0.471422 -0.178897 -0.0435234
32.99 0.471335 -0.178795 -0.0428063
33.1048 0.471482 -0.179085 -0.0425776
33.2138 0.471361 -0.179232 -0.0430335
33.3191 0.471598 -0.179366 -0.0435076
33.4077 0.471709 -0.178792 -0.0429372
33.4894 0.47116 -0.178146 -0.0430424
33.5855 0.471268 -0.17856 -0.0428728
33.7037 0.471266 -0.178999 -0.0424117
33.8164 0.471255 -0.178708 -0.0424779
33.9068 0.4713 -0.178693 -0.0419603
34.0102 0.471432 -0.178531 -0.0420659
34.1085 0.47121 -0.1785 -0.0424487
34.2137 0.471386 -0.177639 -0.0418824
34.3293 0.471287 -0.17876 -0.0430569
34.4349 0.47102 -0.177918 -0.0423326
34.5219 0.470935 -0.178613 -0.0427198
34.6158 0.470945 -0.178377 -0.0434226
34.7312 0.47111 -0.178172 -0.0433377
34.8613 0.47121 -0.178277 -0.0429832
34.9728 0.470935 -0.177953 -0.0427914
35.069 0.471084 -0.178699 -0.0433951
35.1632 0.470902 -0.179212 -0.043619
35.257 0.471191 -0.178438 -0.0429724
35.361 0.470967 -0.178651 -0.0433688
35.4649 0.471084 -0.179159 -0.0429697
35.5775 0.470989 -0.178905 -0.0435101
35.6815 0.47124 -0.178724 -0.0433656
