3.29018e-05 0.39206 0.16149 -0.0865116 0
0.0834823 0.391925 0.161397 -0.0863803 0
0.194875 0.392018 0.161517 -0.0861268 0
0.287075 0.39199 0.161346 -0.085615 0
0.391492 0.392015 0.161446 -0.0861911 0
0.477029 0.391986 0.161313 -0.0850523 0
0.578034 0.392002 0.161469 -0.0868115 0
0.661522 0.391994 0.161298 -0.0844027 0
0.763933 0.39194 0.161329 -0.085759 0
0.852849 0.392026 0.161488 -0.0870713 0
0.944483 0.392012 0.161463 -0.0856043 0
1.03363 0.392039 0.161493 -0.0861696 0
1.12347 0.392031 0.161445 -0.0865662 0
1.2078 0.391961 0.161402 -0.0854572 0
1.30201 0.392035 0.161458 -0.086338 0
1.39559 0.391991 0.161398 -0.0854687 0
1.49901 0.39197 0.16141 -0.0850181 0
1.58283 0.391852 0.161421 -0.0863074 0
1.68324 0.391808 0.16131 -0.0851824 0
1.77944 0.391971 0.161299 -0.0850389 0
1.86465 0.391953 0.161429 -0.0858098 0
1.95657 0.391878 0.161337 -0.0856801 0
2.05612 0.392009 0.161419 -0.0862331 0
2.13709 0.391918 0.16144 -0.0867942 0
2.23666 0.391981 0.1615 -0.0858482 0
2.32838 0.391932 0.161396 -0.085382 0
2.42504 0.391994 0.161472 -0.0866812 0
2.55521 0.392002 0.161464 -0.086789 0
2.69525 0.392016 0.161463 -0.0866981 0
2.8312 0.39191 0.161471 -0.0862546 0
2.97348 0.392057 0.161412 -0.0855531 0
3.10315 0.391986 0.161299 -0.085411 0
3.25343 0.391988 0.161349 -0.0858574 0
3.37949 0.391814 0.161478 -0.0870696 0
3.5126 0.391902 0.161412 -0.0866452 0
3.64602 0.391955 0.161233 -0.0851237 0
3.78235 0.392001 0.161431 -0.0864746 0
3.93241 0.391896 0.161446 -0.0861677 0
4.07575 0.39191 0.161174 -0.0840536 0
4.21617 0.392123 0.161461 -0.0865654 0
4.35991 0.392041 0.161465 -0.0863433 0
4.49728 0.391866 0.161479 -0.0862852 0
4.6486 0.391896 0.16143 -0.0869575 0
4.77502 0.39201 0.161413 -0.0860688 0
4.91684 0.392048 0.161386 -0.0858342 0
5.05595 0.392045 0.161472 -0.0870653 0
5.17912 0.391921 0.161412 -0.0861724 0
5.30815 0.391959 0.161415 -0.0854752 0
5.44244 0.392012 0.161483 -0.0871532 0
5.58292 0.391969 0.161477 -0.0864707 0
5.69814 0.392069 0.16146 -0.0867116 0
5.8119 0.391922 0.161281 -0.0853341 0
5.92979 0.392051 0.161578 -0.0869912 0
6.0523 0.39194 0.161293 -0.0844046 0
6.17968 0.391972 0.161384 -0.0855249 0
6.30221 0.392065 0.16144 -0.0857916 0
6.4227 0.392008 0.161471 -0.087141 0
6.54356 0.391858 0.161404 -0.0869181 0
6.65937 0.392021 0.161446 -0.0871175 0
6.79669 0.391827 0.161501 -0.0863067 0
6.91565 0.391972 0.161381 -0.0864833 0
7.04176 0.392066 0.161418 -0.0851937 0
7.15679 0.391901 0.161506 -0.0870979 0
7.28034 0.391949 0.161411 -0.0861541 0
7.39253 0.392038 0.16148 -0.0862054 0
7.52176 0.391986 0.16128 -0.0843548 0
7.6493 0.39195 0.16138 -0.086254 0
7.79544 0.392004 0.161453 -0.0860889 0
7.88583 0.392039 0.1614 -0.0877523 0
8.00739 0.391882 0.161524 -0.0870156 0
8.12912 0.391915 0.161357 -0.0859763 0
8.25621 0.392044 0.161415 -0.0855595 0
8.3784 0.392022 0.16149 -0.0869594 0
8.50373 0.391857 0.161353 -0.0867538 0
8.62903 0.391869 0.161296 -0.085106 0
8.74818 0.392012 0.161427 -0.0859239 0
8.86625 0.392024 0.161438 -0.0854657 0
8.9902 0.391871 0.161486 -0.0863392 0
9.12021 0.391981 0.161465 -0.0868647 0
9.24298 0.391909 0.161319 -0.0852241 0
9.37134 0.392017 0.161453 -0.0862904 0
9.49394 0.39201 0.161504 -0.0868347 0
9.60638 0.391852 0.161468 -0.0864641 0
9.7177 0.392011 0.161338 -0.0851722 0
9.83532 0.391987 0.161448 -0.0863174 0
9.94629 0.391969 0.161437 -0.0858771 0
10.0585 0.39191 0.161424 -0.0866158 0
10.1638 0.391933 0.16151 -0.086657 0
10.2705 0.392044 0.161426 -0.0865621 0
10.3806 0.391971 0.161467 -0.0872144 0
10.4976 0.391948 0.161467 -0.086732 0
10.6087 0.391861 0.161414 -0.0855936 0
10.7245 0.392132 0.161442 -0.0859933 0
10.8376 0.391957 0.16136 -0.0854797 0
10.9501 0.391875 0.16148 -0.0875347 0
11.0641 0.392015 0.161518 -0.0870323 0
11.1805 0.392019 0.16143 -0.0862302 0
11.2889 0.391932 0.161459 -0.0865498 0
11.3996 0.391933 0.161434 -0.0860066 0
11.4975 0.392079 0.161402 -0.0860086 0
11.6173 0.391999 0.161527 -0.0866152 0
11.7208 0.392006 0.16147 -0.0867434 0
11.8351 0.391948 0.161185 -0.0848784 0
11.9449 0.392046 0.161405 -0.0866597 0
12.0527 0.391997 0.161385 -0.0858778 0
12.1719 0.391997 0.16146 -0.0856852 0
12.278 0.392029 0.161446 -0.0867496 0
12.3863 0.392007 0.161408 -0.0852007 0
12.5096 0.391943 0.161524 -0.0864938 0
12.6205 0.392018 0.161298 -0.084998 0
12.7335 0.391938 0.161398 -0.0858125 0
12.8514 0.391961 0.161427 -0.0862768 0
12.9598 0.391936 0.161519 -0.087119 0
13.0773 0.392002 0.161403 -0.0855635 0
13.18 0.39202 0.161443 -0.086383 0
13.2983 0.39205 0.161398 -0.0868103 0
13.41 0.392 0.161483 -0.0868957 0
13.5154 0.392018 0.161455 -0.0863436 0
13.6296 0.392007 0.161368 -0.0859665 0
13.7256 0.391983 0.161527 -0.08708 0
13.8282 0.392041 0.161501 -0.0863184 0
13.9274 0.39195 0.161465 -0.0861471 0
14.0232 0.391923 0.161445 -0.0862395 0
14.1319 0.391938 0.161245 -0.085568 0
14.2279 0.392043 0.161556 -0.0869267 0
14.3345 0.391993 0.161447 -0.0858503 0
14.4314 0.391994 0.161489 -0.0869025 0
14.5385 0.392009 0.161433 -0.0866243 0
14.644 0.392031 0.161466 -0.0864239 0
14.746 0.391944 0.161364 -0.0857308 0
14.8546 0.392065 0.161401 -0.0862912 0
14.9511 0.391941 0.16153 -0.0873562 0
15.0574 0.392025 0.16145 -0.0861788 0
15.1524 0.391915 0.161387 -0.0865342 0
15.26 0.391946 0.161491 -0.0870677 0
15.3585 0.392002 0.161448 -0.085937 0
15.4601 0.392109 0.161416 -0.0864747 0
15.557 0.391959 0.161366 -0.0847282 0
15.6614 0.391911 0.161462 -0.0863285 0
15.7644 0.392028 0.161427 -0.0860533 0
15.8783 0.391993 0.161387 -0.0861826 0
15.9805 0.391878 0.161422 -0.0862725 0
16.0844 0.391866 0.161465 -0.0864137 0
16.1921 0.391991 0.16151 -0.0870695 0
16.2896 0.391991 0.161368 -0.0864257 0
16.3994 0.391978 0.161387 -0.0861553 0
16.4974 0.391933 0.16139 -0.085641 0
16.6348 0.39194 0.16147 -0.0865124 0
16.7278 0.391973 0.161523 -0.0865182 0
16.8436 0.392046 0.161295 -0.0851484 0
16.9307 0.391986 0.161436 -0.0858353 0
17.0343 0.391896 0.161225 -0.0852419 0
17.142 0.392055 0.161324 -0.0854001 0
17.2442 0.391987 0.161347 -0.0865107 0
17.3488 0.39198 0.16133 -0.0851312 0
17.454 0.391985 0.16149 -0.0866472 0
17.5456 0.392013 0.161434 -0.0856632 0
17.6475 0.392024 0.161399 -0.0861102 0
17.7417 0.391852 0.161424 -0.0861529 0
17.8502 0.39192 0.161419 -0.0861242 0
17.9461 0.392021 0.161501 -0.0859295 0
18.0392 0.392033 0.161395 -0.0857272 0
18.138 0.391925 0.161337 -0.0848302 0
18.2429 0.392004 0.161456 -0.0859215 0
18.3387 0.391933 0.161353 -0.085729 0
18.4417 0.391928 0.161557 -0.086903 0
18.5417 0.3918 0.161325 -0.0861634 0
18.6436 0.391999 0.161367 -0.0866847 0
18.7394 0.392038 0.161388 -0.0862932 0
18.8423 0.39196 0.161522 -0.087279 0
18.9425 0.392002 0.161451 -0.0865969 0
19.0447 0.392078 0.161497 -0.0865049 0
19.1407 0.391956 0.161397 -0.0850632 0
19.2349 0.391844 0.161399 -0.0862907 0
19.334 0.392022 0.161417 -0.0864718 0
19.4356 0.392037 0.16143 -0.0867168 0
19.5423 0.391759 0.161316 -0.0856296 0
19.6345 0.392006 0.16145 -0.0862805 0
19.7383 0.392002 0.161392 -0.087002 0
19.8335 0.391943 0.161394 -0.0851589 0
19.9378 0.391913 0.161456 -0.0860642 0
20.04 0.391928 0.161409 -0.085716 0
20.1401 0.392047 0.161527 -0.0862596 0
20.243 0.391952 0.161428 -0.0854416 0
20.3427 0.391989 0.161484 -0.0862454 0
20.4426 0.392 0.161424 -0.0861008 0
20.5401 0.391988 0.161397 -0.0863114 0
20.6583 0.391863 0.161466 -0.0877164 0
20.7673 0.392004 0.161488 -0.0861457 0
20.876 0.391998 0.161424 -0.0854204 0
20.9759 0.391931 0.161401 -0.0856155 0
21.0738 0.392009 0.161481 -0.0866914 0
21.1779 0.392009 0.161422 -0.0860586 0
21.2759 0.391853 0.16148 -0.0868173 0
21.3806 0.391838 0.161415 -0.0867373 0
21.4739 0.391839 0.161497 -0.0866079 0
21.573 0.392044 0.161434 -0.0862419 0
21.67 0.391988 0.161536 -0.0867391 0
21.7629 0.391954 0.161384 -0.0864838 0
21.863 0.391942 0.161502 -0.0867537 0
21.9684 0.391847 0.161431 -0.0857417 0
22.1083 0.391978 0.161417 -0.0863599 0
22.2 0.391925 0.16146 -0.0866965 0
22.3091 0.392002 0.161463 -0.0860905 0
22.4125 0.391883 0.161424 -0.0859383 0
22.5159 0.391946 0.161459 -0.0863116 0
22.6518 0.392056 0.161547 -0.0865563 0
22.7563 0.391999 0.161439 -0.0862664 0
22.8529 0.391904 0.161361 -0.0861623 0
22.9425 0.392041 0.16147 -0.0869866 0
23.0489 0.39203 0.16148 -0.0861016 0
23.1736 0.3919 0.161387 -0.0865916 0
23.2603 0.392024 0.161472 -0.0866456 0
23.3551 0.391865 0.161305 -0.0854625 0
23.4464 0.39192 0.161342 -0.0861437 0
23.5388 0.392302 0.161824 -0.0857949 0
23.6333 0.392369 0.16203 -0.0863837 0
23.7362 0.392469 0.162314 -0.0864108 0
23.83 0.392365 0.162032 -0.0855006 0
23.9447 0.392417 0.162251 -0.0854665 0
24.0441 0.392637 0.162415 -0.0861556 0
24.138 0.392458 0.162836 -0.0864266 0
24.2317 0.392755 0.162903 -0.0859459 0
24.332 0.392796 0.163047 -0.0851297 0
24.4296 0.393271 0.163106 -0.0853296 0
24.5308 0.392908 0.163485 -0.0850582 0
24.6319 0.393215 0.163787 -0.0848658 0
24.7393 0.393469 0.164016 -0.0845944 0
24.8413 0.393297 0.164373 -0.0840904 0
24.9476 0.393337 0.16447 -0.0836945 0
25.046 0.393789 0.164647 -0.0817614 0
25.1375 0.393574 0.16469 -0.0819784 0
25.2395 0.393659 0.164953 -0.0801581 0
25.3375 0.393334 0.165065 -0.0798872 0
25.4409 0.393588 0.165173 -0.0785721 0
25.5531 0.393667 0.165176 -0.0766046 0
25.6427 0.394231 0.164878 -0.074146 0
25.7327 0.394275 0.165097 -0.0740353 0
25.8289 0.393733 0.164637 -0.0717579 0
25.9335 0.394222 0.164353 -0.0686994 0
26.0284 0.394564 0.165079 -0.0697667 0
26.1258 0.395126 0.165034 -0.0669641 0
26.221 0.395148 0.166154 -0.0694154 0
26.3128 0.395848 0.166514 -0.0691045 0
26.4047 0.395287 0.166227 -0.0675726 0
26.4989 0.395182 0.166341 -0.066321 0
26.5999 0.396058 0.166434 -0.0641486 0
26.7037 0.395651 0.166635 -0.0648912 0
26.7952 0.395829 0.166797 -0.0633815 0
26.8861 0.39618 0.166955 -0.0630288 0
26.9889 0.396065 0.166699 -0.0610258 0
27.0853 0.394894 0.166776 -0.0611986 0
27.1762 0.394269 0.166705 -0.0591368 0
27.2657 0.395324 0.166622 -0.0594763 0
27.3569 0.395015 0.166523 -0.0568761 0
27.4624 0.395097 0.16679 -0.0568151 0
27.549 0.394539 0.16659 -0.0557954 0
27.6413 0.394896 0.166844 -0.0552459 1
27.7333 0.39526 0.16654 -0.0548262 1
27.8294 0.395451 0.166395 -0.0543985 1
27.9279 0.393853 0.166415 -0.0544505 1
28.0172 0.395234 0.166227 -0.0517253 1
28.1235 0.395105 0.166258 -0.0519623 1
28.2272 0.395474 0.166061 -0.0500446 1
28.3356 0.39386 0.166044 -0.0540318 1
28.425 0.395099 0.16615 -0.051632 1
28.5193 0.395841 0.166282 -0.0512893 1
28.607 0.396247 0.166319 -0.0507387 1
28.7072 0.396643 0.166268 -0.0511756 1
28.7954 0.396418 0.166389 -0.0509072 1
28.8953 0.397391 0.165971 -0.0491288 1
28.9896 0.39806 0.165889 -0.0496521 1
29.0768 0.399563 0.166196 -0.0498575 1
29.1827 0.399944 0.165744 -0.049498 1
29.2719 0.401036 0.166028 -0.0482509 1
29.3641 0.402015 0.166412 -0.0490494 1
29.4593 0.403201 0.166297 -0.048663 1
29.5528 0.404734 0.166529 -0.0501789 1
29.6469 0.405867 0.166531 -0.0507841 1
29.7309 0.409193 0.166313 -0.0486967 1
29.8257 0.409554 0.166351 -0.0485849 1
29.924 0.412504 0.166486 -0.0480243 1
30.0156 0.413952 0.16639 -0.0476663 1
30.114 0.415654 0.166644 -0.04854 1
30.2048 0.417954 0.166363 -0.0480452 1
30.3058 0.419703 0.166266 -0.0480449 1
30.3931 0.422288 0.166372 -0.0479662 1
30.4979 0.425238 0.165881 -0.0460956 1
30.5929 0.42701 0.165975 -0.0467677 1
30.683 0.428964 0.166013 -0.0474769 1
30.7857 0.43106 0.16609 -0.0474615 1
30.8745 0.434588 0.165917 -0.046791 1
30.9676 0.43624 0.166025 -0.0467848 1
31.0616 0.437709 0.165864 -0.0461854 1
31.154 0.440219 0.165562 -0.0467355 1
31.2529 0.441502 0.16578 -0.0476632 1
31.3384 0.445639 0.165367 -0.0463735 1
31.4372 0.446504 0.165489 -0.0476278 1
31.5319 0.448026 0.165225 -0.0463337 1
31.629 0.452363 0.165119 -0.0452132 1
31.727 0.453319 0.165139 -0.0469805 1
31.8178 0.45578 0.165118 -0.0478056 1
31.9263 0.456086 0.164998 -0.047804 1
32.0296 0.459522 0.164761 -0.0471811 1
32.1384 0.461589 0.164673 -0.0458077 1
32.2425 0.463854 0.164753 -0.0476987 1
32.3363 0.465042 0.164322 -0.0462011 1
32.4406 0.466774 0.164326 -0.0470871 1
32.533 0.467705 0.164339 -0.0475022 1
32.6223 0.469351 0.163963 -0.0481478 1
32.7321 0.47082 0.163925 -0.0476893 2
32.831 0.471677 0.163921 -0.0477404 2
32.9327 0.472466 0.163743 -0.0477128 2
33.0317 0.473001 0.163799 -0.0483946 2
33.1318 0.472905 0.163707 -0.0495342 2
33.2265 0.473736 0.163535 -0.0487106 2
33.3368 0.472675 0.163559 -0.0490212 2
33.4402 0.474023 0.1636 -0.0492051 2
33.5269 0.473874 0.163374 -0.0483502 2
33.6208 0.473834 0.163126 -0.0491757 2
33.7154 0.474021 0.162683 -0.0480264 2
33.8073 0.474007 0.16244 -0.0488516 2
33.9304 0.474131 0.161641 -0.0480104 2
34.0425 0.474381 0.160929 -0.0493787 2
34.1323 0.474341 0.159828 -0.0479392 2
34.2186 0.474821 0.159244 -0.0478828 2
34.3254 0.474972 0.158116 -0.047432 2
34.4097 0.474913 0.156915 -0.0491362 2
34.5139 0.475528 0.155453 -0.0482887 2
34.6068 0.47662 0.154273 -0.0487416 2
34.7069 0.477314 0.152306 -0.0463837 2
34.8038 0.477238 0.150872 -0.0475167 2
34.8991 0.478121 0.14899 -0.0468627 2
35.0136 0.478087 0.147006 -0.0468946 2
35.118 0.479583 0.14479 -0.045991 2
35.2529 0.479532 0.141843 -0.046767 2
35.3813 0.481347 0.139108 -0.0450722 2
35.4975 0.481225 0.136115 -0.0441125 2
35.5847 0.48287 0.133897 -0.0427671 2
35.6648 0.482938 0.13199 -0.0444267 2
35.7647 0.483316 0.129319 -0.0465223 2
35.8693 0.485082 0.126355 -0.0423421 2
35.9658 0.485325 0.123637 -0.0457449 2
36.068 0.48517 0.120484 -0.0453945 2
36.179 0.485462 0.117004 -0.045411 2
36.2726 0.486403 0.114131 -0.0455232 2
36.3785 0.487865 0.110769 -0.0440587 2
36.5029 0.489331 0.106717 -0.0428052 2
36.5945 0.490596 0.103257 -0.0425734 2
36.6883 0.492075 0.100438 -0.0425962 2
36.7827 0.491567 0.0970752 -0.0457468 2
36.8725 0.492212 0.0932847 -0.0433728 2
36.9684 0.49264 0.0902176 -0.0450997 2
37.0699 0.493012 0.0865457 -0.0450193 2
37.1644 0.49376 0.082797 -0.0443522 2
37.2613 0.493469 0.0787746 -0.0435038 2
37.3447 0.494076 0.0752159 -0.0457032 2
37.4458 0.494517 0.0713134 -0.0429683 2
37.5318 0.495236 0.0677791 -0.0468611 2
37.6257 0.495587 0.0638717 -0.0452184 2
37.7325 0.496174 0.059453 -0.0435222 2
37.8277 0.497816 0.0556189 -0.0446691 2
37.9281 0.497865 0.0510956 -0.042981 2
38.0301 0.498296 0.0469386 -0.0452559 2
38.1233 0.499287 0.0428139 -0.0414383 2
38.2187 0.499274 0.0383024 -0.0419411 2
38.3138 0.499797 0.0340493 -0.0435848 2
38.4034 0.499742 0.0298897 -0.041435 2
38.5062 0.500619 0.0257296 -0.0424797 2
38.6031 0.500375 0.0214582 -0.0402035 2
38.6875 0.500613 0.0174303 -0.0443327 2
38.7892 0.500702 0.012739 -0.0432107 2
38.8834 0.500422 0.00828767 -0.0429629 2
38.978 0.501178 0.00346768 -0.0413842 2
39.0718 0.501564 -0.000947118 -0.0421306 2
39.1735 0.502139 -0.00550556 -0.0418235 2
39.2687 0.501547 -0.00990859 -0.0431863 2
39.3651 0.501799 -0.0141739 -0.0427759 2
39.467 0.501841 -0.0187213 -0.0410968 2
39.5644 0.501553 -0.0240617 -0.0438797 2
39.671 0.501289 -0.0286388 -0.0433009 2
39.7765 0.501839 -0.0343092 -0.0443039 2
39.8827 0.501628 -0.0388964 -0.0432695 2
39.9722 0.501092 -0.0428821 -0.0431997 2
40.0677 0.500085 -0.0476213 -0.0451649 2
40.1579 0.50049 -0.0518657 -0.0461061 2
40.2576 0.500231 -0.0567002 -0.0427754 2
40.3497 0.49966 -0.0601774 -0.0482906 2
40.4496 0.500794 -0.0661821 -0.0434651 2
40.5395 0.499505 -0.069708 -0.0429417 2
40.644 0.499175 -0.0741715 -0.0481168 2
40.7365 0.498785 -0.0785769 -0.0466845 2
40.8212 0.498018 -0.0827904 -0.0471711 2
40.9237 0.498253 -0.0870334 -0.0481359 2
41.0232 0.497204 -0.0915357 -0.0459037 2
41.1257 0.496744 -0.095863 -0.0445634 2
41.23 0.495462 -0.100672 -0.0423418 2
41.3301 0.494208 -0.104492 -0.0399454 2
41.4339 0.493897 -0.108585 -0.0387996 2
41.5313 0.493214 -0.111741 -0.04013 2
41.6356 0.491851 -0.116387 -0.0367259 2
41.7517 0.490599 -0.119979 -0.0386015 2
41.8452 0.490198 -0.122631 -0.0397382 2
41.9456 0.489515 -0.126839 -0.0421195 2
42.05 0.488353 -0.130853 -0.0406382 2
42.1486 0.48791 -0.134853 -0.0414054 2
42.2489 0.487062 -0.138241 -0.0412854 2
42.3488 0.486276 -0.142291 -0.0399636 2
42.447 0.485437 -0.144742 -0.0428768 2
42.5547 0.485213 -0.148262 -0.04229 2
42.6463 0.484088 -0.15139 -0.0420466 2
42.7485 0.483281 -0.155036 -0.0411325 2
42.8522 0.482389 -0.158473 -0.0420498 2
42.9556 0.481465 -0.160993 -0.0408077 2
43.0611 0.479941 -0.164435 -0.0411895 2
43.1559 0.479062 -0.16724 -0.0419653 2
43.2581 0.478256 -0.170223 -0.0415203 2
43.3527 0.477182 -0.173025 -0.0412951 2
43.4405 0.476489 -0.175097 -0.0435152 2
43.5384 0.475901 -0.177549 -0.0436999 2
43.6373 0.475043 -0.180351 -0.0437356 2
43.7293 0.474413 -0.18199 -0.0435438 2
43.8417 0.474016 -0.185026 -0.0422072 2
43.9364 0.473376 -0.187006 -0.0430231 2
44.0306 0.472586 -0.188651 -0.0424922 2
44.1223 0.472006 -0.189828 -0.0415763 2
44.2092 0.471387 -0.191594 -0.0414495 2
44.3054 0.470928 -0.193163 -0.0412995 2
44.4114 0.470379 -0.194993 -0.0414469 2
44.5075 0.469394 -0.195806 -0.041317 2
44.6094 0.469312 -0.196622 -0.0408481 2
44.7 0.468749 -0.197552 -0.0401755 3
44.801 0.467778 -0.198818 -0.0384007 3
44.8873 0.467638 -0.199553 -0.0395748 3
44.9752 0.467588 -0.20018 -0.0392732 3
45.0662 0.467652 -0.200707 -0.0399438 3
45.1567 0.467552 -0.201054 -0.0400873 3
45.2576 0.466938 -0.20093 -0.0389888 3
45.3556 0.466949 -0.200894 -0.0394845 3
45.4452 0.467158 -0.200934 -0.0387633 3
45.5535 0.466855 -0.201324 -0.040236 3
45.6399 0.466779 -0.201326 -0.0396049 3
45.7279 0.466622 -0.201565 -0.0398558 3
45.8165 0.466859 -0.201067 -0.0388917 3
45.9221 0.467093 -0.201593 -0.0400235 3
46.03 0.466941 -0.201231 -0.0399882 3
46.1248 0.467013 -0.201439 -0.03985 3
46.2374 0.466851 -0.20151 -0.0401186 3
46.3354 0.467481 -0.201896 -0.0396577 3
46.4371 0.467211 -0.201752 -0.0382126 3
46.5353 0.467199 -0.201981 -0.0392813 3
46.6314 0.467098 -0.202211 -0.0396538 3
46.7207 0.467059 -0.202392 -0.0391351 3
46.8193 0.466854 -0.20257 -0.0380731 3
46.918 0.466835 -0.202666 -0.039037 3
47.0001 0.467099 -0.202835 -0.0391857 3
47.1048 0.466688 -0.20261 -0.0387778 3
47.2043 0.467496 -0.20311 -0.0379597 3
47.3085 0.467023 -0.203305 -0.0377605 3
47.4037 0.467436 -0.203775 -0.0377564 3
47.51 0.467508 -0.204053 -0.0376987 3
47.6046 0.467756 -0.204103 -0.037061 3
47.7073 0.467338 -0.20423 -0.0360173 4
47.7927 0.467784 -0.204292 -0.0361484 4
47.8768 0.467354 -0.204471 -0.0355766 4
47.9645 0.467333 -0.204166 -0.0357262 4
48.0555 0.467185 -0.204745 -0.035224 4
48.1407 0.467516 -0.204702 -0.0349028 4
48.2295 0.467784 -0.204447 -0.0352009 4
48.3121 0.466989 -0.204836 -0.0351755 4
48.4104 0.467293 -0.205133 -0.0332788 4
48.503 0.466678 -0.20576 -0.0339767 4
48.6334 0.467485 -0.205658 -0.0337393 4
48.7251 0.467576 -0.205186 -0.0329449 4
48.8082 0.466763 -0.205299 -0.0337881 4
48.8998 0.467068 -0.204815 -0.0335617 4
48.9963 0.467329 -0.204087 -0.0340648 4
49.0915 0.467538 -0.203445 -0.0335523 4
49.1796 0.467626 -0.201957 -0.0342401 4
49.2811 0.467667 -0.200316 -0.0343216 4
49.3759 0.468041 -0.199312 -0.0351333 4
49.4836 0.468145 -0.19663 -0.0357878 4
49.5959 0.468017 -0.195088 -0.0356295 4
49.7055 0.468143 -0.192827 -0.0367633 4
49.8206 0.468503 -0.189876 -0.0362966 4
49.9371 0.46859 -0.187327 -0.0371731 4
50.0391 0.468975 -0.185208 -0.0379659 4
50.1283 0.468802 -0.183297 -0.039187 4
50.2183 0.468742 -0.181474 -0.0392432 4
50.2999 0.468941 -0.180097 -0.0398215 4
50.3862 0.468613 -0.17786 -0.0400253 4
50.4817 0.468243 -0.175481 -0.0409919 4
50.5607 0.468525 -0.174658 -0.0420401 4
50.6482 0.468313 -0.172443 -0.0408618 4
50.7298 0.468251 -0.171622 -0.0422366 4
50.8405 0.468273 -0.168243 -0.0389799 4
50.9333 0.46879 -0.165619 -0.0378663 4
51.034 0.467862 -0.163501 -0.0372434 4
51.1578 0.468031 -0.161063 -0.0361618 4
51.2337 0.468238 -0.16027 -0.036354 4
51.3379 0.467769 -0.159128 -0.0351193 4
51.4345 0.467574 -0.157518 -0.0352966 5
51.5494 0.46771 -0.157196 -0.0344271 5
51.6592 0.467715 -0.157549 -0.0344 5
51.7824 0.467943 -0.15672 -0.0334171 5
51.8605 0.467652 -0.159798 -0.0330788 5
51.9725 0.467823 -0.160292 -0.031915 5
52.0551 0.467638 -0.160912 -0.0326899 5
52.1651 0.468001 -0.160184 -0.0319106 5
52.2689 0.468207 -0.161446 -0.0332953 5
52.3851 0.467966 -0.161071 -0.0332889 5
52.4638 0.467695 -0.161519 -0.0336396 5
52.5859 0.467748 -0.161502 -0.0345723 5
52.6782 0.467823 -0.161875 -0.0342618 5
52.7734 0.467613 -0.161567 -0.0346729 5
52.8612 0.467869 -0.161721 -0.0345627 5
52.9812 0.467941 -0.161682 -0.0348258 5
53.0926 0.467754 -0.162081 -0.0345287 5
53.2039 0.467426 -0.162519 -0.034586 5
53.286 0.467723 -0.162463 -0.0342563 5
53.4114 0.467765 -0.162331 -0.0355727 5
53.5102 0.467707 -0.162761 -0.0345277 5
53.6331 0.467748 -0.162931 -0.0345324 5
53.7051 0.467832 -0.162884 -0.0336184 5
53.8314 0.46812 -0.163473 -0.0366342 5
53.9167 0.467932 -0.16303 -0.0346944 5
54.0267 0.468059 -0.163515 -0.0371332 5
54.1246 0.467854 -0.164112 -0.035742 5
54.23 0.468056 -0.163602 -0.0361085 5
54.3091 0.468182 -0.164606 -0.0368112 5
54.4251 0.468231 -0.16424 -0.0366294 5
54.5245 0.46873 -0.165063 -0.0362092 5
54.6106 0.468943 -0.164576 -0.0369748 5
54.7007 0.468862 -0.165206 -0.0365096 5
54.8045 0.469386 -0.165295 -0.0369629 5
54.8948 0.468801 -0.165227 -0.0358595 5
54.9947 0.469494 -0.165053 -0.0375067 5
55.0886 0.469868 -0.165892 -0.0369015 5
55.2287 0.469171 -0.166306 -0.0382275 5
55.351 0.470104 -0.166279 -0.0366634 5
55.4652 0.470187 -0.165941 -0.0367954 5
55.5882 0.470112 -0.167111 -0.036399 5
55.7022 0.471145 -0.167032 -0.0359398 5
55.7804 0.470377 -0.167498 -0.0375183 5
55.865 0.470896 -0.167091 -0.0375495 5
55.9571 0.471374 -0.167371 -0.0373571 5
56.0492 0.472159 -0.167025 -0.0372622 5
56.1579 0.471822 -0.167163 -0.0372523 5
56.2447 0.472021 -0.167807 -0.0391645 5
56.3579 0.471924 -0.167814 -0.0372782 5
56.4372 0.471983 -0.168753 -0.0388448 6
56.5414 0.472314 -0.168819 -0.0387974 6
56.6298 0.471984 -0.168875 -0.0386526 6
56.7374 0.472087 -0.168754 -0.0395887 6
56.8376 0.472015 -0.168191 -0.0381933 6
56.9327 0.471531 -0.169149 -0.0386683 6
57.0341 0.471949 -0.168242 -0.0392373 6
57.1225 0.471988 -0.168477 -0.0391309 6
57.2462 0.471828 -0.168646 -0.0390763 6
57.3253 0.471996 -0.168569 -0.0389208 6
57.4405 0.472074 -0.169021 -0.0395372 6
57.5236 0.471915 -0.168811 -0.0395787 6
57.6401 0.472106 -0.16878 -0.039782 6
57.7293 0.471854 -0.168622 -0.0390582 6
57.8349 0.471992 -0.16841 -0.0389145 6
57.9319 0.472125 -0.168784 -0.0397561 6
58.0346 0.471801 -0.168994 -0.0393267 6
58.1464 0.472218 -0.168609 -0.0389492 6
58.2323 0.47191 -0.168752 -0.0397802 6
58.337 0.471827 -0.169138 -0.0406723 6
58.4273 0.471818 -0.168708 -0.0400345 6
58.5357 0.471401 -0.169067 -0.0396006 6
58.6235 0.47201 -0.168608 -0.0387579 6
58.7484 0.471914 -0.168857 -0.039822 6
58.8269 0.471584 -0.169223 -0.0397879 6
58.9348 0.471621 -0.168067 -0.0382316 6
59.0347 0.471521 -0.169145 -0.0394899 6
59.152 0.471996 -0.168678 -0.0382763 6
59.2465 0.471791 -0.168941 -0.039751 6
59.3426 0.471932 -0.168756 -0.0391911 6
59.4393 0.471975 -0.168825 -0.0393731 6
59.5416 0.472119 -0.1687 -0.039433 6
59.6395 0.471987 -0.16872 -0.0395722 6
59.7163 0.472012 -0.168541 -0.0391856 6
59.8279 0.472082 -0.168803 -0.0397282 6
59.9371 0.471902 -0.168373 -0.0388176 6
60.0361 0.472063 -0.168662 -0.0394895 6
60.1286 0.472083 -0.168205 -0.0396183 6
60.2386 0.472041 -0.168652 -0.0398979 6
60.3189 0.472233 -0.168715 -0.0395373 6
60.4382 0.472147 -0.168548 -0.0395775 6
60.5253 0.471896 -0.168836 -0.0393946 6
60.6148 0.471963 -0.168553 -0.0394243 6
60.7253 0.471727 -0.168855 -0.0390323 6
60.8091 0.471962 -0.168293 -0.0393458 6
60.909 0.472093 -0.168877 -0.0400495 6
61.0081 0.471931 -0.168714 -0.0391466 6
61.1206 0.472067 -0.16891 -0.0395061 6
61.1922 0.472292 -0.168867 -0.0398504 6
61.3132 0.471578 -0.168274 -0.0391712 6
61.3958 0.471953 -0.168524 -0.0390252 6
61.4884 0.472125 -0.169003 -0.039772 6
61.5847 0.47227 -0.168898 -0.0399523 6
61.6769 0.471562 -0.168774 -0.0402639 6
61.7669 0.472051 -0.16876 -0.0392064 6
61.8708 0.471834 -0.16822 -0.0393278 6
61.9485 0.471904 -0.168775 -0.0384957 6
62.0466 0.471782 -0.168538 -0.0380394 6
62.1448 0.471934 -0.16851 -0.039036 6
62.2329 0.472151 -0.168783 -0.0399427 6
62.3382 0.47205 -0.168086 -0.0397645 6
62.4385 0.472149 -0.168577 -0.0396498 6
62.5294 0.471912 -0.168308 -0.0383581 6
62.6309 0.472141 -0.168427 -0.0387903 6
62.7098 0.471953 -0.168744 -0.0393619 6
62.8012 0.471893 -0.169097 -0.0400137 6
62.9288 0.471921 -0.168987 -0.0391691 6
63.0337 0.471719 -0.169103 -0.0398385 6
63.1265 0.471473 -0.168717 -0.0398792 6
63.2227 0.471891 -0.168828 -0.0393067 6
63.3268 0.471151 -0.169138 -0.0397212 6
63.413 0.471892 -0.168901 -0.0389353 6
63.5122 0.47197 -0.168929 -0.0394007 6
