3.29018e-05 0.523355 0.152589 -0.0776958 0
0.0834823 0.523405 0.152547 -0.0780215 0
0.194875 0.523392 0.152583 -0.0774548 0
0.287075 0.523272 0.152534 -0.0777985 0
0.391492 0.523411 0.152583 -0.0777251 0
0.477029 0.523419 0.152576 -0.078018 0
0.578034 0.523554 0.152554 -0.0778711 0
0.661522 0.52332 0.15256 -0.0770289 0
0.763933 0.523333 0.152488 -0.0776699 0
0.852849 0.523446 0.152538 -0.0780917 0
0.944483 0.523366 0.152585 -0.077107 0
1.03363 0.52345 0.152582 -0.0777575 0
1.12347 0.523343 0.152592 -0.0778212 0
1.2078 0.5233 0.152537 -0.0769984 0
1.30201 0.523392 0.152564 -0.07737 0
1.39559 0.523369 0.15256 -0.0773477 0
1.49901 0.52332 0.152604 -0.0777273 0
1.58283 0.523333 0.152571 -0.078244 0
1.68324 0.523298 0.152491 -0.077835 0
1.77944 0.523261 0.152563 -0.0777527 0
1.86465 0.523332 0.152561 -0.0776011 0
1.95657 0.523248 0.152499 -0.0773975 0
2.05612 0.52337 0.152573 -0.0781224 0
2.13709 0.523335 0.152516 -0.07805 0
2.23666 0.523461 0.152621 -0.0776009 0
2.32838 0.523294 0.152531 -0.0771595 0
2.42504 0.523374 0.152537 -0.0773984 0
2.55521 0.523413 0.15258 -0.0778445 0
2.69525 0.523388 0.152585 -0.0780266 0
2.8312 0.523461 0.152654 -0.0785039 0
2.97348 0.523373 0.152609 -0.0779227 0
3.10315 0.523394 0.15253 -0.0779577 0
3.25343 0.523297 0.15248 -0.0773559 0
3.37949 0.52344 0.152611 -0.0786932 0
3.5126 0.523428 0.152555 -0.0788164 0
3.64602 0.523234 0.152436 -0.0773184 0
3.78235 0.523373 0.152526 -0.0776727 0
3.93241 0.523354 0.15258 -0.0776145 0
4.07575 0.523262 0.152504 -0.0771227 0
4.21617 0.523406 0.152601 -0.0782984 0
4.35991 0.523431 0.152575 -0.0782029 0
4.49728 0.523361 0.152579 -0.0778961 0
4.6486 0.523413 0.152577 -0.078521 0
4.77502 0.523392 0.152548 -0.0776237 0
4.91684 0.523379 0.152596 -0.0782697 0
5.05595 0.523372 0.152546 -0.0781563 0
5.17912 0.523306 0.152493 -0.0771336 0
5.30815 0.523436 0.152613 -0.0778777 0
5.44244 0.523426 0.152564 -0.0782568 0
5.58292 0.523407 0.152619 -0.0783561 0
5.69814 0.52335 0.152546 -0.0778842 0
5.8119 0.523284 0.152487 -0.0775193 0
5.92979 0.52336 0.152589 -0.0773965 0
6.0523 0.523307 0.152574 -0.0774234 0
6.17968 0.523414 0.152537 -0.0776697 0
6.30221 0.52339 0.152637 -0.0778301 0
6.4227 0.523454 0.152585 -0.0785621 0
6.54356 0.52333 0.152446 -0.0774763 0
6.65937 0.523328 0.152486 -0.0775263 0
6.79669 0.523425 0.15266 -0.0784425 0
6.91565 0.523292 0.152493 -0.0775854 0
7.04176 0.523305 0.152618 -0.077232 0
7.15679 0.523381 0.152622 -0.0784439 0
7.28034 0.52335 0.152529 -0.0775648 0
7.39253 0.523449 0.152587 -0.0779333 0
7.52176 0.523302 0.152512 -0.0772268 0
7.6493 0.523328 0.152515 -0.0778712 0
7.79544 0.523441 0.152637 -0.0782498 0
7.88583 0.52336 0.152483 -0.0785825 0
8.00739 0.523377 0.152616 -0.0779949 0
8.12912 0.523348 0.152515 -0.0779189 0
8.25621 0.523558 0.152512 -0.0769615 0
8.3784 0.523429 0.152602 -0.078667 0
8.50373 0.523296 0.152438 -0.077686 0
8.62903 0.52336 0.152587 -0.0780044 0
8.74818 0.523414 0.152619 -0.0783215 0
8.86625 0.523373 0.152668 -0.0779729 0
8.9902 0.523304 0.152548 -0.07743 0
9.12021 0.523358 0.152559 -0.0779829 0
9.24298 0.523344 0.152517 -0.0777535 0
9.37134 0.523374 0.152623 -0.0783847 0
9.49394 0.523487 0.152636 -0.0785511 0
9.60638 0.523359 0.152558 -0.0778865 0
9.7177 0.523354 0.15261 -0.0779421 0
9.83532 0.523408 0.152594 -0.0781883 0
9.94629 0.523296 0.152515 -0.0769875 0
10.0585 0.523305 0.152506 -0.0776014 0
10.1638 0.523304 0.152608 -0.0778043 0
10.2705 0.523427 0.152596 -0.0784177 0
10.3806 0.523388 0.152521 -0.0781412 0
10.4976 0.523373 0.152557 -0.0777444 0
10.6087 0.523398 0.152589 -0.0778926 0
10.7245 0.523382 0.152598 -0.0777602 0
10.8376 0.523386 0.152601 -0.0784138 0
10.9501 0.523343 0.152496 -0.0780068 0
11.0641 0.523387 0.152575 -0.077934 0
11.1805 0.523306 0.152536 -0.0774421 0
11.2889 0.523328 0.152546 -0.0775206 0
11.3996 0.523352 0.152534 -0.0772001 0
11.4975 0.52341 0.152583 -0.0779171 0
11.6173 0.52343 0.152629 -0.0781317 0
11.7208 0.523355 0.152587 -0.0781571 0
11.8351 0.52323 0.15245 -0.0771567 0
11.9449 0.523375 0.15259 -0.0784182 0
12.0527 0.523347 0.152528 -0.0779679 0
12.1719 0.523372 0.152605 -0.0774765 0
12.278 0.523381 0.15253 -0.0780161 0
12.3863 0.523339 0.152631 -0.0777666 0
12.5096 0.523634 0.152575 -0.0774919 0
12.6205 0.523289 0.152506 -0.0771376 0
12.7335 0.523288 0.152552 -0.0776514 0
12.8514 0.523365 0.152582 -0.0782213 0
12.9598 0.52344 0.152621 -0.0785776 0
13.0773 0.523394 0.152562 -0.0776438 0
13.18 0.523451 0.152515 -0.0774739 0
13.2983 0.523343 0.152489 -0.078017 0
13.41 0.523308 0.152559 -0.0776929 0
13.5154 0.523415 0.152565 -0.0778111 0
13.6296 0.523368 0.152586 -0.0783687 0
13.7256 0.523382 0.152612 -0.0778375 0
13.8282 0.523401 0.152669 -0.0781742 0
13.9274 0.52334 0.152536 -0.0769139 0
14.0232 0.523436 0.15259 -0.0784041 0
14.1319 0.523381 0.152543 -0.0787135 0
14.2279 0.523463 0.152735 -0.0788267 0
14.3345 0.523405 0.152644 -0.078096 0
14.4314 0.523373 0.152559 -0.0780879 0
14.5385 0.523464 0.152524 -0.0777817 0
14.644 0.523497 0.152647 -0.0785489 0
14.746 0.523324 0.152536 -0.0779874 0
14.8546 0.523376 0.152523 -0.0776122 0
14.9511 0.523388 0.152611 -0.0784076 0
15.0574 0.523363 0.152557 -0.0774399 0
15.1524 0.523423 0.152546 -0.0784613 0
15.26 0.52338 0.152583 -0.0783608 0
15.3585 0.523363 0.152604 -0.0780953 0
15.4601 0.523453 0.152611 -0.0783409 0
15.557 0.523351 0.152578 -0.0772892 0
15.6614 0.523339 0.152541 -0.0775821 0
15.7644 0.52334 0.152537 -0.0774104 0
15.8783 0.523376 0.152546 -0.0779753 0
15.9805 0.523358 0.152577 -0.0781609 0
16.0844 0.52341 0.152593 -0.0779214 0
16.1921 0.523444 0.152563 -0.0780342 0
16.2896 0.523321 0.152488 -0.0778554 0
16.3994 0.523303 0.152536 -0.0778957 0
16.4974 0.523377 0.152575 -0.0777703 0
16.6348 0.523393 0.152627 -0.0779438 0
16.7278 0.523335 0.152588 -0.0775563 0
16.8436 0.523296 0.15254 -0.0779561 0
16.9307 0.523427 0.152513 -0.0772251 0
17.0343 0.523358 0.152539 -0.0782645 0
17.142 0.523283 0.152602 -0.0777895 0
17.2442 0.523364 0.152471 -0.0777836 0
17.3488 0.523368 0.1525 -0.076865 0
17.454 0.523342 0.152589 -0.0775741 0
17.5456 0.523341 0.152545 -0.0772925 0
17.6475 0.523323 0.152494 -0.0771591 0
17.7417 0.523375 0.152519 -0.0773892 0
17.8502 0.523323 0.152517 -0.077578 0
17.9461 0.523524 0.152612 -0.0776857 0
18.0392 0.523273 0.152555 -0.0776669 0
18.138 0.523336 0.15261 -0.0778114 0
18.2429 0.523367 0.15261 -0.0776837 0
18.3387 0.523327 0.152536 -0.0777574 0
18.4417 0.523411 0.152629 -0.0777137 0
18.5417 0.523406 0.152488 -0.0779697 0
18.6436 0.523399 0.152506 -0.0782909 0
18.7394 0.523311 0.152463 -0.0773524 0
18.8423 0.523387 0.152605 -0.0783027 0
18.9425 0.523318 0.152559 -0.0778198 0
19.0447 0.523312 0.152535 -0.0773271 0
19.1407 0.523313 0.152649 -0.0777463 0
19.2349 0.52334 0.152542 -0.0778186 0
19.334 0.523335 0.152537 -0.0780073 0
19.4356 0.52343 0.152524 -0.0779134 0
19.5423 0.523313 0.152556 -0.0782604 0
19.6345 0.523351 0.152507 -0.076911 0
19.7383 0.523321 0.152446 -0.0776869 0
19.8335 0.523306 0.152597 -0.0774618 0
19.9378 0.523347 0.152586 -0.0779658 0
20.04 0.523396 0.152565 -0.0778501 0
20.1401 0.523428 0.152659 -0.0778739 0
20.243 0.523369 0.152586 -0.077521 0
20.3427 0.52343 0.152542 -0.0776285 0
20.4426 0.523358 0.152577 -0.0778768 0
20.5401 0.523371 0.152533 -0.0777001 0
20.6583 0.523375 0.152488 -0.0783829 0
20.7673 0.523323 0.152608 -0.0773577 0
20.876 0.523327 0.15256 -0.077621 0
20.9759 0.523405 0.152615 -0.0774883 0
21.0738 0.523343 0.152583 -0.0777969 0
21.1779 0.523416 0.152515 -0.0773386 0
21.2759 0.523365 0.152548 -0.0781407 0
21.3806 0.523335 0.152523 -0.0779215 0
21.4739 0.523342 0.152571 -0.0779488 0
21.573 0.523327 0.152578 -0.0780446 0
21.67 0.523377 0.152639 -0.0781552 0
21.7629 0.523396 0.152556 -0.078604 0
21.863 0.523356 0.152565 -0.0776395 0
21.9684 0.523375 0.152586 -0.0780188 0
22.1083 0.523384 0.15256 -0.0780639 0
22.2 0.52338 0.152543 -0.0776403 0
22.3091 0.523401 0.152533 -0.0774943 0
22.4125 0.523447 0.152561 -0.0776965 0
22.5159 0.523355 0.152541 -0.0775288 0
22.6518 0.523416 0.152653 -0.0779654 0
22.7563 0.523385 0.152546 -0.0777932 0
22.8529 0.523344 0.152521 -0.0782779 0
22.9425 0.523362 0.152553 -0.0779362 0
23.0489 0.523376 0.152589 -0.0771756 0
23.1736 0.523373 0.152514 -0.078577 0
23.2603 0.523393 0.152557 -0.0778344 0
23.3551 0.523328 0.15244 -0.0776988 0
23.4464 0.523373 0.152471 -0.0779015 0
23.5388 0.523647 0.15305 -0.0779583 0
23.6333 0.523772 0.153133 -0.0776981 0
23.7362 0.523932 0.153356 -0.0770554 0
23.83 0.523945 0.153109 -0.0763436 0
23.9447 0.52408 0.153419 -0.0771803 0
24.0441 0.524225 0.153436 -0.0769622 0
24.138 0.52432 0.153833 -0.0769986 0
24.2317 0.524402 0.153857 -0.0758274 0
24.332 0.524538 0.153965 -0.0753537 0
24.4296 0.524893 0.153971 -0.0747351 0
24.5308 0.525017 0.154436 -0.075616 0
24.6319 0.525299 0.154638 -0.0741777 0
24.7393 0.52556 0.154902 -0.07395 0
24.8413 0.525639 0.15523 -0.0739282 0
24.9476 0.526129 0.155384 -0.0727753 0
25.046 0.526173 0.155569 -0.0713893 0
25.1375 0.5259 0.155364 -0.0703127 0
25.2395 0.52607 0.155616 -0.068987 0
25.3375 0.526407 0.155742 -0.0674784 0
25.4409 0.526456 0.155738 -0.0666875 0
25.5531 0.526753 0.156126 -0.06574 0
25.6427 0.526924 0.156074 -0.0632397 0
25.7327 0.52688 0.156048 -0.062323 0
25.8289 0.526731 0.156075 -0.0614258 0
25.9335 0.526832 0.156494 -0.0608272 0
26.0284 0.527372 0.156303 -0.0590482 0
26.1258 0.527355 0.156615 -0.0583554 0
26.221 0.527599 0.156998 -0.0592294 0
26.3128 0.527896 0.156999 -0.0576847 0
26.4047 0.527516 0.156912 -0.0575597 0
26.4989 0.527674 0.15694 -0.0562762 0
26.5999 0.52778 0.156968 -0.0543181 0
26.7037 0.527808 0.157145 -0.0540445 0
26.7952 0.528013 0.157064 -0.0521557 0
26.8861 0.528137 0.156896 -0.051772 0
26.9889 0.527998 0.156819 -0.0504555 0
27.0853 0.527744 0.156524 -0.0488831 0
27.1762 0.527454 0.156758 -0.0486079 0
27.2657 0.527748 0.156297 -0.0478855 0
27.3569 0.527711 0.156485 -0.046114 0
27.4624 0.528041 0.156385 -0.0458184 0
27.549 0.527808 0.1564 -0.0444547 0
27.6413 0.527736 0.156331 -0.0451573 1
27.7333 0.528284 0.155946 -0.0426236 1
27.8294 0.528276 0.155864 -0.0422783 1
27.9279 0.528046 0.155944 -0.0420152 1
28.0172 0.527569 0.15602 -0.0411362 1
28.1235 0.527764 0.155764 -0.0409523 1
28.2272 0.527422 0.155794 -0.0409825 1
28.3356 0.527213 0.155832 -0.0443244 1
28.425 0.527251 0.155843 -0.0421948 1
28.5193 0.528387 0.155928 -0.0411504 1
28.607 0.528464 0.156149 -0.040567 1
28.7072 0.528941 0.156218 -0.0416292 1
28.7954 0.529378 0.155789 -0.040199 1
28.8953 0.530086 0.156036 -0.0408149 1
28.9896 0.531895 0.155393 -0.040307 1
29.0768 0.532499 0.156153 -0.0412559 1
29.1827 0.533626 0.155998 -0.039699 1
29.2719 0.534384 0.156381 -0.040376 1
29.3641 0.535395 0.157203 -0.0425511 1
29.4593 0.537147 0.157151 -0.0419368 1
29.5528 0.538071 0.157149 -0.0439216 1
29.6469 0.540023 0.157444 -0.0444771 1
29.7309 0.541997 0.15729 -0.0439992 1
29.8257 0.543802 0.157426 -0.0427891 1
29.924 0.545864 0.157423 -0.0439425 1
30.0156 0.547469 0.15726 -0.0425891 1
30.114 0.550094 0.157485 -0.0413138 1
30.2048 0.551733 0.157223 -0.0414072 1
30.3058 0.554203 0.157176 -0.0409575 1
30.3931 0.555832 0.157011 -0.0412877 1
30.4979 0.558763 0.157091 -0.040716 1
30.5929 0.560803 0.157069 -0.0395012 1
30.683 0.56287 0.156994 -0.0415383 1
30.7857 0.565001 0.156996 -0.0397044 1
30.8745 0.567312 0.156805 -0.0409698 1
30.9676 0.569949 0.15705 -0.0401453 1
31.0616 0.572048 0.156772 -0.039611 1
31.154 0.574419 0.156525 -0.0386187 1
31.2529 0.576214 0.156446 -0.0377335 1
31.3384 0.578391 0.15622 -0.0386613 1
31.4372 0.580549 0.156107 -0.0387686 1
31.5319 0.582809 0.156245 -0.0379854 1
31.629 0.585292 0.156093 -0.0389119 1
31.727 0.58702 0.155975 -0.0384462 1
31.8178 0.589109 0.155526 -0.0371003 1
31.9263 0.590592 0.155216 -0.0367538 1
32.0296 0.592584 0.155432 -0.0379684 1
32.1384 0.594622 0.155257 -0.0370251 1
32.2425 0.596505 0.155252 -0.0360667 1
32.3363 0.59765 0.154849 -0.0366144 1
32.4406 0.599229 0.154833 -0.0364307 1
32.533 0.600292 0.154618 -0.0359728 1
32.6223 0.601335 0.154368 -0.0372921 1
32.7321 0.602174 0.154431 -0.037412 2
32.831 0.603575 0.154436 -0.0363311 2
32.9327 0.604015 0.15438 -0.0370218 2
33.0317 0.604922 0.154505 -0.0371014 2
33.1318 0.605275 0.154192 -0.0361293 2
33.2265 0.605368 0.153715 -0.0362479 2
33.3368 0.605398 0.154064 -0.0360431 2
33.4402 0.605724 0.154084 -0.0365477 2
33.5269 0.605476 0.153976 -0.0363814 2
33.6208 0.605545 0.153609 -0.0367199 2
33.7154 0.605597 0.153181 -0.0364152 2
33.8073 0.605922 0.152959 -0.0363152 2
33.9304 0.605918 0.152272 -0.0362073 2
34.0425 0.606398 0.151493 -0.0367985 2
34.1323 0.606519 0.150628 -0.0347019 2
34.2186 0.606858 0.149738 -0.0354182 2
34.3254 0.60717 0.148829 -0.0349624 2
34.4097 0.607055 0.147655 -0.0366437 2
34.5139 0.607545 0.146014 -0.0354191 2
34.6068 0.608359 0.144724 -0.0360678 2
34.7069 0.608661 0.143266 -0.035455 2
34.8038 0.609191 0.141386 -0.0347194 2
34.8991 0.609874 0.13967 -0.0363252 2
35.0136 0.610099 0.137714 -0.0355539 2
35.118 0.610607 0.135772 -0.0350368 2
35.2529 0.611556 0.132486 -0.0347812 2
35.3813 0.612234 0.129845 -0.0343643 2
35.4975 0.612991 0.127005 -0.0335414 2
35.5847 0.614041 0.124902 -0.033285 2
35.6648 0.614381 0.122909 -0.0345908 2
35.7647 0.614941 0.120041 -0.0349298 2
35.8693 0.616633 0.117416 -0.0320026 2
35.9658 0.616632 0.114289 -0.0340136 2
36.068 0.617128 0.111369 -0.0341186 2
36.179 0.617992 0.107527 -0.0327617 2
36.2726 0.61857 0.104773 -0.0333909 2
36.3785 0.61944 0.101586 -0.0331765 2
36.5029 0.620601 0.0976601 -0.0318608 2
36.5945 0.621183 0.0941783 -0.0327054 2
36.6883 0.622297 0.0914798 -0.032239 2
36.7827 0.622161 0.087576 -0.0329012 2
36.8725 0.622712 0.0844852 -0.0337371 2
36.9684 0.623015 0.0811309 -0.0337651 2
37.0699 0.624398 0.077229 -0.0331817 2
37.1644 0.625024 0.0734293 -0.0325907 2
37.2613 0.62509 0.069858 -0.0329968 2
37.3447 0.625402 0.0662366 -0.0345279 2
37.4458 0.626082 0.0622134 -0.0318763 2
37.5318 0.626894 0.0579788 -0.0336906 2
37.6257 0.627385 0.054684 -0.0328744 2
37.7325 0.628028 0.050152 -0.0315051 2
37.8277 0.62846 0.0463481 -0.0324276 2
37.9281 0.629019 0.0421136 -0.0308464 2
38.0301 0.629104 0.0372598 -0.0334511 2
38.1233 0.630605 0.0336684 -0.0300002 2
38.2187 0.629874 0.0293779 -0.033272 2
38.3138 0.630566 0.0249238 -0.0323309 2
38.4034 0.630283 0.0213064 -0.0325221 2
38.5062 0.631542 0.0167389 -0.0315525 2
38.6031 0.631491 0.0123421 -0.0309629 2
38.6875 0.631841 0.00827429 -0.0325306 2
38.7892 0.631969 0.00377283 -0.0319081 2
38.8834 0.631829 -0.000662267 -0.0320726 2
38.978 0.63238 -0.00535968 -0.0317992 2
39.0718 0.632664 -0.0095199 -0.031839 2
39.1735 0.633789 -0.0146569 -0.0287647 2
39.2687 0.63184 -0.0186395 -0.0318816 2
39.3651 0.63293 -0.0238623 -0.0309271 2
39.467 0.632299 -0.0276482 -0.0312549 2
39.5644 0.633074 -0.0328632 -0.0309924 2
39.671 0.632162 -0.0375635 -0.0314414 2
39.7765 0.632838 -0.0432402 -0.0309965 2
39.8827 0.632253 -0.0479075 -0.0313875 2
39.9722 0.631637 -0.0519944 -0.0315899 2
40.0677 0.631561 -0.0568933 -0.0316695 2
40.1579 0.63119 -0.0605753 -0.0330463 2
40.2576 0.631014 -0.065279 -0.031247 2
40.3497 0.631531 -0.0697473 -0.0332623 2
40.4496 0.631289 -0.0759187 -0.0272797 2
40.5395 0.630795 -0.0791207 -0.0294766 2
40.644 0.629804 -0.083989 -0.0313657 2
40.7365 0.629552 -0.0876846 -0.0309185 2
40.8212 0.628744 -0.0915816 -0.0306779 2
40.9237 0.628606 -0.0966306 -0.030837 2
41.0232 0.627976 -0.100572 -0.0282626 2
41.1257 0.62736 -0.104788 -0.0261938 2
41.23 0.627526 -0.10941 -0.0263059 2
41.3301 0.626116 -0.113275 -0.0262426 2
41.4339 0.625439 -0.117424 -0.0248157 2
41.5313 0.624025 -0.121268 -0.0251288 2
41.6356 0.623991 -0.125258 -0.0231265 2
41.7517 0.621613 -0.128889 -0.022269 2
41.8452 0.620811 -0.131752 -0.021632 2
41.9456 0.619632 -0.136232 -0.0225417 2
42.05 0.618716 -0.140522 -0.0228413 2
42.1486 0.618897 -0.144274 -0.0224952 2
42.2489 0.617415 -0.147636 -0.0225331 2
42.3488 0.616945 -0.151439 -0.0219252 2
42.447 0.616217 -0.153985 -0.0224617 2
42.5547 0.615275 -0.157941 -0.0232516 2
42.6463 0.614109 -0.160849 -0.0235867 2
42.7485 0.613471 -0.164332 -0.0241721 2
42.8522 0.612718 -0.167864 -0.0244731 2
42.9556 0.612237 -0.170129 -0.0238147 2
43.0611 0.611431 -0.173682 -0.0239054 2
43.1559 0.610983 -0.176699 -0.0247405 2
43.2581 0.610328 -0.179153 -0.0242669 2
43.3527 0.609862 -0.182232 -0.0241331 2
43.4405 0.608795 -0.184528 -0.0255653 2
43.5384 0.608494 -0.187004 -0.0252177 2
43.6373 0.607857 -0.189263 -0.0261639 2
43.7293 0.607165 -0.19103 -0.0266022 2
43.8417 0.607157 -0.194148 -0.0255834 2
43.9364 0.605547 -0.195808 -0.0271055 2
44.0306 0.606025 -0.197553 -0.0267012 2
44.1223 0.60471 -0.198945 -0.0260196 2
44.2092 0.603248 -0.200574 -0.0266742 2
44.3054 0.603027 -0.202237 -0.0259125 2
44.4114 0.602767 -0.203737 -0.0272562 2
44.5075 0.602538 -0.204313 -0.0261253 2
44.6094 0.602149 -0.205343 -0.0250363 2
44.7 0.601346 -0.206698 -0.0250883 3
44.801 0.601809 -0.207488 -0.0224639 3
44.8873 0.600711 -0.208178 -0.0235135 3
44.9752 0.601009 -0.208511 -0.0228583 3
45.0662 0.601082 -0.20882 -0.0231857 3
45.1567 0.600283 -0.20917 -0.02299 3
45.2576 0.600274 -0.209207 -0.0233837 3
45.3556 0.600241 -0.209373 -0.0234946 3
45.4452 0.600249 -0.209692 -0.022755 3
45.5535 0.600139 -0.209553 -0.0236405 3
45.6399 0.600083 -0.21023 -0.0242487 3
45.7279 0.600247 -0.209994 -0.0240503 3
45.8165 0.599612 -0.209466 -0.0237258 3
45.9221 0.600234 -0.209868 -0.0238317 3
46.03 0.600094 -0.210207 -0.0248576 3
46.1248 0.599904 -0.210018 -0.024086 3
46.2374 0.600204 -0.210382 -0.0247571 3
46.3354 0.600127 -0.210939 -0.0242123 3
46.4371 0.600468 -0.211117 -0.0226254 3
46.5353 0.60004 -0.211093 -0.0232877 3
46.6314 0.599867 -0.211186 -0.0234962 3
46.7207 0.600341 -0.211397 -0.0224028 3
46.8193 0.600236 -0.211627 -0.0213047 3
46.918 0.600049 -0.211666 -0.0220638 3
47.0001 0.600343 -0.211864 -0.0207547 3
47.1048 0.600267 -0.2119 -0.0219268 3
47.2043 0.600253 -0.212186 -0.0208128 3
47.3085 0.600382 -0.212448 -0.0203369 3
47.4037 0.599799 -0.212616 -0.020128 3
47.51 0.599951 -0.212992 -0.0194614 3
47.6046 0.600266 -0.212951 -0.0191651 3
47.7073 0.600188 -0.213279 -0.0183668 4
47.7927 0.600234 -0.213204 -0.018347 4
47.8768 0.599312 -0.213534 -0.0162889 4
47.9645 0.599871 -0.213332 -0.016575 4
48.0555 0.599728 -0.213549 -0.0158899 4
48.1407 0.599685 -0.213438 -0.0158263 4
48.2295 0.600362 -0.213565 -0.0155893 4
48.3121 0.599443 -0.213596 -0.0156502 4
48.4104 0.599361 -0.213794 -0.0143237 4
48.503 0.599398 -0.214063 -0.0149362 4
48.6334 0.60017 -0.213957 -0.0136561 4
48.7251 0.599338 -0.213894 -0.0139695 4
48.8082 0.599811 -0.213541 -0.0150588 4
48.8998 0.599996 -0.213144 -0.0141589 4
48.9963 0.600012 -0.212409 -0.0150263 4
49.0915 0.599845 -0.211717 -0.0152207 4
49.1796 0.600058 -0.210428 -0.0154765 4
49.2811 0.599855 -0.208611 -0.0155564 4
49.3759 0.599929 -0.20717 -0.0152438 4
49.4836 0.599822 -0.204739 -0.0168809 4
49.5959 0.600151 -0.202977 -0.0163209 4
49.7055 0.600197 -0.200519 -0.0170715 4
49.8206 0.600529 -0.197313 -0.0166216 4
49.9371 0.600391 -0.194847 -0.0171876 4
50.0391 0.600932 -0.192481 -0.0172268 4
50.1283 0.601141 -0.190298 -0.0170262 4
50.2183 0.601191 -0.189344 -0.0183282 4
50.2999 0.600752 -0.187871 -0.0189693 4
50.3862 0.600989 -0.185594 -0.0191118 4
50.4817 0.60143 -0.183822 -0.0207434 4
50.5607 0.601077 -0.182329 -0.0207567 4
50.6482 0.60076 -0.181489 -0.0216096 4
50.7298 0.601345 -0.179596 -0.0214511 4
50.8405 0.601138 -0.178025 -0.0222441 4
50.9333 0.601552 -0.176184 -0.022952 4
51.034 0.60133 -0.174155 -0.0208003 4
51.1578 0.601206 -0.172379 -0.0208758 4
51.2337 0.601319 -0.171402 -0.0198923 4
51.3379 0.600446 -0.17031 -0.0193916 4
51.4345 0.600303 -0.169386 -0.0193295 5
51.5494 0.599943 -0.168591 -0.0188962 5
51.6592 0.599599 -0.16801 -0.0174215 5
51.7824 0.599555 -0.167807 -0.0177458 5
51.8605 0.599924 -0.170709 -0.0174355 5
51.9725 0.599978 -0.171466 -0.0172942 5
52.0551 0.600013 -0.171539 -0.0161935 5
52.1651 0.600366 -0.171543 -0.0156716 5
52.2689 0.600068 -0.17293 -0.0174939 5
52.3851 0.600172 -0.172635 -0.0183861 5
52.4638 0.600571 -0.173048 -0.0178253 5
52.5859 0.600178 -0.172859 -0.0187932 5
52.6782 0.600746 -0.172814 -0.0184289 5
52.7734 0.601003 -0.172184 -0.0198934 5
52.8612 0.60099 -0.173066 -0.0191078 5
52.9812 0.601442 -0.173029 -0.0198644 5
53.0926 0.600951 -0.173179 -0.0193626 5
53.2039 0.601512 -0.17285 -0.0191409 5
53.286 0.601496 -0.173207 -0.0191551 5
53.4114 0.600861 -0.173336 -0.0197736 5
53.5102 0.601535 -0.173581 -0.0202829 5
53.6331 0.601345 -0.173501 -0.0200929 5
53.7051 0.601395 -0.174262 -0.020114 5
53.8314 0.601495 -0.173636 -0.020147 5
53.9167 0.601181 -0.174237 -0.0201888 5
54.0267 0.601252 -0.173735 -0.0208991 5
54.1246 0.601715 -0.174758 -0.0203954 5
54.23 0.601463 -0.174406 -0.0206032 5
54.3091 0.601585 -0.17504 -0.0203648 5
54.4251 0.601538 -0.174941 -0.0214016 5
54.5245 0.601455 -0.175788 -0.0218994 5
54.6106 0.601711 -0.175202 -0.0218384 5
54.7007 0.601659 -0.175668 -0.021652 5
54.8045 0.601966 -0.175103 -0.0229678 5
54.8948 0.601977 -0.17568 -0.0228688 5
54.9947 0.601996 -0.175691 -0.0228915 5
55.0886 0.602221 -0.176374 -0.023018 5
55.2287 0.601858 -0.175599 -0.0246149 5
55.351 0.602171 -0.17629 -0.0240246 5
55.4652 0.602063 -0.176197 -0.0243021 5
55.5882 0.602519 -0.177253 -0.0239935 5
55.7022 0.602471 -0.177088 -0.0243978 5
55.7804 0.602538 -0.17711 -0.0246769 5
55.865 0.60249 -0.176815 -0.0251235 5
55.9571 0.602769 -0.176792 -0.0254754 5
56.0492 0.60266 -0.176867 -0.0259789 5
56.1579 0.602522 -0.176577 -0.0267152 5
56.2447 0.602785 -0.176707 -0.0270109 5
56.3579 0.603567 -0.176791 -0.0266841 5
56.4372 0.602666 -0.177164 -0.0267795 6
56.5414 0.603001 -0.176911 -0.0273149 6
56.6298 0.603871 -0.177478 -0.0274703 6
56.7374 0.603704 -0.177163 -0.0283601 6
56.8376 0.602948 -0.176991 -0.0276788 6
56.9327 0.603836 -0.177251 -0.0276635 6
57.0341 0.604732 -0.177342 -0.0272302 6
57.1225 0.603726 -0.177497 -0.0279758 6
57.2462 0.603419 -0.176624 -0.0287055 6
57.3253 0.602486 -0.177331 -0.0278873 6
57.4405 0.603106 -0.177011 -0.027854 6
57.5236 0.602774 -0.177053 -0.028054 6
57.6401 0.602804 -0.176995 -0.0276228 6
57.7293 0.603292 -0.177146 -0.0278748 6
57.8349 0.602987 -0.176386 -0.0283509 6
57.9319 0.603273 -0.177072 -0.0282713 6
58.0346 0.602766 -0.177135 -0.0279058 6
58.1464 0.603338 -0.177065 -0.0287871 6
58.2323 0.603304 -0.177016 -0.0280849 6
58.337 0.604207 -0.17743 -0.0284661 6
58.4273 0.604145 -0.176984 -0.0278983 6
58.5357 0.603551 -0.177068 -0.0282292 6
58.6235 0.603114 -0.176803 -0.0281639 6
58.7484 0.603378 -0.177244 -0.0281916 6
58.8269 0.604575 -0.177557 -0.0277715 6
58.9348 0.603948 -0.177408 -0.0278189 6
59.0347 0.603161 -0.177427 -0.028277 6
59.152 0.602406 -0.177266 -0.0275142 6
59.2465 0.603252 -0.176633 -0.0282077 6
59.3426 0.60306 -0.177167 -0.0277679 6
59.4393 0.602695 -0.177048 -0.0281736 6
59.5416 0.603367 -0.17727 -0.027953 6
59.6395 0.604073 -0.177552 -0.0284794 6
59.7163 0.604039 -0.177437 -0.0283925 6
59.8279 0.603273 -0.177297 -0.0284423 6
59.9371 0.603221 -0.177063 -0.0280007 6
60.0361 0.60315 -0.176942 -0.0280044 6
60.1286 0.603851 -0.176971 -0.0279889 6
60.2386 0.603849 -0.177182 -0.0280502 6
60.3189 0.603564 -0.17745 -0.0273677 6
60.4382 0.603289 -0.176955 -0.0280334 6
60.5253 0.604032 -0.177156 -0.028082 6
60.6148 0.603351 -0.176788 -0.0287489 6
60.7253 0.602827 -0.177236 -0.026214 6
60.8091 0.604241 -0.177125 -0.0287331 6
60.909 0.602876 -0.177177 -0.0286433 6
61.0081 0.603541 -0.177318 -0.0279886 6
61.1206 0.602472 -0.176894 -0.027787 6
61.1922 0.602653 -0.177227 -0.0276971 6
61.3132 0.603552 -0.17658 -0.0283013 6
61.3958 0.602712 -0.177108 -0.0281669 6
61.4884 0.603853 -0.177444 -0.0282164 6
61.5847 0.60342 -0.176861 -0.0282684 6
61.6769 0.603063 -0.177065 -0.0283914 6
61.7669 0.602917 -0.177362 -0.0284469 6
61.8708 0.603653 -0.176661 -0.028292 6
61.9485 0.602938 -0.177092 -0.0271015 6
62.0466 0.603484 -0.177144 -0.0278042 6
62.1448 0.603397 -0.177034 -0.0287286 6
62.2329 0.604956 -0.177399 -0.028373 6
62.3382 0.604074 -0.177193 -0.0285147 6
62.4385 0.602913 -0.176819 -0.0280423 6
62.5294 0.604309 -0.176977 -0.0278006 6
62.6309 0.603467 -0.176552 -0.0275431 6
62.7098 0.604149 -0.177469 -0.0284021 6
62.8012 0.604507 -0.177336 -0.028156 6
62.9288 0.603325 -0.177245 -0.0284038 6
63.0337 0.603115 -0.177219 -0.0281646 6
63.1265 0.604333 -0.177593 -0.0277063 6
63.2227 0.603433 -0.176925 -0.0281875 6
63.3268 0.604554 -0.177684 -0.02813 6
63.413 0.604683 -0.177657 -0.0275783 6
63.5122 0.604098 -0.177458 -0.0276868 6
