3.29018e-05 0.456909 0.0653058 0.170088 0 0
0.0834823 0.456915 0.0652939 0.170094 0 0
0.194875 0.456901 0.0653142 0.170093 0 0
0.287075 0.456895 0.0653087 0.170065 0 0
0.391492 0.456908 0.0653171 0.170076 0 0
0.477029 0.456904 0.065303 0.170095 0 0
0.578034 0.456914 0.0652984 0.170094 0 0
0.661522 0.456913 0.0653004 0.170085 0 0
0.763933 0.456912 0.0652918 0.170071 0 0
0.852849 0.456899 0.0653229 0.170073 0 0
0.944483 0.456917 0.0653206 0.1701 0 0
1.03363 0.456918 0.0653186 0.170096 0 0
1.12347 0.456913 0.0652887 0.170103 0 0
1.2078 0.456913 0.06529 0.170097 0 0
1.30201 0.45692 0.0652976 0.1701 0 0
1.39559 0.456913 0.0653035 0.170093 0 0
1.49901 0.456913 0.0652995 0.170098 0 0
1.58283 0.456901 0.0652888 0.170089 0 0
1.68324 0.45689 0.0652913 0.170057 0 0
1.77944 0.456908 0.0653014 0.170066 0 0
1.86465 0.45691 0.0653133 0.170092 0 0
1.95657 0.45689 0.0652935 0.170078 0 0
2.05612 0.456903 0.0653026 0.170081 0 0
2.13709 0.456896 0.0652996 0.170085 0 0
2.23666 0.456924 0.0653 0.170111 0 0
2.32838 0.456907 0.0653041 0.170079 0 0
2.42504 0.456905 0.0652902 0.170087 0 0
2.55521 0.456908 0.0653026 0.1701 0 0
2.69525 0.456913 0.0653145 0.170089 0 0
2.8312 0.456924 0.0652945 0.170105 0 0
2.97348 0.456917 0.0653054 0.170105 0 0
3.10315 0.45689 0.0652945 0.170085 0 0
3.25343 0.456905 0.0653043 0.170071 0 0
3.37949 0.456918 0.0652929 0.170116 0 0
3.5126 0.456905 0.0653088 0.170064 0 0
3.64602 0.456902 0.0652867 0.170078 0 0
3.78235 0.456906 0.0652986 0.170084 0 0
3.93241 0.456901 0.0653029 0.170092 0 0
4.07575 0.456911 0.0652904 0.170076 0 0
4.21617 0.456916 0.0653038 0.170103 0 0
4.35991 0.456897 0.0653148 0.17007 0 0
4.49728 0.456922 0.0653041 0.170084 0 0
4.6486 0.456916 0.0653098 0.170098 0 0
4.77502 0.456911 0.0653214 0.170088 0 0
4.91684 0.45692 0.0653112 0.170082 0 0
5.05595 0.456902 0.0653077 0.170067 0 0
5.17912 0.456901 0.0653258 0.170063 0 0
5.30815 0.456916 0.0652948 0.170107 0 0
5.44244 0.456907 0.0653013 0.170093 0 0
5.58292 0.456912 0.0653 0.170091 0 0
5.69814 0.456905 0.0653205 0.170079 0 0
5.8119 0.456915 0.0652907 0.170073 0 0
5.92979 0.456916 0.0653156 0.170105 0 0
6.0523 0.456914 0.0652953 0.170086 0 0
6.17968 0.456917 0.0653138 0.170086 0 0
6.30221 0.456906 0.0653186 0.170095 0 0
6.4227 0.456918 0.0652882 0.17009 0 0
6.54356 0.456898 0.0653025 0.170062 0 0
6.65937 0.45692 0.0653043 0.170088 0 0
6.79669 0.456921 0.0653202 0.170091 0 0
6.91565 0.456898 0.0652888 0.170066 0 0
7.04176 0.456909 0.0653347 0.1701 0 0
7.15679 0.456917 0.0652965 0.170103 0 0
7.28034 0.456914 0.0652993 0.170094 0 0
7.39253 0.456914 0.0653052 0.170108 0 0
7.52176 0.456917 0.0652982 0.170083 0 0
7.6493 0.456904 0.0652957 0.170067 0 0
7.79544 0.456913 0.0653055 0.170093 0 0
7.88583 0.456885 0.0652777 0.170056 0 0
8.00739 0.456914 0.0653021 0.170101 0 0
8.12912 0.456901 0.0652792 0.170081 0 0
8.25621 0.45692 0.0653103 0.170082 0 0
8.3784 0.456908 0.0653113 0.170088 0 0
8.50373 0.456896 0.0652822 0.170063 0 0
8.62903 0.456908 0.0653035 0.17008 0 0
8.74818 0.456917 0.0653151 0.170093 0 0
8.86625 0.456915 0.0653248 0.170105 0 0
8.9902 0.456904 0.0653107 0.17009 0 0
9.12021 0.456908 0.0652742 0.170088 0 0
9.24298 0.456909 0.0652709 0.170076 0 0
9.37134 0.456909 0.0653117 0.170096 0 0
9.49394 0.456921 0.0653011 0.170109 0 0
9.60638 0.456902 0.0652854 0.17009 0 0
9.7177 0.456913 0.0653004 0.170092 0 0
9.83532 0.456913 0.0652716 0.170113 0 0
9.94629 0.456897 0.0653013 0.170081 0 0
10.0585 0.456899 0.0652892 0.170081 0 0
10.1638 0.456915 0.065304 0.170081 0 0
10.2705 0.456917 0.0653032 0.170085 0 0
10.3806 0.456901 0.0652977 0.170078 0 0
10.4976 0.456909 0.0653059 0.170095 0 0
10.6087 0.456911 0.0653057 0.170097 0 0
10.7245 0.456913 0.0653109 0.170102 0 0
10.8376 0.456902 0.0653032 0.170087 0 0
10.9501 0.456907 0.0652981 0.170065 0 0
11.0641 0.456911 0.0653124 0.170085 0 0
11.1805 0.456904 0.065297 0.170081 0 0
11.2889 0.456919 0.0653039 0.170093 0 0
11.3996 0.456902 0.0652949 0.170078 0 0
11.4975 0.456916 0.0652902 0.170101 0 0
11.6173 0.456924 0.0653071 0.170107 0 0
11.7208 0.456902 0.0653077 0.170093 0 0
11.8351 0.45689 0.0652944 0.170052 0 0
11.9449 0.456908 0.0652926 0.170091 0 0
12.0527 0.456907 0.0653042 0.170093 0 0
12.1719 0.456912 0.06532 0.170095 0 0
12.278 0.456892 0.065307 0.170063 0 0
12.3863 0.456917 0.0653089 0.170117 0 0
12.5096 0.456913 0.0652968 0.170111 0 0
12.6205 0.456905 0.0652956 0.170083 0 0
12.7335 0.456909 0.0652912 0.170073 0 0
12.8514 0.456912 0.0653097 0.170079 0 0
12.9598 0.456922 0.0653051 0.170104 0 0
13.0773 0.456909 0.0652975 0.170095 0 0
13.18 0.456906 0.0652985 0.170086 0 0
13.2983 0.456892 0.0652933 0.170074 0 0
13.41 0.456911 0.0653079 0.170085 0 0
13.5154 0.456912 0.0652905 0.170096 0 0
13.6296 0.456904 0.0652992 0.170076 0 0
13.7256 0.456919 0.0653099 0.170088 0 0
13.8282 0.45693 0.0652995 0.170105 0 0
13.9274 0.456915 0.0653062 0.170075 0 0
14.0232 0.456901 0.0653074 0.170086 0 0
14.1319 0.456909 0.065278 0.170085 0 0
14.2279 0.456919 0.0653177 0.170109 0 0
14.3345 0.456922 0.0653102 0.170105 0 0
14.4314 0.456917 0.0653032 0.170098 0 0
14.5385 0.456909 0.065278 0.170085 0 0
14.644 0.45691 0.0653189 0.170105 0 0
14.746 0.456894 0.0653037 0.170058 0 0
14.8546 0.456913 0.0652891 0.170091 0 0
14.9511 0.456919 0.0652846 0.170097 0 0
15.0574 0.456901 0.0652958 0.170084 0 0
15.1524 0.456905 0.0652946 0.170076 0 0
15.26 0.456915 0.0652935 0.170093 0 0
15.3585 0.456905 0.0652847 0.170087 0 0
15.4601 0.456921 0.0653069 0.170104 0 0
15.557 0.456916 0.0653098 0.170104 0 0
15.6614 0.456908 0.0653066 0.170075 0 0
15.7644 0.456903 0.0653112 0.170083 0 0
15.8783 0.456911 0.0652938 0.170089 0 0
15.9805 0.456908 0.0653008 0.1701 0 0
16.0844 0.456905 0.0653205 0.170079 0 0
16.1921 0.456912 0.065307 0.170085 0 0
16.2896 0.456906 0.0652919 0.170063 0 0
16.3994 0.456913 0.0652945 0.170084 0 0
16.4974 0.456901 0.0653118 0.170088 0 0
16.6348 0.456909 0.065293 0.170099 0 0
16.7278 0.456909 0.0653221 0.170091 0 0
16.8436 0.456916 0.065297 0.170089 0 0
16.9307 0.456907 0.0653131 0.170088 0 0
17.0343 0.456902 0.0653135 0.170048 0 0
17.142 0.456915 0.0652908 0.170106 0 0
17.2442 0.456897 0.0652974 0.170061 0 0
17.3488 0.456901 0.0652909 0.17009 0 0
17.454 0.456913 0.0653087 0.170101 0 0
17.5456 0.45691 0.0653111 0.170091 0 0
17.6475 0.456896 0.0652786 0.170083 0 0
17.7417 0.456916 0.065296 0.170075 0 0
17.8502 0.456909 0.0653048 0.170075 0 0
17.9461 0.456916 0.0653029 0.17011 0 0
18.0392 0.456899 0.0653192 0.170079 0 0
18.138 0.456914 0.0653081 0.170095 0 0
18.2429 0.456921 0.0652979 0.170101 0 0
18.3387 0.4569 0.0652942 0.170082 0 0
18.4417 0.456919 0.0653145 0.170101 0 0
18.5417 0.456901 0.0652759 0.170075 0 0
18.6436 0.456904 0.0653048 0.170069 0 0
18.7394 0.456908 0.0652939 0.170073 0 0
18.8423 0.456917 0.0652951 0.170095 0 0
18.9425 0.456913 0.0652982 0.170084 0 0
19.0447 0.456911 0.0653192 0.1701 0 0
19.1407 0.456919 0.0653009 0.170105 0 0
19.2349 0.456901 0.0652946 0.170083 0 0
19.334 0.456923 0.065286 0.170081 0 0
19.4356 0.456903 0.0652948 0.170087 0 0
19.5423 0.456906 0.0652851 0.170081 0 0
19.6345 0.456909 0.0653116 0.170076 0 0
19.7383 0.4569 0.0653114 0.170067 0 0
19.8335 0.456918 0.0653209 0.170101 0 0
19.9378 0.456913 0.0653132 0.170081 0 0
20.04 0.456907 0.0653235 0.170083 0 0
20.1401 0.456916 0.0653089 0.170104 0 0
20.243 0.456917 0.065287 0.170102 0 0
20.3427 0.456902 0.0653262 0.170077 0 0
20.4426 0.456909 0.0653174 0.170071 0 0
20.5401 0.45691 0.0652889 0.170094 0 0
20.6583 0.456898 0.0652956 0.170074 0 0
20.7673 0.456912 0.0653165 0.1701 0 0
20.876 0.456898 0.0652934 0.170093 0 0
20.9759 0.456923 0.0653106 0.170099 0 0
21.0738 0.456924 0.0653155 0.170087 0 0
21.1779 0.4569 0.0653043 0.170085 0 0
21.2759 0.456912 0.0652942 0.170083 0 0
21.3806 0.456911 0.0652986 0.170063 0 0
21.4739 0.456912 0.0653106 0.170085 0 0
21.573 0.45691 0.0653156 0.170084 0 0
21.67 0.456915 0.0653176 0.170097 0 0
21.7629 0.45691 0.0653179 0.170079 0 0
21.863 0.456919 0.0652994 0.1701 0 0
21.9684 0.456911 0.0653079 0.170098 0 0
22.1083 0.456918 0.0652842 0.170089 0 0
22.2 0.45692 0.0652998 0.170095 0 0
22.3091 0.456909 0.0653059 0.170095 0 0
22.4125 0.456907 0.0653122 0.170088 0 0
22.5159 0.456906 0.0652928 0.170083 0 0
22.6518 0.456915 0.0653121 0.170103 0 0
22.7563 0.456911 0.0653018 0.170084 0 0
22.8529 0.456901 0.0652908 0.170057 0 0
22.9425 0.456905 0.0652973 0.170089 0 0
23.0489 0.456911 0.0653102 0.170097 0 0
23.1736 0.456904 0.0652748 0.170065 0 0
23.2603 0.45692 0.0653094 0.170089 0 0
23.3551 0.456901 0.0653176 0.170152 0 0
23.4464 0.456912 0.0653041 0.170409 0 0
23.5388 0.45699 0.0653357 0.170889 0 0
23.6333 0.457029 0.0653486 0.171443 0 0
23.7362 0.457115 0.0653987 0.172186 0 0
23.83 0.457158 0.065357 0.17278 0 0
23.9447 0.457261 0.0653866 0.17376 0 0
24.0441 0.457334 0.0653659 0.174714 0 0
24.138 0.457445 0.0653915 0.175781 0 0
24.2317 0.457514 0.0653789 0.176781 0 0
24.332 0.457621 0.0654251 0.178023 0 0
24.4296 0.457679 0.0654288 0.179288 0 0
24.5308 0.457782 0.0654189 0.18075 0 0
24.6319 0.457882 0.0654561 0.18214 0 0
24.7393 0.457984 0.0654569 0.183855 0 0
24.8413 0.458108 0.065457 0.185513 0 0
24.9476 0.458213 0.0654513 0.187203 0 0
25.046 0.45828 0.0654599 0.188832 0 0
25.1375 0.458334 0.0654425 0.190409 0 0
25.2395 0.458419 0.0654315 0.192133 0 0
25.3375 0.458474 0.0654322 0.193937 0 0
25.4409 0.458534 0.0654056 0.195681 0 0
25.5531 0.458603 0.0653979 0.19785 0 0
25.6427 0.458637 0.0653619 0.199457 0 0
25.7327 0.458675 0.065347 0.201101 0 0
25.8289 0.458692 0.0652991 0.202852 0 0
25.9335 0.458698 0.0652943 0.204766 0 0
26.0284 0.458695 0.0652516 0.206476 0 0
26.1258 0.458721 0.0652235 0.208263 0 0
26.221 0.458731 0.0652034 0.209955 0 0
26.3128 0.458699 0.0651651 0.211643 0 0
26.4047 0.458661 0.0650944 0.213091 0 0
26.4989 0.458644 0.0650528 0.214758 0 0
26.5999 0.458587 0.0650015 0.216292 0 0
26.7037 0.458569 0.0649576 0.217948 0 0
26.7952 0.458526 0.064904 0.219441 0 0
26.8861 0.458473 0.064858 0.220732 0 0
26.9889 0.458438 0.0648028 0.222152 0 0
27.0853 0.458379 0.0647503 0.22343 0 0
27.1762 0.458326 0.0646925 0.224528 0 0
27.2657 0.458266 0.0646792 0.225612 0 0
27.3569 0.458221 0.0646202 0.226573 0 0
27.4624 0.458176 0.0645912 0.2276 0 0
27.549 0.458147 0.064594 0.228359 0 0
27.6413 0.458098 0.0645585 0.229112 0 1
27.7333 0.458051 0.0645075 0.229671 0 1
27.8294 0.458008 0.0644683 0.230164 0 1
27.9279 0.457997 0.064472 0.230561 0 1
28.0172 0.457999 0.0644753 0.230894 0 1
28.1235 0.45798 0.0644501 0.23105 0 1
28.2272 0.457977 0.0644176 0.23105 0 1
28.3356 0.457986 0.064433 0.231054 0 1
28.425 0.458087 0.0644411 0.231086 0 1
28.5193 0.458482 0.0644546 0.23117 0 1
28.607 0.458942 0.0644986 0.23119 0 1
28.7072 0.459624 0.0645316 0.231235 0 1
28.7954 0.460326 0.064553 0.231269 0 1
28.8953 0.461238 0.0645745 0.231364 0 1
28.9896 0.462273 0.0646082 0.231396 0 1
29.0768 0.463354 0.0646516 0.23149 0 1
29.1827 0.464734 0.0647288 0.231593 0 1
29.2719 0.466049 0.0647699 0.231735 0 1
29.3641 0.467555 0.0648073 0.231859 0 1
29.4593 0.469132 0.0648639 0.231958 0 1
29.5528 0.47069 0.0648406 0.232137 0 1
29.6469 0.472468 0.0649089 0.232194 0 1
29.7309 0.474164 0.0649229 0.232307 0 1
29.8257 0.4759 0.0650046 0.232391 0 1
29.924 0.478057 0.0650514 0.232501 0 1
30.0156 0.479914 0.0650828 0.232608 0 1
30.114 0.48218 0.0651528 0.232783 0 1
30.2048 0.484142 0.0651603 0.232867 0 1
30.3058 0.486494 0.0651378 0.232959 0 1
30.3931 0.488505 0.0650966 0.232987 0 1
30.4979 0.49095 0.0651005 0.233043 0 1
30.5929 0.493036 0.0650815 0.233073 0 1
30.683 0.495346 0.0650993 0.233163 0 1
30.7857 0.497625 0.0650656 0.233226 0 1
30.8745 0.499848 0.0650561 0.233239 0 1
30.9676 0.501954 0.0650117 0.233242 0 1
31.0616 0.504186 0.0649388 0.233235 0 1
31.154 0.506457 0.0648508 0.233268 0 1
31.2529 0.508676 0.0647627 0.233242 0 1
31.3384 0.510624 0.0647388 0.233234 0 1
31.4372 0.512764 0.0646666 0.233178 0 1
31.5319 0.514881 0.0645766 0.233153 0 1
31.629 0.516907 0.0645007 0.233088 0 1
31.727 0.518909 0.0644517 0.233068 0 1
31.8178 0.520822 0.0643444 0.232962 0 1
31.9263 0.522774 0.0641977 0.232842 0 1
32.0296 0.524667 0.0640627 0.232855 0 1
32.1384 0.526595 0.063958 0.232747 0 1
32.2425 0.528301 0.063868 0.232705 0 1
32.3363 0.5297 0.0637791 0.232543 0 1
32.4406 0.53104 0.0637318 0.232529 0 1
32.533 0.532251 0.0636667 0.232445 0 1
32.6223 0.533241 0.0636001 0.232375 0 1
32.7321 0.534359 0.0635228 0.232297 0 2
32.831 0.535169 0.0634958 0.232228 0 2
32.9327 0.535861 0.0633922 0.232193 0 2
33.0317 0.536371 0.0633599 0.232185 0 2
33.1318 0.536732 0.0633335 0.23213 0 2
33.2265 0.53686 0.0632877 0.23215 0 2
33.3368 0.536904 0.0632911 0.23219 0 2
33.4402 0.536916 0.0632939 0.232182 0 2
33.5269 0.536925 0.0632031 0.23217 0 2
33.6208 0.536978 0.0629298 0.23215 0 2
33.7154 0.537145 0.0625356 0.232142 0 2
33.8073 0.537299 0.0621142 0.232179 0 2
33.9304 0.53758 0.0613213 0.232202 0 2
34.0425 0.537869 0.0604868 0.232247 0 2
34.1323 0.538153 0.0597182 0.232238 0 2
34.2186 0.538456 0.0588362 0.232267 0 2
34.3254 0.538856 0.0576943 0.232325 0 2
34.4097 0.539241 0.0565896 0.232341 0 2
34.5139 0.53971 0.0551255 0.232321 0 2
34.6068 0.540146 0.0538517 0.232338 0 2
34.7069 0.540679 0.0522658 0.232381 0 2
34.8038 0.54118 0.0507337 0.232391 0 2
34.8991 0.541736 0.0489723 0.232392 0 2
35.0136 0.54244 0.0468195 0.232436 0 2
35.118 0.543115 0.0448236 0.232497 0 2
35.2529 0.544003 0.041858 0.232532 0 2
35.3813 0.544879 0.0390103 0.232561 0 2
35.4975 0.545687 0.0363148 0.232627 0 2
35.5847 0.546375 0.0339574 0.232622 0 2
35.6648 0.546963 0.0319934 0.232703 0 2
35.7647 0.547678 0.0293282 0.232726 0 2
35.8693 0.54849 0.0265016 0.232761 0 2
35.9658 0.549236 0.0237666 0.232844 0 2
36.068 0.550039 0.0207146 0.232878 0 2
36.179 0.550909 0.0173812 0.232911 0 2
36.2726 0.551674 0.0144002 0.232947 0 2
36.3785 0.552477 0.0111132 0.233001 0 2
36.5029 0.553405 0.00713778 0.232999 0 2
36.5945 0.554164 0.00392557 0.23311 0 2
36.6883 0.554843 0.000893621 0.233117 0 2
36.7827 0.555583 -0.00239978 0.233161 0 2
36.8725 0.556314 -0.00590823 0.233202 0 2
36.9684 0.556967 -0.00903397 0.233276 0 2
37.0699 0.557745 -0.0128891 0.233335 0 2
37.1644 0.558418 -0.0165065 0.233378 0 2
37.2613 0.559089 -0.0202068 0.23338 0 2
37.3447 0.559685 -0.0237189 0.233408 0 2
37.4458 0.560319 -0.0274245 0.233441 0 2
37.5318 0.560899 -0.0309794 0.233433 0 2
37.6257 0.561544 -0.0347951 0.233509 0 2
37.7325 0.562136 -0.0391542 0.233589 0 2
37.8277 0.562704 -0.0430948 0.233567 0 2
37.9281 0.563278 -0.0474632 0.233597 0 2
38.0301 0.563775 -0.0516617 0.233615 0 2
38.1233 0.564306 -0.0556949 0.233706 0 2
38.2187 0.56472 -0.0599411 0.233704 0 2
38.3138 0.565156 -0.064092 0.233764 0 2
38.4034 0.565496 -0.0679727 0.233726 0 2
38.5062 0.565897 -0.0726864 0.233761 0 2
38.6031 0.566243 -0.0769655 0.23384 0 2
38.6875 0.566465 -0.0806069 0.233862 0 2
38.7892 0.566775 -0.0852616 0.233853 0 2
38.8834 0.566995 -0.0896592 0.233858 0 2
38.978 0.567193 -0.0941573 0.233898 0 2
39.0718 0.567395 -0.0984818 0.233907 0 2
39.1735 0.56754 -0.102888 0.233946 0 2
39.2687 0.567611 -0.107433 0.233985 0 2
39.3651 0.567662 -0.11182 0.233943 0 2
39.467 0.567712 -0.116659 0.234067 0 2
39.5644 0.567697 -0.121124 0.233983 0 2
39.671 0.567655 -0.125926 0.233966 0 2
39.7765 0.567511 -0.130906 0.233943 0 2
39.8827 0.567362 -0.136078 0.234045 0 2
39.9722 0.567244 -0.140107 0.234001 0 2
40.0677 0.567018 -0.14468 0.233983 0 2
40.1579 0.566772 -0.148738 0.234006 0 2
40.2576 0.566511 -0.153468 0.23401 0 2
40.3497 0.566243 -0.157609 0.234063 0 2
40.4496 0.565883 -0.162347 0.234071 0 2
40.5395 0.565534 -0.166401 0.234075 0 2
40.644 0.565096 -0.171065 0.234001 0 2
40.7365 0.564691 -0.17502 0.233953 0 2
40.8212 0.564263 -0.179041 0.234033 0 2
40.9237 0.56375 -0.183595 0.233992 0 2
41.0232 0.563223 -0.187841 0.23396 0 2
41.1257 0.562624 -0.192389 0.233961 0 2
41.23 0.562038 -0.196786 0.233906 0 2
41.3301 0.561419 -0.200994 0.233965 0 2
41.4339 0.560749 -0.205345 0.233888 0 2
41.5313 0.560035 -0.209692 0.233929 0 2
41.6356 0.559306 -0.214067 0.233905 0 2
41.7517 0.558538 -0.218498 0.23384 0 2
41.8452 0.557849 -0.222068 0.23392 0 2
41.9456 0.5571 -0.226027 0.233891 0 2
42.05 0.55628 -0.230131 0.233821 0 2
42.1486 0.555456 -0.234046 0.233792 0 2
42.2489 0.554665 -0.237612 0.233735 0 2
42.3488 0.553875 -0.241377 0.233754 0 2
42.447 0.553131 -0.24482 0.233726 0 2
42.5547 0.552303 -0.248343 0.233717 0 2
42.6463 0.551454 -0.251693 0.233697 0 2
42.7485 0.550663 -0.255045 0.233634 0 2
42.8522 0.549755 -0.258465 0.233612 0 2
42.9556 0.549044 -0.261364 0.233623 0 2
43.0611 0.548187 -0.26462 0.233586 0 2
43.1559 0.547468 -0.267335 0.233586 0 2
43.2581 0.546658 -0.270314 0.233507 0 2
43.3527 0.545875 -0.27297 0.233499 0 2
43.4405 0.54525 -0.27517 0.233475 0 2
43.5384 0.544539 -0.277621 0.233449 0 2
43.6373 0.543773 -0.280183 0.233426 0 2
43.7293 0.543233 -0.282138 0.23344 0 2
43.8417 0.542441 -0.284656 0.233431 0 2
43.9364 0.541829 -0.28665 0.233409 0 2
44.0306 0.541279 -0.288464 0.233374 0 2
44.1223 0.540752 -0.290074 0.233383 0 2
44.2092 0.540234 -0.291673 0.233354 0 2
44.3054 0.539723 -0.29323 0.233376 0 2
44.4114 0.539238 -0.294709 0.233311 0 2
44.5075 0.538833 -0.296007 0.233345 0 2
44.6094 0.538424 -0.297245 0.233302 0 2
44.7 0.538057 -0.298291 0.233274 0 3
44.801 0.537723 -0.299306 0.233251 0 3
44.8873 0.537478 -0.300025 0.23324 0 3
44.9752 0.537281 -0.300631 0.233263 0 3
45.0662 0.537139 -0.301094 0.233222 0 3
45.1567 0.537029 -0.301456 0.233242 0 3
45.2576 0.536941 -0.301721 0.23325 0 3
45.3556 0.536911 -0.301845 0.233265 0 3
45.4452 0.536899 -0.301896 0.233277 0 3
45.5535 0.536894 -0.301861 0.233238 0 3
45.6399 0.5369 -0.301904 0.233312 0 3
45.7279 0.536908 -0.301938 0.233407 0 3
45.8165 0.536933 -0.301984 0.233671 0 3
45.9221 0.536921 -0.30202 0.234093 0 3
46.03 0.536947 -0.302077 0.234573 0 3
46.1248 0.536949 -0.302151 0.235141 0 3
46.2374 0.536954 -0.302212 0.235816 0 3
46.3354 0.536962 -0.302278 0.23646 0 3
46.4371 0.536976 -0.302342 0.237141 0 3
46.5353 0.536985 -0.302438 0.237965 0 3
46.6314 0.536983 -0.302502 0.238672 0 3
46.7207 0.536971 -0.30259 0.239487 0 3
46.8193 0.536971 -0.302668 0.240324 0 3
46.918 0.536969 -0.302774 0.241291 0 3
47.0001 0.537001 -0.302829 0.242007 0 3
47.1048 0.537015 -0.302918 0.242967 0 3
47.2043 0.537009 -0.303045 0.243838 0 3
47.3085 0.537007 -0.303114 0.244654 0 3
47.4037 0.536981 -0.303211 0.245554 0 3
47.51 0.536964 -0.303282 0.246324 0 3
47.6046 0.536959 -0.303374 0.247113 0 3
47.7073 0.536949 -0.303435 0.24781 0 4
47.7927 0.53695 -0.303468 0.248405 0 4
47.8768 0.536907 -0.303583 0.249006 0 4
47.9645 0.536947 -0.303588 0.249486 0 4
48.0555 0.536923 -0.303637 0.249952 0 4
48.1407 0.5369 -0.303715 0.250353 0 4
48.2295 0.536899 -0.303716 0.25064 0 4
48.3121 0.536906 -0.303765 0.25088 0 4
48.4104 0.536899 -0.303772 0.251032 0 4
48.503 0.536886 -0.303762 0.251095 0 4
48.6334 0.536884 -0.303765 0.251085 0 4
48.7251 0.53688 -0.303774 0.251096 0 4
48.8082 0.536867 -0.303662 0.251147 0 4
48.8998 0.536904 -0.303114 0.251015 0 4
48.9963 0.536929 -0.302341 0.250806 0 4
49.0915 0.536941 -0.301372 0.250548 0 4
49.1796 0.537 -0.300325 0.250341 0 4
49.2811 0.537114 -0.298831 0.250009 0 4
49.3759 0.537174 -0.297326 0.249622 0 4
49.4836 0.537234 -0.295478 0.249187 0 4
49.5959 0.53726 -0.293663 0.24872 0 4
49.7055 0.537351 -0.291499 0.248298 0 4
49.8206 0.537434 -0.288991 0.247772 0 4
49.9371 0.537449 -0.286686 0.247222 0 4
50.0391 0.537461 -0.284704 0.246753 0 4
50.1283 0.537498 -0.282573 0.246227 0 4
50.2183 0.537478 -0.28063 0.245728 0 4
50.2999 0.537446 -0.278966 0.245292 0 4
50.3862 0.537444 -0.27717 0.24493 0 4
50.4817 0.537448 -0.275136 0.244485 0 4
50.5607 0.537418 -0.273427 0.244088 0 4
50.6482 0.537404 -0.271741 0.243719 0 4
50.7298 0.537366 -0.270348 0.243384 0 4
50.8405 0.537309 -0.268393 0.242942 0 4
50.9333 0.537285 -0.266758 0.242528 0 4
51.034 0.537245 -0.265307 0.242166 0 4
51.1578 0.537201 -0.26382 0.241813 0 4
51.2337 0.537143 -0.262981 0.24159 0 4
51.3379 0.537091 -0.262061 0.241317 0 4
51.4345 0.537065 -0.261373 0.241169 0 5
51.5494 0.537041 -0.260908 0.241066 0 5
51.6592 0.53705 -0.26079 0.241087 0 5
51.7824 0.537088 -0.260806 0.241088 0 5
51.8605 0.537617 -0.262983 0.240773 0 5
51.9725 0.537748 -0.263847 0.240618 0 5
52.0551 0.537922 -0.263895 0.240321 0 5
52.1651 0.537946 -0.263963 0.24039 0 5
52.2689 0.538235 -0.264582 0.23976 0 5
52.3851 0.538267 -0.264564 0.239878 0 5
52.4638 0.538324 -0.264778 0.238854 0 5
52.5859 0.538354 -0.264922 0.238378 0 5
52.6782 0.53845 -0.264944 0.238219 0 5
52.7734 0.538465 -0.264986 0.238192 0 5
52.8612 0.538906 -0.265206 0.237798 0 5
52.9812 0.538872 -0.265216 0.237806 0 5
53.0926 0.538738 -0.265693 0.23799 0 5
53.2039 0.538732 -0.265753 0.237959 0 5
53.286 0.53878 -0.265832 0.237472 0 5
53.4114 0.53879 -0.265819 0.23753 0 5
53.5102 0.538811 -0.266267 0.236717 0 5
53.6331 0.538829 -0.266334 0.236696 0 5
53.7051 0.539178 -0.266517 0.236324 0 5
53.8314 0.539129 -0.266521 0.236293 0 5
53.9167 0.539392 -0.266793 0.235254 0 5
54.0267 0.539351 -0.266815 0.235413 0 5
54.1246 0.539395 -0.267476 0.234586 0 5
54.23 0.539411 -0.267452 0.234663 0 5
54.3091 0.539761 -0.267913 0.233914 0 5
54.4251 0.539805 -0.267912 0.233831 0 5
54.5245 0.540238 -0.268357 0.231703 0 5
54.6106 0.540278 -0.26837 0.23194 0 5
54.7007 0.540367 -0.268538 0.231771 0 5
54.8045 0.540355 -0.268553 0.231848 0 5
54.8948 0.540677 -0.268742 0.230698 0 5
54.9947 0.541008 -0.26896 0.229653 0 5
55.0886 0.54109 -0.26916 0.22924 0 5
55.2287 0.54118 -0.269285 0.22908 0 5
55.351 0.54147 -0.269559 0.228184 0 5
55.4652 0.541543 -0.269578 0.228101 0 5
55.5882 0.541952 -0.27028 0.227558 0 5
55.7022 0.541963 -0.270267 0.227624 0 5
55.7804 0.542193 -0.270351 0.226389 0 5
55.865 0.542481 -0.270413 0.225272 0 5
55.9571 0.542479 -0.270412 0.225332 0 5
56.0492 0.54266 -0.270516 0.22475 0 5
56.1579 0.542673 -0.270533 0.224816 0 5
56.2447 0.54281 -0.270741 0.224311 0 5
56.3579 0.542805 -0.270771 0.224247 0 5
56.4372 0.543141 -0.271122 0.224036 0 6
56.5414 0.543096 -0.271117 0.224082 0 6
56.6298 0.542931 -0.271233 0.223843 0 6
56.7374 0.542814 -0.271392 0.223719 0 6
56.8376 0.542774 -0.271439 0.223697 0 6
56.9327 0.542744 -0.271453 0.223638 0 6
57.0341 0.542731 -0.271466 0.223644 0 6
57.1225 0.542682 -0.271456 0.223547 0 6
57.2462 0.542707 -0.271462 0.223609 0 6
57.3253 0.542699 -0.271441 0.223519 0 6
57.4405 0.542685 -0.271451 0.223506 0 6
57.5236 0.542689 -0.271462 0.223517 0 6
57.6401 0.542679 -0.271469 0.223519 0 6
57.7293 0.542686 -0.271454 0.223528 0 6
57.8349 0.54266 -0.271489 0.223514 0 6
57.9319 0.542675 -0.27149 0.223498 0 6
58.0346 0.54269 -0.271465 0.223532 0 6
58.1464 0.542663 -0.271494 0.223504 0 6
58.2323 0.542672 -0.271504 0.223535 0 6
58.337 0.542669 -0.271501 0.2235 0 6
58.4273 0.542668 -0.27152 0.223532 0 6
58.5357 0.542648 -0.271524 0.223502 0 6
58.6235 0.542656 -0.271523 0.223504 0 6
58.7484 0.542665 -0.271507 0.223485 0 6
58.8269 0.542659 -0.271518 0.223514 0 6
58.9348 0.542663 -0.271495 0.223503 0 6
59.0347 0.542655 -0.27153 0.223469 0 6
59.152 0.542653 -0.271506 0.223508 0 6
59.2465 0.542674 -0.271476 0.223516 0 6
59.3426 0.542684 -0.271501 0.223508 0 6
59.4393 0.542664 -0.271504 0.223499 0 6
59.5416 0.542667 -0.271489 0.223471 0 6
59.6395 0.542682 -0.271501 0.223497 0 6
59.7163 0.542666 -0.271506 0.223476 0 6
59.8279 0.542667 -0.271521 0.223486 0 6
59.9371 0.542675 -0.271504 0.223506 0 6
60.0361 0.54267 -0.271513 0.223505 0 6
60.1286 0.542675 -0.271506 0.223489 0 6
60.2386 0.542679 -0.271517 0.223503 0 6
60.3189 0.542675 -0.271499 0.223472 0 6
60.4382 0.542658 -0.271525 0.223486 0 6
60.5253 0.542671 -0.271499 0.223477 0 6
60.6148 0.542677 -0.271525 0.223484 0 6
60.7253 0.542679 -0.27148 0.223484 0 6
60.8091 0.542683 -0.271493 0.223499 0 6
60.909 0.542672 -0.271515 0.2235 0 6
61.0081 0.542672 -0.271498 0.223508 0 6
61.1206 0.542667 -0.271512 0.22348 0 6
61.1922 0.542663 -0.271531 0.22349 0 6
61.3132 0.54267 -0.271521 0.223471 0 6
61.3958 0.542649 -0.271522 0.223441 0 6
61.4884 0.542655 -0.271517 0.223478 0 6
61.5847 0.542664 -0.271492 0.223464 0 6
61.6769 0.542683 -0.271501 0.223516 0 6
61.7669 0.542675 -0.271499 0.223464 0 6
61.8708 0.542668 -0.271504 0.223488 0 6
61.9485 0.542682 -0.271506 0.223491 0 6
62.0466 0.542685 -0.271503 0.2235 0 6
62.1448 0.542672 -0.271514 0.22348 0 6
62.2329 0.542668 -0.271513 0.223483 0 6
62.3382 0.542677 -0.2715 0.223466 0 6
62.4385 0.542678 -0.271501 0.2235 0 6
62.5294 0.542679 -0.271491 0.223434 0 6
62.6309 0.542676 -0.2715 0.223465 0 6
62.7098 0.542677 -0.271507 0.223493 0 6
62.8012 0.54268 -0.271498 0.22349 0 6
62.9288 0.542672 -0.271514 0.22348 0 6
63.0337 0.542675 -0.271514 0.223486 0 6
63.1265 0.54266 -0.271532 0.223457 0 6
63.2227 0.542671 -0.2715 0.223467 0 6
63.3268 0.54268 -0.271493 0.223486 0 6
63.413 0.542667 -0.271504 0.223454 0 6
63.5122 0.542688 -0.271495 0.223461 0 6
