51.3379 51.3379 0 0 5
51.4345 51.3379 0 0.0965276 5
51.5494 51.3379 0.0965276 0.211421 5
51.6592 51.3379 0.211421 0.321245 5
51.7824 51.3379 0.321245 0.444479 5
51.8605 51.3379 0.444479 0.522548 5
51.9725 51.3379 0.522548 0.634607 5
52.0551 51.3379 0.634607 0.717155 5
52.1651 51.3379 0.717155 0.827187 5
52.2689 51.3379 0.827187 0.930934 5
52.3851 51.3379 0.930934 1.04713 5
52.4638 51.3379 1.04713 1.12591 5
52.5859 51.3379 1.12591 1.24798 5
52.6782 51.3379 1.24798 1.34026 5
52.7734 51.3379 1.34026 1.43545 5
52.8612 51.3379 1.43545 1.52325 5
52.9812 51.3379 1.52325 1.64326 5
53.0926 51.3379 1.64326 1.75463 5
53.2039 51.3379 1.75463 1.86599 5
53.286 51.3379 1.86599 1.94809 5
53.4114 51.3379 1.94809 2.07346 5
53.5102 51.3379 2.07346 2.17223 5
53.6331 51.3379 2.17223 2.29517 5
53.7051 51.3379 2.29517 2.36713 5
53.8314 51.3379 2.36713 2.49345 5
53.9167 51.3379 2.49345 2.5788 5
54.0267 51.3379 2.5788 2.68874 5
54.1246 51.3379 2.68874 2.78668 5
54.23 51.3379 2.78668 2.89206 5
54.3091 51.3379 2.89206 2.97114 5
54.4251 51.3379 2.97114 3.08719 5
54.5245 51.3379 3.08719 3.18655 5
54.6106 51.3379 3.18655 3.27262 5
54.7007 51.3379 3.27262 3.36281 5
54.8045 51.3379 3.36281 3.46659 5
54.8948 51.3379 3.46659 3.55686 5
54.9947 51.3379 3.55686 3.6568 5
55.0886 51.3379 3.6568 3.75062 5
55.2287 51.3379 3.75062 3.89079 5
55.351 51.3379 3.89079 4.01308 5
55.4652 51.3379 4.01308 4.12726 5
55.5882 51.3379 4.12726 4.25025 5
55.7022 51.3379 4.25025 4.36425 5
55.7804 51.3379 4.36425 4.44248 5
55.865 51.3379 4.44248 4.52711 5
55.9571 51.3379 4.52711 4.61914 5
56.0492 51.3379 4.61914 4.7113 5
56.1579 51.3379 4.7113 4.81997 5
56.2447 51.3379 4.81997 4.90678 5
56.3579 51.3379 4.90678 5.02 5
