-2.38419e-07 0.279168 0.104899 -0.0873396
0.0662999 0.279133 0.104837 -0.0870988
0.167164 0.279138 0.104879 -0.0869835
0.2634 0.279106 0.104863 -0.0874472
0.348417 0.279135 0.104942 -0.0869676
0.432623 0.279168 0.104862 -0.0869121
0.516225 0.279178 0.104938 -0.0874435
0.598729 0.27912 0.104865 -0.0869328
0.687348 0.279132 0.104899 -0.0865684
0.77207 0.279164 0.104916 -0.0871519
0.853875 0.279047 0.104892 -0.0879497
0.939867 0.279154 0.10495 -0.0871486
1.04024 0.279183 0.104886 -0.0873751
1.14187 0.279138 0.104852 -0.0867178
1.23727 0.279135 0.104817 -0.0871792
1.31688 0.279185 0.104854 -0.0874222
1.41629 0.27913 0.104853 -0.0869486
1.52501 0.279118 0.104915 -0.0865193
1.61261 0.279153 0.104957 -0.0874973
1.71642 0.27914 0.104865 -0.0873043
1.80045 0.279123 0.104862 -0.0874854
1.88813 0.27914 0.104942 -0.0877243
1.98435 0.279132 0.104871 -0.0861665
2.07014 0.279141 0.10491 -0.0873855
2.16895 0.279151 0.104869 -0.0872644
2.25708 0.279183 0.104902 -0.0878133
2.34371 0.279125 0.104899 -0.086588
2.45933 0.279116 0.104888 -0.0866681
2.5444 0.279164 0.104841 -0.0875793
2.63945 0.279063 0.104842 -0.0868177
2.73552 0.279121 0.104826 -0.0869868
2.82154 0.27907 0.104796 -0.0869822
2.93011 0.279097 0.104794 -0.0874992
3.01984 0.279135 0.104816 -0.0867896
3.12174 0.279074 0.104885 -0.0873092
3.21892 0.279076 0.104958 -0.0872505
3.31331 0.278821 0.104856 -0.0882286
3.39377 0.279162 0.104926 -0.0872479
3.48139 0.279152 0.104863 -0.0874839
3.58155 0.279145 0.104866 -0.0875206
3.66444 0.279087 0.104952 -0.0878986
3.78174 0.279111 0.104896 -0.0875012
3.86559 0.279103 0.104866 -0.0870008
3.95383 0.279149 0.104823 -0.0869579
4.0525 0.279117 0.104942 -0.086576
4.14583 0.279124 0.104825 -0.0866972
4.24531 0.279171 0.104909 -0.0874484
4.33024 0.279109 0.104891 -0.0872131
4.41494 0.279088 0.104868 -0.0864662
4.51651 0.279043 0.10489 -0.0874585
4.59842 0.278994 0.10485 -0.0875069
4.68875 0.279048 0.104877 -0.0881887
4.79301 0.279163 0.10485 -0.0871283
4.87179 0.279043 0.104792 -0.0870964
4.98131 0.279033 0.1048 -0.087339
5.06536 0.279111 0.104929 -0.0879274
5.15257 0.279157 0.104931 -0.0874266
5.25616 0.279149 0.104837 -0.0877414
5.34466 0.279117 0.10486 -0.0877218
5.44774 0.279121 0.104885 -0.0871924
5.55533 0.279088 0.104889 -0.087645
5.64847 0.279085 0.104768 -0.087057
5.73494 0.279168 0.104911 -0.0868224
5.83602 0.279002 0.104796 -0.0876217
5.92533 0.279101 0.104863 -0.0870231
6.02235 0.279097 0.104835 -0.0870974
6.12266 0.27908 0.104876 -0.0874206
6.21856 0.278995 0.104843 -0.087782
6.32271 0.279047 0.104834 -0.08757
6.41946 0.279359 0.105346 -0.0871266
6.5303 0.279347 0.105246 -0.0871248
6.62292 0.279366 0.10536 -0.0878834
6.73119 0.279433 0.10558 -0.087532
6.81931 0.279595 0.105633 -0.0868517
6.92661 0.279649 0.105751 -0.0861304
7.03221 0.279664 0.105957 -0.086255
7.12427 0.279575 0.10632 -0.085998
7.21452 0.279403 0.106556 -0.0849861
7.31626 0.279809 0.106998 -0.0846484
7.4021 0.279562 0.107097 -0.0838821
7.49524 0.279164 0.107569 -0.0835493
7.60021 0.278594 0.10755 -0.0824844
7.69769 0.277955 0.108005 -0.0819309
7.79595 0.277918 0.108395 -0.0817786
7.88523 0.278549 0.108606 -0.0796482
7.99199 0.277266 0.108772 -0.0803894
8.08764 0.277346 0.109037 -0.0784915
8.19314 0.27589 0.109506 -0.0794476
8.27764 0.277172 0.109421 -0.0764767
8.37702 0.278221 0.109578 -0.0736277
8.46846 0.276098 0.109756 -0.0727409
8.55954 0.275806 0.109963 -0.0727947
8.65612 0.276286 0.110201 -0.0713202
8.74472 0.276639 0.110178 -0.0736993
8.84726 0.277232 0.110291 -0.0713448
8.9336 0.278541 0.110253 -0.0697943
9.03196 0.278884 0.110036 -0.0691494
9.13548 0.278807 0.109973 -0.067588
9.21804 0.278646 0.110077 -0.0652776
9.32161 0.279045 0.110109 -0.0634746
9.41408 0.279026 0.11023 -0.0618891
9.51451 0.277775 0.110353 -0.061798
9.60122 0.277715 0.10998 -0.0605546
9.69996 0.278598 0.110477 -0.058901
9.79243 0.278812 0.110765 -0.0590144
9.87628 0.278818 0.110702 -0.0564725
9.97771 0.278086 0.110794 -0.0583112
10.0645 0.278165 0.110706 -0.055399
10.1563 0.278072 0.110733 -0.0548254
10.265 0.278966 0.110865 -0.052694
10.3481 0.279207 0.110874 -0.0520371
10.4572 0.278305 0.110738 -0.0510434
10.5387 0.278386 0.110799 -0.0497478
10.6335 0.279091 0.110625 -0.0482442
10.7255 0.27827 0.110476 -0.0488453
10.8132 0.278204 0.11082 -0.0480422
10.916 0.278477 0.1106 -0.0472515
11.0081 0.278477 0.110612 -0.0462654
11.1 0.278678 0.110607 -0.046192
11.1936 0.278842 0.110781 -0.045731
11.2836 0.278817 0.11091 -0.0463968
11.3826 0.27886 0.111094 -0.0470904
11.4652 0.278973 0.110831 -0.0466236
11.5709 0.279887 0.111019 -0.0460081
11.6597 0.280894 0.111028 -0.0450374
11.756 0.282162 0.111065 -0.0452336
11.8562 0.284001 0.111111 -0.0443369
11.946 0.2863 0.111716 -0.0443028
12.0552 0.287868 0.11162 -0.0442082
12.1431 0.291965 0.112176 -0.0451419
12.2576 0.295409 0.112465 -0.0443653
12.3457 0.300131 0.112346 -0.0416
12.4505 0.302463 0.112796 -0.0412826
12.5407 0.305411 0.112651 -0.0406881
12.6391 0.309607 0.113085 -0.0399603
12.7282 0.312385 0.113051 -0.0405474
12.8176 0.318143 0.112984 -0.0392784
12.9189 0.321814 0.113392 -0.0384395
13.0058 0.327715 0.113382 -0.0369586
13.1084 0.330846 0.113047 -0.0359191
13.2037 0.337478 0.113161 -0.0340734
13.3007 0.3409 0.113666 -0.0354023
13.3902 0.347999 0.113765 -0.0344527
13.4822 0.354566 0.113643 -0.0324666
13.5905 0.360622 0.113784 -0.0313294
13.6769 0.369162 0.113299 -0.0289646
13.7813 0.373304 0.113117 -0.0286148
13.8699 0.379963 0.113152 -0.0285665
13.9633 0.385673 0.11296 -0.0271936
14.0611 0.38957 0.112615 -0.0279143
14.1534 0.396745 0.112588 -0.0279909
14.2432 0.400911 0.111803 -0.0273893
14.3324 0.40833 0.111459 -0.0265504
14.4298 0.412465 0.111265 -0.0281306
14.5268 0.419641 0.111187 -0.0258243
14.6123 0.424117 0.110497 -0.0273009
14.716 0.427662 0.110248 -0.0280794
14.8037 0.433585 0.10973 -0.0274105
14.9086 0.436684 0.108536 -0.0287041
15.0026 0.443269 0.108911 -0.0276037
15.0936 0.449199 0.108428 -0.0289583
15.1907 0.45153 0.108068 -0.0297846
15.2814 0.45702 0.107561 -0.0304353
15.3894 0.458683 0.107014 -0.0311158
15.471 0.463109 0.106738 -0.0324144
15.584 0.466355 0.106254 -0.032658
15.6837 0.46857 0.106028 -0.0324617
15.7611 0.471481 0.105744 -0.03403
15.864 0.472794 0.105402 -0.0346277
15.9576 0.47592 0.10539 -0.0354708
16.0438 0.476913 0.104948 -0.0359059
16.1459 0.477464 0.104897 -0.0365682
16.2289 0.476922 0.104727 -0.038272
16.3407 0.477238 0.104687 -0.0375303
16.4309 0.478112 0.104663 -0.0369867
16.5313 0.478161 0.104455 -0.037965
16.6269 0.477752 0.104058 -0.037699
16.7109 0.477839 0.1037 -0.037843
16.8084 0.478054 0.103394 -0.0372337
16.9027 0.478826 0.102853 -0.0357278
17.0003 0.47862 0.102169 -0.0380912
17.0992 0.479355 0.101365 -0.0345105
17.2121 0.479459 0.100398 -0.0358787
17.296 0.479486 0.0998192 -0.0355783
17.3849 0.479644 0.0987952 -0.0347835
17.4743 0.479951 0.097561 -0.0344408
17.5719 0.480067 0.0962297 -0.0351262
17.6672 0.479581 0.0950152 -0.0359809
17.7646 0.480694 0.0932551 -0.0357226
17.8608 0.481351 0.0919248 -0.0322771
17.9464 0.481134 0.0905874 -0.0363268
18.0444 0.481669 0.0888973 -0.0356722
18.1463 0.481669 0.0872507 -0.0364156
18.232 0.48263 0.0855901 -0.0348712
18.3284 0.484197 0.083841 -0.0326301
18.4209 0.483708 0.0812501 -0.0345343
18.5194 0.483882 0.0795599 -0.0337432
18.622 0.48513 0.0771022 -0.0340352
18.7114 0.486 0.07545 -0.0341114
18.8092 0.486446 0.0725797 -0.0321684
18.8984 0.486177 0.070575 -0.0328691
18.9978 0.486152 0.0679826 -0.034557
19.0958 0.487086 0.0654412 -0.032245
19.1729 0.487086 0.0630625 -0.0332212
19.2674 0.486917 0.0606031 -0.0339516
19.3705 0.488417 0.0579349 -0.0336506
19.4644 0.488185 0.0556261 -0.0337493
19.5625 0.489579 0.0524906 -0.0315449
19.6592 0.489801 0.0489193 -0.0314097
19.751 0.490735 0.0467766 -0.0318497
19.8604 0.491608 0.0428884 -0.0306897
19.9396 0.491396 0.0404928 -0.0330397
20.0406 0.491327 0.0375505 -0.0319325
20.1343 0.491947 0.0344441 -0.0346779
20.2325 0.493466 0.0312614 -0.0313931
20.3434 0.492416 0.0270739 -0.0354496
20.4168 0.494351 0.0247663 -0.03196
20.5269 0.494509 0.0210139 -0.0309044
20.6059 0.494535 0.0180587 -0.0321844
20.7 0.494903 0.01446 -0.0342523
20.8055 0.495702 0.0106358 -0.0307731
20.9026 0.495366 0.00710231 -0.0332933
20.9909 0.495943 0.0042192 -0.0343699
21.0804 0.49612 0.000230432 -0.034323
21.1923 0.496438 -0.0037702 -0.0336342
21.2763 0.496867 -0.00663196 -0.030176
21.3815 0.496493 -0.0111176 -0.0332558
21.4735 0.496575 -0.0142353 -0.0326049
21.5683 0.49684 -0.0183941 -0.0343961
21.6678 0.497521 -0.0223338 -0.0341818
21.7642 0.49739 -0.0258436 -0.035172
21.8627 0.497882 -0.0296848 -0.0352958
21.9492 0.497126 -0.0334209 -0.0358141
22.0619 0.498461 -0.0380811 -0.0339273
22.1532 0.498181 -0.0414447 -0.0296917
22.2481 0.498984 -0.0451234 -0.0306112
22.3553 0.499045 -0.0489675 -0.0299975
22.445 0.49824 -0.0533197 -0.033273
22.5378 0.498847 -0.0564745 -0.0327625
22.6282 0.49783 -0.060573 -0.0334057
22.7333 0.49781 -0.0646055 -0.0349285
22.8248 0.499574 -0.0697178 -0.0307849
22.9209 0.497767 -0.0734615 -0.0334456
23.0137 0.497596 -0.0771912 -0.0317718
23.1183 0.497501 -0.0810748 -0.0339755
23.2158 0.497985 -0.0849285 -0.029735
23.3123 0.497286 -0.0889272 -0.0327235
23.4088 0.497621 -0.0928356 -0.0336647
23.5126 0.496459 -0.0968935 -0.0317912
23.6163 0.496294 -0.100647 -0.027439
23.711 0.495408 -0.103658 -0.0297011
23.8059 0.495788 -0.107612 -0.0276006
23.8991 0.4954 -0.110804 -0.0305074
23.991 0.494091 -0.114177 -0.0309574
24.1008 0.493924 -0.118248 -0.0264415
24.2004 0.492795 -0.12175 -0.0297559
24.2996 0.492085 -0.125294 -0.0288426
24.3921 0.491683 -0.128135 -0.0292157
24.4919 0.491735 -0.132337 -0.0262354
24.5877 0.491173 -0.134826 -0.0291034
24.6833 0.490839 -0.138195 -0.0284878
24.7665 0.490237 -0.141179 -0.0265404
24.856 0.490111 -0.144384 -0.0269583
24.9566 0.488294 -0.147599 -0.0296516
25.0566 0.487078 -0.14985 -0.0286152
25.1574 0.486703 -0.153658 -0.0311974
25.2524 0.484485 -0.155291 -0.0331657
25.348 0.483548 -0.15955 -0.034378
25.4404 0.482858 -0.162584 -0.0339422
25.5388 0.482324 -0.165469 -0.0354954
25.6525 0.482125 -0.168125 -0.0333162
25.7416 0.481102 -0.170978 -0.0360464
25.83 0.480889 -0.17385 -0.0351088
25.9157 0.480621 -0.175556 -0.034142
26.0251 0.480132 -0.178416 -0.0343863
26.1229 0.47921 -0.181431 -0.0345917
26.2244 0.478791 -0.184166 -0.0343582
26.3124 0.477807 -0.1853 -0.0332864
26.4255 0.477299 -0.188067 -0.0332965
26.5221 0.477367 -0.190211 -0.0333298
26.616 0.476487 -0.191792 -0.0334788
26.705 0.476054 -0.19353 -0.0328409
26.7975 0.476039 -0.195584 -0.0330008
26.9103 0.474837 -0.197957 -0.0318671
26.9965 0.474732 -0.198411 -0.031916
27.1056 0.474624 -0.200203 -0.0315847
27.1908 0.473981 -0.201585 -0.0317235
27.2903 0.473572 -0.202973 -0.0312023
27.3871 0.473141 -0.204418 -0.0312358
27.4863 0.472985 -0.205602 -0.0313033
27.5838 0.47216 -0.206348 -0.0303723
27.69 0.47169 -0.207272 -0.0309054
27.7739 0.471579 -0.208054 -0.0299924
27.87 0.471266 -0.208884 -0.0310915
27.9674 0.470924 -0.20959 -0.0321819
28.07 0.470979 -0.209707 -0.0315169
28.1827 0.470651 -0.210491 -0.0324329
28.2787 0.471174 -0.210661 -0.03228
28.3886 0.470721 -0.210604 -0.032844
28.507 0.470248 -0.210555 -0.0333855
28.5993 0.470434 -0.210764 -0.0331692
28.6909 0.470571 -0.210742 -0.033047
28.7781 0.470637 -0.210789 -0.0336144
28.8658 0.470201 -0.210727 -0.0327363
28.9514 0.470576 -0.210886 -0.0320915
29.041 0.470464 -0.211031 -0.0331155
29.1243 0.470282 -0.211369 -0.0330448
29.2142 0.470434 -0.211388 -0.0322803
29.31 0.469965 -0.211468 -0.0320831
29.4056 0.470082 -0.211648 -0.0322618
29.5285 0.469517 -0.21202 -0.0303324
29.6271 0.469978 -0.212123 -0.0295307
29.7245 0.469789 -0.212283 -0.0301215
29.8161 0.469629 -0.212813 -0.0296787
29.9215 0.469682 -0.212952 -0.0275762
30.0007 0.469417 -0.213143 -0.0290646
30.094 0.468826 -0.213486 -0.0272387
30.1748 0.469339 -0.213599 -0.0274461
30.2595 0.469781 -0.213943 -0.0254236
30.3666 0.470077 -0.214377 -0.0240074
30.4521 0.470281 -0.214367 -0.0221687
30.5796 0.469827 -0.214284 -0.0227196
30.6706 0.46996 -0.214315 -0.0222847
30.7628 0.469473 -0.213516 -0.0235878
30.8448 0.469635 -0.212389 -0.0240308
30.9492 0.470281 -0.210397 -0.0231776
31.0427 0.469822 -0.208582 -0.0254552
31.1357 0.470494 -0.205414 -0.0263523
31.2311 0.470599 -0.203094 -0.0280695
31.327 0.470336 -0.200073 -0.0292275
31.4287 0.470261 -0.196874 -0.0315203
31.5225 0.471516 -0.192326 -0.0291761
31.6256 0.471412 -0.187636 -0.0301228
31.7146 0.471974 -0.18447 -0.0308468
31.8052 0.472054 -0.181758 -0.0321425
31.8998 0.471694 -0.17829 -0.0337942
31.9984 0.472364 -0.175859 -0.0343338
32.1111 0.472566 -0.172318 -0.0355766
32.1963 0.472416 -0.172028 -0.0368597
32.2867 0.47194 -0.169885 -0.0359563
32.3735 0.472555 -0.168925 -0.0364103
32.476 0.472844 -0.167863 -0.0365153
32.563 0.472331 -0.16757 -0.0354916
32.6711 0.47235 -0.167657 -0.0353205
32.7881 0.472274 -0.16827 -0.0341389
32.8832 0.472486 -0.169713 -0.0334344
32.9886 0.472326 -0.171283 -0.0332508
33.0919 0.473353 -0.17207 -0.03458
33.1787 0.473672 -0.171634 -0.035137
33.2603 0.473915 -0.172184 -0.03589
33.3721 0.474103 -0.172698 -0.0363826
33.4863 0.474428 -0.173212 -0.0374127
33.5928 0.474966 -0.173305 -0.0375331
33.6904 0.475075 -0.173615 -0.0373425
33.7983 0.475219 -0.173545 -0.0377722
33.8933 0.475524 -0.173758 -0.0378248
33.993 0.475421 -0.173914 -0.0373494
34.1065 0.475255 -0.173637 -0.0375859
34.2157 0.475701 -0.174091 -0.0377952
34.3127 0.475738 -0.174075 -0.0376465
34.4041 0.475624 -0.174 -0.0379416
34.5039 0.475728 -0.174168 -0.0371939
34.6055 0.475692 -0.174303 -0.0381943
34.7349 0.475656 -0.174322 -0.0379096
34.8518 0.47581 -0.174213 -0.0373526
34.9353 0.475764 -0.174289 -0.0377131
35.0242 0.475845 -0.174199 -0.0379647
35.1341 0.475882 -0.174104 -0.0382119
35.2479 0.475716 -0.174425 -0.0379675
35.3485 0.475869 -0.174438 -0.0378235
35.4543 0.475718 -0.174509 -0.0374332
35.5564 0.475951 -0.174649 -0.0380002
35.6502 0.47594 -0.174594 -0.0375519
35.7516 0.475928 -0.174229 -0.038333
35.8747 0.475829 -0.174186 -0.0385319
35.9881 0.475993 -0.174473 -0.0385845
36.0904 0.475806 -0.174613 -0.0377744
36.1875 0.475953 -0.174731 -0.0382626
36.2909 0.475998 -0.174611 -0.0384014
36.3833 0.476139 -0.174356 -0.0389983
36.4815 0.475748 -0.174791 -0.038743
36.5633 0.4761 -0.174617 -0.0392379
36.6845 0.47591 -0.17481 -0.0387422
36.7605 0.475899 -0.1746 -0.0388065
36.8528 0.476239 -0.174755 -0.0384624
36.9774 0.476088 -0.17458 -0.0382188
37.0686 0.475992 -0.174777 -0.0387676
37.1629 0.476091 -0.174398 -0.0391743
37.2728 0.476128 -0.174527 -0.0386811
37.3625 0.476153 -0.174595 -0.0391129
37.4619 0.476162 -0.174247 -0.0383524
37.5513 0.476062 -0.174488 -0.038233
37.6456 0.476145 -0.174674 -0.0383422
37.7499 0.476189 -0.174482 -0.038741
37.8483 0.476103 -0.174398 -0.0386996
37.9401 0.476146 -0.174542 -0.0382037
38.0334 0.476115 -0.174405 -0.038941
38.1269 0.476032 -0.174822 -0.0389667
38.2227 0.476083 -0.174696 -0.0391676
38.3194 0.476118 -0.174751 -0.0398089
38.4115 0.476155 -0.174842 -0.0384656
38.5325 0.476036 -0.175064 -0.0390647
38.6127 0.475954 -0.174493 -0.0388828
38.7257 0.475935 -0.174215 -0.0392969
38.8272 0.475957 -0.174511 -0.0385025
38.9274 0.475979 -0.174547 -0.0394951
39.03 0.47602 -0.174573 -0.0395946
39.1387 0.476014 -0.174558 -0.0392771
39.2363 0.475959 -0.174748 -0.0385752
39.3228 0.476019 -0.174495 -0.0393056
39.411 0.47597 -0.174564 -0.0385534
39.5078 0.476028 -0.174422 -0.0389335
39.6049 0.475857 -0.17448 -0.0390221
39.7244 0.475993 -0.174213 -0.0394825
39.8216 0.475949 -0.174546 -0.0389112
39.9151 0.475924 -0.174435 -0.0387866
40.0028 0.475864 -0.174525 -0.0390646
40.1012 0.475973 -0.174596 -0.0390066
40.204 0.475879 -0.174856 -0.0397417
40.2948 0.475879 -0.17451 -0.0397152
40.4018 0.47594 -0.1743 -0.0399576
40.4904 0.475956 -0.174418 -0.0399051
40.5871 0.475578 -0.174562 -0.0396187
40.6801 0.475869 -0.174581 -0.0392326
40.7643 0.475896 -0.174212 -0.0393427
40.8448 0.475814 -0.174382 -0.0395094
40.9466 0.475925 -0.174454 -0.0396541
41.0699 0.475799 -0.174381 -0.0393336
41.183 0.475522 -0.174405 -0.039257
41.2946 0.475806 -0.174374 -0.0400856
41.3858 0.475825 -0.174332 -0.0390533
41.4659 0.47577 -0.174639 -0.0399314
41.5581 0.475667 -0.174613 -0.0390906
41.6651 0.475777 -0.174467 -0.039368
41.7785 0.475691 -0.17438 -0.0381777
41.8995 0.475725 -0.174492 -0.0392636
41.9846 0.475669 -0.174423 -0.0401858
42.0942 0.475511 -0.174487 -0.0397059
42.1945 0.475617 -0.174659 -0.0404111
42.3046 0.475716 -0.174571 -0.039422
42.3957 0.475778 -0.174638 -0.0401375
42.4873 0.475711 -0.174508 -0.0392691
42.5617 0.475812 -0.174508 -0.039044
42.6619 0.47567 -0.174803 -0.0393466
42.7933 0.475673 -0.174626 -0.0399362
42.8811 0.475607 -0.174711 -0.0400848
42.9807 0.475715 -0.174627 -0.0400333
43.0726 0.475632 -0.174671 -0.0393941
43.1781 0.475693 -0.174611 -0.0395015
43.2949 0.475642 -0.174549 -0.0391792
43.4263 0.475629 -0.174619 -0.0399197
43.5206 0.475781 -0.174623 -0.0399221
43.6371 0.475657 -0.174435 -0.0393956
43.7261 0.475724 -0.17462 -0.0389998
43.8334 0.475807 -0.174548 -0.0401168
43.9412 0.475774 -0.174486 -0.0396592
44.0496 0.475748 -0.174584 -0.0401403
44.1272 0.475626 -0.174625 -0.0388677
44.2171 0.475822 -0.174636 -0.0403937
44.3337 0.475751 -0.174492 -0.0394543
44.4541 0.475682 -0.174454 -0.0395759
44.5482 0.475818 -0.174334 -0.0390521
44.6498 0.47556 -0.174199 -0.0399123
44.7564 0.475909 -0.174401 -0.0395351
44.8507 0.475743 -0.174406 -0.039656
44.9422 0.475857 -0.174461 -0.038796
45.0329 0.475747 -0.174572 -0.0390854
45.1223 0.475787 -0.17454 -0.0399063
45.2118 0.475603 -0.174473 -0.0401162
45.3134 0.475769 -0.174491 -0.0393225
45.4092 0.475791 -0.174629 -0.0396992
45.5025 0.475849 -0.174358 -0.0395247
45.6166 0.475852 -0.174342 -0.0392991
45.7162 0.475797 -0.174479 -0.0379501
45.8141 0.475528 -0.174484 -0.0399439
