-2.38419e-07 0.404342 0.102345 -0.0807201
0.0662999 0.404331 0.102303 -0.0806359
0.167164 0.404319 0.102347 -0.0803827
0.2634 0.404357 0.102324 -0.0813276
0.348417 0.404303 0.102392 -0.080326
0.432623 0.404421 0.102281 -0.080406
0.516225 0.404333 0.102378 -0.0805108
0.598729 0.404347 0.102345 -0.0810856
0.687348 0.404336 0.102345 -0.0802972
0.77207 0.404337 0.102351 -0.0803007
0.853875 0.404382 0.102332 -0.081247
0.939867 0.404374 0.102404 -0.0810803
1.04024 0.404381 0.102342 -0.0811819
1.14187 0.404358 0.102338 -0.080858
1.23727 0.404307 0.102265 -0.0806368
1.31688 0.404308 0.102367 -0.080789
1.41629 0.404331 0.102334 -0.081109
1.52501 0.404268 0.10236 -0.0797742
1.61261 0.404349 0.102395 -0.0807417
1.71642 0.404333 0.102311 -0.0805883
1.80045 0.404362 0.102337 -0.08135
1.88813 0.404318 0.102371 -0.0809506
1.98435 0.404312 0.102352 -0.0799707
2.07014 0.404381 0.10241 -0.0817707
2.16895 0.404391 0.102318 -0.080722
2.25708 0.404367 0.102409 -0.0811187
2.34371 0.404307 0.102362 -0.0802276
2.45933 0.40426 0.102324 -0.0796525
2.5444 0.404359 0.102321 -0.081478
2.63945 0.404289 0.102334 -0.0807581
2.73552 0.404363 0.102306 -0.0814454
2.82154 0.404304 0.102271 -0.081098
2.93011 0.404268 0.102288 -0.0807129
3.01984 0.404314 0.102283 -0.0803281
3.12174 0.404326 0.102358 -0.0810074
3.21892 0.404322 0.102393 -0.0805819
3.31331 0.40438 0.102348 -0.0819666
3.39377 0.404346 0.102379 -0.0806741
3.48139 0.404354 0.10231 -0.0811823
3.58155 0.404335 0.102317 -0.0808238
3.66444 0.404381 0.102399 -0.0814862
3.78174 0.404363 0.102355 -0.0810833
3.86559 0.404321 0.102339 -0.080931
3.95383 0.40441 0.102288 -0.0803231
4.0525 0.404337 0.1024 -0.0804745
4.14583 0.404294 0.102287 -0.0801861
4.24531 0.404361 0.102367 -0.0809401
4.33024 0.404413 0.102372 -0.0815515
4.41494 0.404271 0.102324 -0.0800948
4.51651 0.404326 0.102339 -0.0810247
4.59842 0.40438 0.102375 -0.0820865
4.68875 0.404357 0.102391 -0.0814387
4.79301 0.404311 0.102284 -0.0799194
4.87179 0.404242 0.102245 -0.0802641
4.98131 0.404292 0.102261 -0.0808071
5.06536 0.404322 0.102384 -0.081191
5.15257 0.404314 0.102373 -0.080351
5.25616 0.404342 0.10232 -0.0816107
5.34466 0.404316 0.102339 -0.080916
5.44774 0.404334 0.102349 -0.0808986
5.55533 0.404309 0.102344 -0.081305
5.64847 0.404291 0.102256 -0.0804509
5.73494 0.404337 0.102341 -0.0798875
5.83602 0.40433 0.102281 -0.0816186
5.92533 0.404292 0.102325 -0.0806886
6.02235 0.40434 0.102339 -0.0814754
6.12266 0.404315 0.102339 -0.081285
6.21856 0.404317 0.102303 -0.0814603
6.32271 0.404337 0.10231 -0.0819343
6.41946 0.404624 0.102822 -0.0809813
6.5303 0.404526 0.102687 -0.0803883
6.62292 0.404693 0.102829 -0.0815602
6.73119 0.404958 0.103091 -0.0817399
6.81931 0.404955 0.103128 -0.0807876
6.92661 0.405095 0.103245 -0.0806877
7.03221 0.405348 0.103522 -0.0816723
7.12427 0.405487 0.103867 -0.081252
7.21452 0.405716 0.104119 -0.0802234
7.31626 0.405996 0.104594 -0.0802744
7.4021 0.406218 0.104765 -0.0800664
7.49524 0.406491 0.10513 -0.0786857
7.60021 0.406526 0.105119 -0.0775225
7.69769 0.406815 0.105598 -0.0772391
7.79595 0.40715 0.105879 -0.0759668
7.88523 0.407334 0.106054 -0.0736672
7.99199 0.407337 0.106111 -0.073466
8.08764 0.407777 0.10652 -0.0713018
8.19314 0.407842 0.106839 -0.0711958
8.27764 0.408183 0.106673 -0.0664911
8.37702 0.40828 0.106946 -0.0638671
8.46846 0.408403 0.107136 -0.061815
8.55954 0.408486 0.10703 -0.060775
8.65612 0.408657 0.107255 -0.0599306
8.74472 0.408925 0.107064 -0.0611843
8.84726 0.409244 0.107496 -0.0582361
8.9336 0.409079 0.107478 -0.0578509
9.03196 0.408943 0.107373 -0.0579549
9.13548 0.408933 0.107425 -0.0562706
9.21804 0.408756 0.107602 -0.0549675
9.32161 0.408884 0.107778 -0.0538276
9.41408 0.408904 0.107738 -0.0525302
9.51451 0.408757 0.107541 -0.0508098
9.60122 0.408541 0.107382 -0.0494261
9.69996 0.408439 0.107916 -0.0500094
9.79243 0.408332 0.108118 -0.0502886
9.87628 0.408132 0.107884 -0.0479498
9.97771 0.408036 0.107755 -0.0484354
10.0645 0.407825 0.107794 -0.0463551
10.1563 0.407843 0.107977 -0.0463823
10.265 0.407978 0.108117 -0.0445397
10.3481 0.407849 0.107775 -0.0427659
10.4572 0.40775 0.107718 -0.0425805
10.5387 0.407767 0.107903 -0.041351
10.6335 0.407103 0.107535 -0.0417529
10.7255 0.407435 0.107569 -0.0401023
10.8132 0.407475 0.107952 -0.0403675
10.916 0.407208 0.107556 -0.040117
11.0081 0.407283 0.107803 -0.0391267
11.1 0.407158 0.107527 -0.0388424
11.1936 0.407181 0.107697 -0.0384064
11.2836 0.407417 0.107551 -0.0383467
11.3826 0.407527 0.107564 -0.0391189
11.4652 0.40814 0.107716 -0.0385561
11.5709 0.409157 0.107782 -0.0392122
11.6597 0.410689 0.107849 -0.0382649
11.756 0.411891 0.107941 -0.0377331
11.8562 0.413661 0.10803 -0.0397512
11.946 0.415984 0.108315 -0.0376364
12.0552 0.41885 0.108495 -0.0380112
12.1431 0.42206 0.108668 -0.0383233
12.2576 0.425871 0.108633 -0.0345556
12.3457 0.429876 0.1089 -0.0325596
12.4505 0.432501 0.108942 -0.032962
12.5407 0.435899 0.109135 -0.0340848
12.6391 0.44086 0.109903 -0.0323433
12.7282 0.443633 0.109625 -0.0313439
12.8176 0.449474 0.109164 -0.0307257
12.9189 0.45382 0.109925 -0.0283264
13.0058 0.459918 0.109791 -0.0255598
13.1084 0.463804 0.109663 -0.0259666
13.2037 0.46837 0.110474 -0.0290987
13.3007 0.471855 0.110511 -0.0300589
13.3902 0.478522 0.110067 -0.0274335
13.4822 0.484705 0.110311 -0.0258678
13.5905 0.490125 0.110243 -0.0247285
13.6769 0.497464 0.109731 -0.0240697
13.7813 0.502383 0.109583 -0.0246728
13.8699 0.508289 0.109817 -0.025926
13.9633 0.513977 0.109602 -0.0245346
14.0611 0.517706 0.109822 -0.0264553
14.1534 0.52488 0.109191 -0.024815
14.2432 0.529795 0.109109 -0.024806
14.3324 0.536314 0.108667 -0.0236377
14.4298 0.541537 0.108053 -0.0246364
14.5268 0.546574 0.108133 -0.0237943
14.6123 0.552943 0.107693 -0.0235493
14.716 0.557032 0.107173 -0.0237985
14.8037 0.562104 0.106848 -0.0270946
14.9086 0.566197 0.106285 -0.024217
15.0026 0.570922 0.106017 -0.0226229
15.0936 0.576061 0.105466 -0.0237732
15.1907 0.579475 0.10486 -0.0231855
15.2814 0.584023 0.104996 -0.0241363
15.3894 0.587224 0.104234 -0.0249936
15.471 0.590541 0.104099 -0.0254846
15.584 0.593268 0.103582 -0.0256518
15.6837 0.596076 0.103261 -0.0258959
15.7611 0.598011 0.103092 -0.0256698
15.864 0.599639 0.102773 -0.026528
15.9576 0.60118 0.102673 -0.02666
16.0438 0.601885 0.102349 -0.0270608
16.1459 0.602587 0.1022 -0.0280004
16.2289 0.603316 0.102305 -0.0280936
16.3407 0.603369 0.102401 -0.0280903
16.4309 0.603577 0.102357 -0.0283691
16.5313 0.60383 0.102221 -0.0277157
16.6269 0.60369 0.101967 -0.0281003
16.7109 0.603742 0.101598 -0.0282067
16.8084 0.603937 0.10117 -0.0275666
16.9027 0.603911 0.100711 -0.0287022
17.0003 0.604293 0.0999232 -0.0280545
17.0992 0.604504 0.0992168 -0.0276475
17.2121 0.604972 0.0980491 -0.0273339
17.296 0.605098 0.0970622 -0.0271
17.3849 0.605832 0.0961513 -0.025618
17.4743 0.605671 0.0952751 -0.0264088
17.5719 0.605731 0.0938437 -0.0264456
17.6672 0.606345 0.092483 -0.0260027
17.7646 0.606719 0.0911598 -0.0277869
17.8608 0.607106 0.08956 -0.0245759
17.9464 0.607514 0.0881834 -0.0259028
18.0444 0.607812 0.0868383 -0.0274237
18.1463 0.60829 0.0846345 -0.0265315
18.232 0.608651 0.0832248 -0.0273066
18.3284 0.609372 0.0813092 -0.0251052
18.4209 0.609714 0.0791617 -0.0263949
18.5194 0.610225 0.0771579 -0.0256786
18.622 0.610567 0.0748169 -0.0262545
18.7114 0.610756 0.0730747 -0.0264287
18.8092 0.61136 0.0703129 -0.0245899
18.8984 0.611694 0.0685025 -0.0254239
18.9978 0.612285 0.0656711 -0.0254641
19.0958 0.61255 0.0633428 -0.0258342
19.1729 0.613023 0.061021 -0.0250671
19.2674 0.613417 0.0582029 -0.0258373
19.3705 0.613942 0.0554013 -0.0259734
19.4644 0.614749 0.0534059 -0.0260995
19.5625 0.615109 0.0499818 -0.0263236
19.6592 0.615724 0.0468481 -0.0253099
19.751 0.616344 0.0445139 -0.0262128
19.8604 0.617103 0.040393 -0.0240536
19.9396 0.617401 0.038051 -0.025179
20.0406 0.617698 0.035353 -0.0255911
20.1343 0.618427 0.0321291 -0.025605
20.2325 0.619258 0.0289463 -0.0245195
20.3434 0.619348 0.0248119 -0.0256709
20.4168 0.620299 0.022537 -0.0250965
20.5269 0.620594 0.0187267 -0.0242747
20.6059 0.620557 0.0157562 -0.0248981
20.7 0.620623 0.0122019 -0.0263663
20.8055 0.621919 0.00830269 -0.0233748
20.9026 0.62177 0.0047798 -0.02486
20.9909 0.622056 0.00186117 -0.025701
21.0804 0.622889 -0.00214 -0.0240119
21.1923 0.622854 -0.00629725 -0.0251001
21.2763 0.623015 -0.0091822 -0.0233456
21.3815 0.62281 -0.0136106 -0.0257753
21.4735 0.623383 -0.016501 -0.0253772
21.5683 0.62349 -0.0206486 -0.0252176
21.6678 0.624124 -0.0247368 -0.024352
21.7642 0.624504 -0.0282165 -0.0246638
21.8627 0.624323 -0.0320804 -0.0248012
21.9492 0.624853 -0.0355956 -0.0258153
22.0619 0.625197 -0.0401465 -0.0239966
22.1532 0.62479 -0.0436643 -0.0245468
22.2481 0.625263 -0.0474252 -0.0250916
22.3553 0.625432 -0.0514154 -0.0240228
22.445 0.624823 -0.0554259 -0.0250882
22.5378 0.625151 -0.058925 -0.0257354
22.6282 0.624878 -0.0628059 -0.0263009
22.7333 0.624617 -0.0667418 -0.0268027
22.8248 0.626315 -0.0715031 -0.0203048
22.9209 0.624861 -0.0754685 -0.0235271
23.0137 0.624718 -0.0794299 -0.0224862
23.1183 0.624182 -0.0831983 -0.0254365
23.2158 0.624239 -0.0867077 -0.0221381
23.3123 0.623319 -0.0908482 -0.022966
23.4088 0.62377 -0.0948236 -0.0214498
23.5126 0.622699 -0.098736 -0.0217711
23.6163 0.622682 -0.102228 -0.019968
23.711 0.622167 -0.105412 -0.019724
23.8059 0.621972 -0.109498 -0.0181102
23.8991 0.621527 -0.112862 -0.0184922
23.991 0.62084 -0.116234 -0.0187374
24.1008 0.620327 -0.12039 -0.0183585
24.2004 0.61975 -0.123761 -0.0180218
24.2996 0.619536 -0.127574 -0.0163826
24.3921 0.618888 -0.130456 -0.0175546
24.4919 0.618142 -0.134313 -0.0159387
24.5877 0.617927 -0.137124 -0.0171772
24.6833 0.618 -0.14049 -0.0163359
24.7665 0.616523 -0.143906 -0.0162978
24.856 0.616534 -0.147001 -0.0167399
24.9566 0.615858 -0.150003 -0.0167136
25.0566 0.615735 -0.152931 -0.0163926
25.1574 0.615114 -0.156544 -0.0163392
25.2524 0.614016 -0.15854 -0.0163244
25.348 0.613768 -0.162399 -0.0167027
25.4404 0.613166 -0.165331 -0.0161926
25.5388 0.612729 -0.168089 -0.0164094
25.6525 0.612468 -0.17101 -0.0163847
25.7416 0.611683 -0.173565 -0.0186146
25.83 0.611466 -0.176361 -0.0181174
25.9157 0.610971 -0.178112 -0.0185149
26.0251 0.610719 -0.18108 -0.0184484
26.1229 0.609612 -0.183935 -0.0198376
26.2244 0.608697 -0.186105 -0.019502
26.3124 0.608196 -0.187804 -0.0193336
26.4255 0.607803 -0.190832 -0.0190359
26.5221 0.607739 -0.192846 -0.0196189
26.616 0.607058 -0.194291 -0.0194483
26.705 0.606513 -0.195971 -0.0198704
26.7975 0.605281 -0.198141 -0.0199279
26.9103 0.605963 -0.200442 -0.0173215
26.9965 0.605039 -0.200811 -0.0176376
27.1056 0.604149 -0.20212 -0.0174905
27.1908 0.60405 -0.203576 -0.016032
27.2903 0.604089 -0.205228 -0.0164837
27.3871 0.603362 -0.206473 -0.0172691
27.4863 0.603566 -0.207715 -0.0166375
27.5838 0.602391 -0.208494 -0.0164783
27.69 0.602544 -0.209454 -0.0169436
27.7739 0.601135 -0.209784 -0.016255
27.87 0.601094 -0.210711 -0.0170633
27.9674 0.601079 -0.212089 -0.0179302
28.07 0.600851 -0.212353 -0.0173333
28.1827 0.601149 -0.213037 -0.0178311
28.2787 0.600594 -0.213243 -0.018906
28.3886 0.600087 -0.213259 -0.0194704
28.507 0.600067 -0.213058 -0.0197209
28.5993 0.600208 -0.213296 -0.0196167
28.6909 0.600158 -0.213383 -0.0193022
28.7781 0.600174 -0.213279 -0.0196941
28.8658 0.600011 -0.213192 -0.0192017
28.9514 0.600053 -0.213383 -0.018925
29.041 0.599919 -0.213458 -0.019677
29.1243 0.600831 -0.213795 -0.0182617
29.2142 0.600519 -0.213901 -0.0187265
29.31 0.600641 -0.214099 -0.0175813
29.4056 0.600757 -0.214359 -0.0168438
29.5285 0.601 -0.214764 -0.0155742
29.6271 0.601012 -0.214892 -0.0146107
29.7245 0.600996 -0.214958 -0.0143621
29.8161 0.601516 -0.215153 -0.0135738
29.9215 0.600937 -0.215263 -0.0121329
30.0007 0.601153 -0.2155 -0.012686
30.094 0.601283 -0.21558 -0.0113262
30.1748 0.601374 -0.215714 -0.0107409
30.2595 0.601119 -0.21566 -0.0103191
30.3666 0.60097 -0.216083 -0.00985124
30.4521 0.600903 -0.216045 -0.0089037
30.5796 0.601209 -0.215914 -0.00933486
30.6706 0.601453 -0.21599 -0.00833471
30.7628 0.600958 -0.215353 -0.00955601
30.8448 0.601148 -0.214001 -0.00951618
30.9492 0.600997 -0.211786 -0.00985992
31.0427 0.601165 -0.209794 -0.0107952
31.1357 0.601379 -0.206881 -0.0115594
31.2311 0.601588 -0.204225 -0.012663
31.327 0.60185 -0.201459 -0.0130574
31.4287 0.601394 -0.198236 -0.0146503
31.5225 0.6019 -0.193795 -0.0122993
31.6256 0.602188 -0.189667 -0.01468
31.7146 0.602002 -0.186321 -0.016218
31.8052 0.602243 -0.183507 -0.0170201
31.8998 0.601992 -0.180904 -0.0199106
31.9984 0.60191 -0.178184 -0.0204915
32.1111 0.601458 -0.175144 -0.0229253
32.1963 0.601256 -0.173815 -0.0241928
32.2867 0.600981 -0.172055 -0.0243601
32.3735 0.601122 -0.171821 -0.0250738
32.476 0.600972 -0.171123 -0.0259541
32.563 0.600606 -0.170025 -0.0255835
32.6711 0.600611 -0.17008 -0.0240678
32.7881 0.600688 -0.171022 -0.0237601
32.8832 0.600769 -0.172159 -0.0227405
32.9886 0.600867 -0.173732 -0.0224989
33.0919 0.600983 -0.174483 -0.0242966
33.1787 0.600865 -0.173706 -0.025567
33.2603 0.601167 -0.174395 -0.0266588
33.3721 0.601171 -0.175043 -0.0267557
33.4863 0.60096 -0.175335 -0.0284759
33.5928 0.60242 -0.175836 -0.0286258
33.6904 0.601394 -0.176065 -0.0288034
33.7983 0.601753 -0.176004 -0.0283301
33.8933 0.601922 -0.17629 -0.0280409
33.993 0.602865 -0.176042 -0.0280235
34.1065 0.603265 -0.176323 -0.0281703
34.2157 0.602574 -0.176559 -0.0286234
34.3127 0.60233 -0.176124 -0.0282828
34.4041 0.602933 -0.17633 -0.0288012
34.5039 0.602728 -0.17631 -0.0288472
34.6055 0.602486 -0.17659 -0.0293291
34.7349 0.603319 -0.176569 -0.028197
34.8518 0.602376 -0.176474 -0.0289103
34.9353 0.603401 -0.176498 -0.028582
35.0242 0.602358 -0.176345 -0.0292419
35.1341 0.60216 -0.176476 -0.0285706
35.2479 0.602856 -0.17661 -0.0284287
35.3485 0.602734 -0.176612 -0.0294463
35.4543 0.603556 -0.176915 -0.0282845
35.5564 0.603486 -0.176943 -0.0294573
35.6502 0.60377 -0.177102 -0.0283986
35.7516 0.603192 -0.176535 -0.0292164
35.8747 0.602383 -0.176462 -0.0300161
35.9881 0.60243 -0.176655 -0.029042
36.0904 0.603618 -0.176827 -0.0289414
36.1875 0.604022 -0.177086 -0.0293328
36.2909 0.603804 -0.176946 -0.0289529
36.3833 0.602257 -0.176617 -0.0296169
36.4815 0.603363 -0.177097 -0.029866
36.5633 0.602701 -0.17673 -0.0299439
36.6845 0.602602 -0.177037 -0.0296813
36.7605 0.603111 -0.177037 -0.0295806
36.8528 0.602923 -0.177245 -0.029835
36.9774 0.603623 -0.177215 -0.0291361
37.0686 0.603766 -0.177401 -0.0301643
37.1629 0.603971 -0.177028 -0.0291457
37.2728 0.604456 -0.177028 -0.0293271
37.3625 0.602821 -0.176901 -0.0293824
37.4619 0.602328 -0.176688 -0.0288786
37.5513 0.602446 -0.176659 -0.0290326
37.6456 0.603734 -0.177234 -0.0294699
37.7499 0.603504 -0.177093 -0.0302288
37.8483 0.602693 -0.176817 -0.0296996
37.9401 0.602876 -0.177169 -0.0296291
38.0334 0.603832 -0.177106 -0.0300327
38.1269 0.604202 -0.17722 -0.0294715
38.2227 0.602572 -0.177084 -0.0296821
38.3194 0.604377 -0.177136 -0.029552
38.4115 0.604134 -0.177153 -0.0294863
38.5325 0.60403 -0.177122 -0.0292879
38.6127 0.604148 -0.176998 -0.0296479
38.7257 0.603117 -0.176818 -0.0304291
38.8272 0.603359 -0.177073 -0.0298523
38.9274 0.604191 -0.17712 -0.0300443
39.03 0.603687 -0.177081 -0.0299869
39.1387 0.603795 -0.177059 -0.028903
39.2363 0.603054 -0.177005 -0.0297564
39.3228 0.603988 -0.177183 -0.0303798
39.411 0.603899 -0.176742 -0.0294062
39.5078 0.603532 -0.177024 -0.0295384
39.6049 0.603873 -0.177013 -0.0301577
39.7244 0.60325 -0.17672 -0.0305875
39.8216 0.602839 -0.176762 -0.0302141
39.9151 0.603052 -0.176714 -0.0291292
40.0028 0.603597 -0.177003 -0.0294723
40.1012 0.603735 -0.177097 -0.0294755
40.204 0.604447 -0.177225 -0.0300893
40.2948 0.60383 -0.176913 -0.0303112
40.4018 0.603761 -0.177056 -0.0305022
40.4904 0.602872 -0.176912 -0.0306616
40.5871 0.603586 -0.176829 -0.0299353
40.6801 0.603857 -0.177112 -0.0300262
40.7643 0.603592 -0.176592 -0.0301764
40.8448 0.604543 -0.176897 -0.0291623
40.9466 0.603428 -0.176976 -0.0300413
41.0699 0.603392 -0.176742 -0.0297101
41.183 0.604185 -0.177268 -0.0303382
41.2946 0.603138 -0.177009 -0.0306701
41.3858 0.603196 -0.176811 -0.0300122
41.4659 0.603073 -0.176891 -0.0299855
41.5581 0.603892 -0.176993 -0.0295384
41.6651 0.603652 -0.17707 -0.0294287
41.7785 0.603826 -0.17711 -0.0298838
41.8995 0.603213 -0.176944 -0.0303534
41.9846 0.603306 -0.177015 -0.0304297
42.0942 0.602626 -0.177054 -0.0306554
42.1945 0.603656 -0.176902 -0.0294775
42.3046 0.603885 -0.177147 -0.0299752
42.3957 0.603155 -0.177124 -0.0314439
42.4873 0.603828 -0.177129 -0.0299203
42.5617 0.603307 -0.177183 -0.0303806
42.6619 0.603235 -0.176956 -0.0293304
42.7933 0.60433 -0.177285 -0.0300332
42.8811 0.60373 -0.177116 -0.0298637
42.9807 0.602577 -0.177 -0.0301617
43.0726 0.603216 -0.177222 -0.030345
43.1781 0.602902 -0.177113 -0.0297662
43.2949 0.602938 -0.176986 -0.0301608
43.4263 0.603458 -0.177111 -0.0310128
43.5206 0.602297 -0.176781 -0.0309339
43.6371 0.603748 -0.177058 -0.0301407
43.7261 0.603861 -0.177044 -0.030031
43.8334 0.603475 -0.177133 -0.0303347
43.9412 0.603942 -0.177229 -0.0305495
44.0496 0.60311 -0.177095 -0.0301265
44.1272 0.603796 -0.176854 -0.0305795
44.2171 0.602667 -0.176932 -0.0308027
44.3337 0.602601 -0.176779 -0.0309021
44.4541 0.604083 -0.176822 -0.0293828
44.5482 0.602946 -0.176714 -0.0296399
44.6498 0.604016 -0.176913 -0.0303812
44.7564 0.602831 -0.17685 -0.0307856
44.8507 0.603329 -0.176835 -0.0299804
44.9422 0.603385 -0.176907 -0.0303551
45.0329 0.60421 -0.176946 -0.0292352
45.1223 0.603243 -0.176916 -0.0297859
45.2118 0.603423 -0.177033 -0.0300001
45.3134 0.603239 -0.176911 -0.0304553
45.4092 0.603028 -0.177013 -0.0300682
45.5025 0.602956 -0.176879 -0.0303624
45.6166 0.603119 -0.176723 -0.0302864
45.7162 0.603075 -0.17712 -0.028956
45.8141 0.603714 -0.176946 -0.0304451
