0.000106096 0.307309 0.151703 -0.0708698 0
0.0782216 0.306984 0.151564 -0.0704901 0
0.174698 0.307157 0.15174 -0.0712123 0
0.271582 0.307191 0.151566 -0.0703917 0
0.350841 0.307104 0.151663 -0.0715524 0
0.433344 0.307094 0.151576 -0.0700632 0
0.517273 0.30729 0.151585 -0.0706804 0
0.605361 0.307242 0.151568 -0.0711021 0
0.693079 0.307063 0.151565 -0.0712606 0
0.771106 0.30727 0.151561 -0.070349 0
0.883911 0.307259 0.151674 -0.0715313 0
0.949052 0.30715 0.151587 -0.0705597 0
1.03768 0.307123 0.151608 -0.0711083 0
1.14101 0.307273 0.151646 -0.0716505 0
1.23338 0.307093 0.151614 -0.071598 0
1.33057 0.307182 0.151688 -0.0718221 0
1.43167 0.306988 0.151577 -0.0708841 0
1.51976 0.307143 0.151599 -0.0709118 0
1.62722 0.307169 0.151613 -0.0715772 0
1.7122 0.306987 0.151604 -0.0705659 0
1.80135 0.307303 0.151655 -0.071008 0
1.89481 0.307196 0.151666 -0.0704835 0
1.98515 0.307186 0.151701 -0.0705564 0
2.10041 0.307174 0.1515 -0.0715428 0
2.1789 0.307279 0.151538 -0.0711271 0
2.26064 0.306826 0.151418 -0.0707931 0
2.3606 0.3072 0.151698 -0.0712401 0
2.4492 0.307173 0.151583 -0.0703767 0
2.54766 0.306899 0.151491 -0.0714001 0
2.6358 0.307037 0.15165 -0.0710934 0
2.72173 0.307071 0.151547 -0.0714853 0
2.83044 0.307142 0.151574 -0.0711661 0
2.93389 0.307166 0.151538 -0.0710714 0
3.03863 0.307012 0.151514 -0.0705492 0
3.13879 0.307065 0.151607 -0.0709672 0
3.23961 0.306989 0.151705 -0.0717219 0
3.335 0.30713 0.151573 -0.0705857 0
3.42733 0.306749 0.151659 -0.0719601 0
3.51091 0.306859 0.151658 -0.0725038 0
3.61438 0.30726 0.151659 -0.0719447 0
3.70364 0.307006 0.151597 -0.0708845 0
3.79866 0.307265 0.151684 -0.0707977 0
3.89283 0.307256 0.151651 -0.0700881 0
3.98677 0.307072 0.151658 -0.0715982 0
4.08587 0.307068 0.151572 -0.0700275 0
4.19078 0.307135 0.151622 -0.0707884 0
4.29817 0.307123 0.15156 -0.0711431 0
4.39044 0.307222 0.151652 -0.069895 0
4.50057 0.307023 0.151641 -0.0704085 0
4.58477 0.307173 0.15152 -0.0699519 0
4.69116 0.307164 0.151498 -0.0713485 0
4.77603 0.307128 0.151572 -0.0701943 0
4.88118 0.307086 0.151493 -0.0702842 0
4.979 0.307122 0.151676 -0.0708844 0
5.09194 0.307226 0.151532 -0.0704208 0
5.1917 0.307196 0.151611 -0.0707053 0
5.26447 0.307106 0.151606 -0.0703427 0
5.36445 0.307129 0.151514 -0.070998 0
5.45705 0.307155 0.151666 -0.0722633 0
5.56495 0.307205 0.151686 -0.0712281 0
5.66227 0.307003 0.151446 -0.0706705 0
5.75801 0.307074 0.151663 -0.0707316 0
5.8392 0.30674 0.151447 -0.0705802 0
5.93844 0.30721 0.151662 -0.0725641 0
6.03234 0.3074 0.151844 -0.0702505 0
6.14492 0.307154 0.151964 -0.0714186 0
6.23695 0.307084 0.151942 -0.0707843 0
6.32968 0.30759 0.152163 -0.0711198 0
6.42613 0.307357 0.152092 -0.0700203 0
6.51495 0.307692 0.152444 -0.0689245 0
6.61663 0.30786 0.152598 -0.0687918 0
6.70518 0.308222 0.152789 -0.0680329 0
6.79869 0.307991 0.153112 -0.0694017 0
6.90035 0.308359 0.153213 -0.0676939 0
7.00008 0.308533 0.153479 -0.0673775 0
7.09631 0.308515 0.153459 -0.0679812 0
7.18917 0.308804 0.153744 -0.0672246 0
7.29125 0.308976 0.153844 -0.0655277 0
7.37853 0.308458 0.15399 -0.0645916 0
7.48634 0.308186 0.154117 -0.0644793 0
7.57039 0.308835 0.154083 -0.0634238 0
7.66753 0.309029 0.154404 -0.0625606 0
7.75974 0.308866 0.154368 -0.061926 0
7.84819 0.308943 0.154952 -0.0625092 0
7.94965 0.309099 0.154978 -0.0603633 0
8.03458 0.308762 0.155004 -0.0595095 0
8.13041 0.309033 0.155253 -0.0591194 0
8.2387 0.309546 0.155531 -0.0577266 0
8.32334 0.310063 0.155858 -0.0568455 0
8.42507 0.31068 0.156214 -0.0550374 0
8.51202 0.310821 0.156388 -0.0548382 0
8.6177 0.311403 0.156535 -0.0533102 0
8.70944 0.311361 0.156676 -0.0517448 0
8.81743 0.311982 0.156969 -0.0512539 0
8.90094 0.310695 0.156725 -0.0507706 0
8.98919 0.31142 0.157351 -0.0499037 0
9.09401 0.311281 0.157229 -0.0496444 0
9.18224 0.312117 0.157142 -0.0473735 0
9.29082 0.312491 0.15753 -0.0470288 0
9.37838 0.312601 0.157395 -0.0460028 0
9.48583 0.312619 0.157409 -0.0444358 0
9.57045 0.312221 0.157391 -0.0432122 0
9.6597 0.310787 0.157125 -0.0441111 0
9.75865 0.311087 0.157253 -0.0436469 0
9.85267 0.31134 0.157336 -0.0424873 0
9.95113 0.309656 0.156863 -0.0415754 0
10.0473 0.310094 0.157059 -0.0406206 0
10.154 0.309959 0.157075 -0.040011 1
10.2314 0.310382 0.157181 -0.0395153 1
10.3243 0.310787 0.157109 -0.0381004 1
10.4205 0.310412 0.156931 -0.0384559 1
10.5102 0.310381 0.156979 -0.0385376 1
10.6286 0.310745 0.15699 -0.0363959 1
10.7031 0.31081 0.157129 -0.036254 1
10.8015 0.310455 0.156913 -0.0369333 1
10.8955 0.310937 0.157063 -0.0368202 1
10.9876 0.310733 0.15693 -0.0360688 1
11.0833 0.31141 0.156919 -0.036789 1
11.1761 0.311964 0.157231 -0.0366522 1
11.291 0.312686 0.157106 -0.0370264 1
11.3868 0.31571 0.157453 -0.0349323 1
11.4818 0.316888 0.157573 -0.0347577 1
11.5633 0.318671 0.157653 -0.0343156 1
11.6509 0.319562 0.157767 -0.0343876 1
11.7553 0.32133 0.157759 -0.0349994 1
11.8494 0.325283 0.158219 -0.0322401 1
11.9595 0.327767 0.158433 -0.0322814 1
12.0481 0.331386 0.158498 -0.0307375 1
12.1583 0.33617 0.158768 -0.0292707 1
12.2563 0.339291 0.158593 -0.0275979 1
12.357 0.343788 0.159212 -0.0277023 1
12.4379 0.348748 0.159326 -0.0276469 1
12.5288 0.351373 0.159239 -0.026022 1
12.6205 0.355121 0.159553 -0.0252251 1
12.7138 0.360582 0.15998 -0.0251165 1
12.8135 0.365244 0.159743 -0.0251592 1
12.9029 0.369353 0.159852 -0.0247322 1
12.9908 0.373647 0.160082 -0.0250451 1
13.0843 0.377725 0.159511 -0.0220589 1
13.1772 0.383845 0.159993 -0.0221214 1
13.2848 0.386469 0.159221 -0.0223768 1
13.3729 0.393477 0.158991 -0.0202915 1
13.4721 0.398625 0.159501 -0.020597 1
13.5617 0.401537 0.159235 -0.0217424 1
13.653 0.405863 0.159094 -0.0212505 1
13.7481 0.410574 0.158978 -0.0217866 1
13.8403 0.416253 0.158864 -0.0219377 1
13.948 0.419693 0.158332 -0.0222396 1
14.0283 0.426936 0.158494 -0.02028 1
14.1292 0.429354 0.157472 -0.0214141 1
14.2281 0.435217 0.157599 -0.0205579 1
14.3261 0.439516 0.157228 -0.0203701 1
14.4209 0.442608 0.156467 -0.020583 1
14.5183 0.447039 0.156179 -0.0214182 1
14.6159 0.451381 0.155673 -0.0201995 1
14.7176 0.45406 0.155296 -0.0219415 1
14.8015 0.458837 0.155105 -0.0199488 1
14.8942 0.460735 0.154295 -0.0214627 1
14.9803 0.464763 0.154478 -0.021875 1
15.0901 0.466765 0.153955 -0.0212643 1
15.1817 0.468853 0.15349 -0.0247729 1
15.269 0.470661 0.15345 -0.0232841 1
15.3611 0.472737 0.153002 -0.0221148 1
15.4614 0.474047 0.152862 -0.0243601 2
15.5486 0.475207 0.152697 -0.0234627 2
15.642 0.476289 0.152703 -0.0254964 2
15.7449 0.476459 0.152379 -0.0257115 2
15.8397 0.476347 0.152575 -0.0276951 2
15.935 0.476234 0.152324 -0.0258217 2
16.0378 0.476578 0.152194 -0.0280564 2
16.1339 0.476616 0.151748 -0.0262374 2
16.2375 0.477118 0.151299 -0.027931 2
16.3315 0.477071 0.15082 -0.0280078 2
16.4269 0.477267 0.150481 -0.0281191 2
16.5149 0.477746 0.149794 -0.0276498 2
16.6145 0.477961 0.148955 -0.0232789 2
16.7 0.478662 0.148016 -0.0247887 2
16.7895 0.47862 0.146781 -0.025185 2
16.8965 0.478901 0.145067 -0.0226634 2
16.9794 0.479293 0.143647 -0.022477 2
17.0766 0.480065 0.142653 -0.0235666 2
17.1669 0.480617 0.141019 -0.023334 2
17.2723 0.48097 0.13955 -0.022656 2
17.3736 0.481296 0.137938 -0.0235507 2
17.4662 0.482256 0.136259 -0.0235186 2
17.5598 0.481567 0.133879 -0.0268363 2
17.6524 0.48315 0.13147 -0.0214723 2
17.7571 0.48322 0.129157 -0.0231459 2
17.8457 0.483345 0.127542 -0.0253645 2
17.9314 0.483929 0.125329 -0.024048 2
18.0349 0.484218 0.122678 -0.0275831 2
18.1371 0.485231 0.119752 -0.0220861 2
18.2353 0.486424 0.117337 -0.0216034 2
18.3308 0.487913 0.114978 -0.0215302 2
18.4288 0.488046 0.112118 -0.0243584 2
18.519 0.488467 0.108885 -0.0201681 2
18.6225 0.49006 0.106538 -0.0191076 2
18.7053 0.491586 0.104447 -0.0202883 2
18.8136 0.490941 0.100043 -0.0204503 2
18.9019 0.490879 0.0967099 -0.0208159 2
18.9927 0.491256 0.0939362 -0.0247345 2
19.0868 0.491314 0.0900328 -0.0268575 2
19.1773 0.494087 0.0873614 -0.0186716 2
19.2776 0.493834 0.083655 -0.0224761 2
19.3647 0.494958 0.0806458 -0.0233891 2
19.4605 0.495326 0.0765831 -0.0192593 2
19.5591 0.496366 0.0736279 -0.0188711 2
19.6486 0.496909 0.0697092 -0.0212281 2
19.7571 0.497305 0.0649838 -0.0176131 2
19.8462 0.497339 0.0616044 -0.0227374 2
19.9451 0.497583 0.0578452 -0.0233981 2
20.0423 0.498216 0.0533655 -0.0213758 2
20.1365 0.49908 0.0493758 -0.0236183 2
20.2333 0.499405 0.0449879 -0.0225509 2
20.3311 0.499984 0.0417217 -0.0217181 2
20.4327 0.500015 0.0367613 -0.0230637 2
20.5245 0.501579 0.0333862 -0.0195381 2
20.6245 0.50181 0.0284286 -0.0217769 2
20.7271 0.502199 0.0231117 -0.0192902 2
20.8058 0.502595 0.0205748 -0.0195565 2
20.9027 0.503342 0.0163458 -0.0164806 2
20.9965 0.503347 0.0121963 -0.0189414 2
21.0993 0.502881 0.0072422 -0.0215014 2
21.1878 0.504634 0.00347778 -0.0173507 2
21.2849 0.503161 -0.00179243 -0.0231795 2
21.3792 0.503357 -0.00679192 -0.0192664 2
21.4727 0.504834 -0.0102445 -0.0208633 2
21.5734 0.503862 -0.015864 -0.0204151 2
21.6662 0.504359 -0.0196802 -0.0222758 2
21.7703 0.504249 -0.0244645 -0.0229749 2
21.8703 0.50405 -0.0293215 -0.0219108 2
21.9492 0.503787 -0.0337279 -0.0222137 2
22.0514 0.504128 -0.0380964 -0.0196246 2
22.1607 0.503106 -0.0441983 -0.022754 2
22.247 0.503341 -0.0481517 -0.0190564 2
22.3454 0.503337 -0.0516869 -0.0204966 2
22.4415 0.503104 -0.0574253 -0.0205623 2
22.5345 0.50275 -0.06172 -0.0234554 2
22.6327 0.502691 -0.0664374 -0.0219579 2
22.7348 0.502241 -0.0707415 -0.0218963 2
22.8344 0.502126 -0.0762404 -0.023962 2
22.9182 0.501659 -0.0792707 -0.0235539 2
23.0152 0.501648 -0.086327 -0.0263994 2
23.1067 0.500861 -0.0908279 -0.0216926 2
23.2166 0.500628 -0.0951732 -0.0248824 2
23.3114 0.499615 -0.0993132 -0.0226807 2
23.3938 0.498795 -0.102977 -0.0207025 2
23.5005 0.497804 -0.107949 -0.0210388 2
23.5876 0.496797 -0.112262 -0.0169524 2
23.6872 0.496841 -0.116871 -0.0177539 2
23.7762 0.49512 -0.120563 -0.0111188 2
23.8752 0.49457 -0.123997 -0.0133408 2
23.9731 0.493364 -0.128553 -0.00874406 2
24.0669 0.492819 -0.130686 -0.0131127 2
24.1624 0.491847 -0.135032 -0.0135707 2
24.2609 0.491487 -0.139096 -0.0129262 2
24.3553 0.491522 -0.142848 -0.0206709 2
24.4484 0.491154 -0.146931 -0.0191579 2
24.549 0.490192 -0.150241 -0.018828 2
24.6451 0.488214 -0.154082 -0.0203703 2
24.7296 0.486774 -0.156598 -0.0193877 2
24.8288 0.486022 -0.160013 -0.0196479 2
24.9183 0.485449 -0.16308 -0.0201322 2
25.0113 0.484346 -0.165926 -0.0183182 2
25.1154 0.483503 -0.17019 -0.0186012 2
25.2139 0.482461 -0.172511 -0.0187861 2
25.3231 0.482091 -0.176642 -0.0193919 2
25.4085 0.482098 -0.17963 -0.0217112 2
25.517 0.48143 -0.182714 -0.0226734 2
25.6141 0.480555 -0.186137 -0.0209521 2
25.7191 0.478996 -0.189059 -0.0212184 2
25.8161 0.478916 -0.192275 -0.0211261 2
25.9166 0.47795 -0.194541 -0.0222121 2
26.0163 0.47699 -0.197227 -0.0209252 2
26.1198 0.475722 -0.19976 -0.0200157 2
26.2155 0.475225 -0.201343 -0.0208946 2
26.3187 0.474194 -0.204048 -0.019739 2
26.4136 0.47201 -0.205898 -0.0186198 2
26.5179 0.470748 -0.207581 -0.0202654 2
26.609 0.470616 -0.209292 -0.022234 2
26.6976 0.470224 -0.211426 -0.0222401 2
26.7952 0.469665 -0.212735 -0.0215098 2
26.8818 0.469364 -0.213545 -0.0212259 2
26.9865 0.467874 -0.214804 -0.0221458 2
27.0782 0.46773 -0.21582 -0.0215363 2
27.1792 0.467884 -0.216978 -0.0201473 3
27.2736 0.467018 -0.217344 -0.0208666 3
27.3726 0.466717 -0.218272 -0.020414 3
27.4666 0.46585 -0.21904 -0.0211754 3
27.5612 0.465389 -0.219199 -0.021224 3
27.6704 0.465543 -0.219705 -0.0213957 3
27.762 0.465479 -0.219817 -0.0221385 3
27.8687 0.465731 -0.21986 -0.021228 3
27.9717 0.465718 -0.219843 -0.0205878 3
28.0856 0.465532 -0.220113 -0.0226566 3
28.1811 0.465401 -0.220136 -0.0223187 3
28.2889 0.466276 -0.220055 -0.0210908 3
28.3844 0.465953 -0.219882 -0.0219357 3
28.4777 0.465602 -0.220112 -0.0229572 3
28.5656 0.465986 -0.220056 -0.0202214 3
28.6534 0.466753 -0.219998 -0.020158 3
28.7439 0.46609 -0.220574 -0.0211745 3
28.8305 0.465601 -0.220258 -0.0213415 3
28.9143 0.466423 -0.220668 -0.0210815 3
29.0072 0.465942 -0.221087 -0.0208903 3
29.0997 0.465758 -0.220893 -0.0212513 3
29.1862 0.465501 -0.220969 -0.0204995 3
29.2902 0.466057 -0.221001 -0.018891 3
29.3934 0.465379 -0.221574 -0.0187473 3
29.499 0.464915 -0.221777 -0.0191343 3
29.6009 0.4652 -0.222115 -0.0189312 3
29.7035 0.465708 -0.222461 -0.0186307 3
29.807 0.465361 -0.222542 -0.0180346 3
29.8968 0.465413 -0.222834 -0.0164531 3
30.0029 0.465884 -0.223207 -0.0159916 3
30.0877 0.465413 -0.223087 -0.0150252 3
30.1858 0.464821 -0.222883 -0.0141506 4
30.2936 0.466015 -0.223207 -0.0133271 4
30.3814 0.464885 -0.223424 -0.0142422 4
30.4767 0.465356 -0.223478 -0.0111797 4
30.5764 0.464956 -0.22371 -0.0120342 4
30.666 0.465554 -0.223537 -0.0106753 4
30.7623 0.46699 -0.223222 -0.00859658 4
30.8605 0.465829 -0.223613 -0.00934519 4
30.9602 0.465844 -0.223937 -0.00983347 4
31.0548 0.464703 -0.224081 -0.0107112 4
31.1395 0.465372 -0.223706 -0.0101664 4
31.2395 0.465861 -0.223164 -0.00942663 4
31.3343 0.46477 -0.222905 -0.0110414 4
31.4257 0.465205 -0.222061 -0.0110657 4
31.5136 0.465431 -0.220531 -0.0116851 4
31.6192 0.464943 -0.219236 -0.0131399 4
31.7119 0.466539 -0.217582 -0.0103976 4
31.8039 0.466267 -0.216196 -0.0111201 4
31.9024 0.465105 -0.214562 -0.0135956 4
31.9946 0.46637 -0.212191 -0.00963368 4
32.0943 0.466095 -0.209931 -0.0101609 4
32.2067 0.465892 -0.206724 -0.010635 4
32.301 0.466098 -0.205169 -0.0123609 4
32.3878 0.465576 -0.203299 -0.0137855 4
32.4813 0.466147 -0.200631 -0.0139592 4
32.5794 0.466826 -0.198373 -0.0147531 4
32.6706 0.466286 -0.196769 -0.016845 4
32.7613 0.46551 -0.195145 -0.0188653 4
32.8518 0.4659 -0.192899 -0.0192051 4
32.9414 0.466786 -0.190538 -0.0185659 4
33.0364 0.467333 -0.188803 -0.0191682 4
33.1254 0.466879 -0.186962 -0.018845 4
33.2191 0.466387 -0.186317 -0.0229125 4
33.3073 0.467182 -0.18484 -0.0215404 4
33.413 0.466158 -0.183097 -0.0230315 4
33.5199 0.466042 -0.181857 -0.0241321 4
33.6068 0.46522 -0.180915 -0.0233513 4
33.6993 0.464896 -0.180136 -0.0229789 4
33.7905 0.464125 -0.179231 -0.0228429 5
33.8978 0.464488 -0.178588 -0.0217 5
34.005 0.463869 -0.178477 -0.0223488 5
34.1147 0.463753 -0.178447 -0.0229191 5
34.2088 0.463928 -0.179753 -0.0221861 5
34.3323 0.463806 -0.180535 -0.0224271 5
34.4122 0.463371 -0.181466 -0.0221684 5
34.5138 0.464723 -0.182367 -0.0226663 5
34.6096 0.464519 -0.181976 -0.0226353 5
34.7056 0.46456 -0.182679 -0.0222455 5
34.8085 0.46495 -0.183132 -0.0231299 5
34.9289 0.464713 -0.18341 -0.0226276 5
35.0041 0.464887 -0.183368 -0.0228695 5
35.0977 0.465015 -0.183774 -0.0231627 5
35.1951 0.465276 -0.183899 -0.0231875 5
35.2918 0.465064 -0.184021 -0.0231091 5
35.3799 0.465936 -0.184421 -0.0244025 5
35.483 0.465734 -0.184628 -0.0230042 5
35.5764 0.46702 -0.185178 -0.0214099 5
35.6874 0.466186 -0.185516 -0.0238501 5
35.7767 0.466076 -0.185522 -0.023474 5
35.8802 0.466111 -0.185829 -0.0245072 5
35.9749 0.465844 -0.186382 -0.0240383 5
36.0865 0.466005 -0.186826 -0.0246172 5
36.1672 0.467084 -0.18692 -0.0241864 5
36.2629 0.467256 -0.187317 -0.0248446 5
36.3671 0.46753 -0.187198 -0.0240351 5
36.4673 0.46795 -0.187893 -0.0251947 5
36.552 0.467605 -0.18807 -0.0263251 5
36.6523 0.468097 -0.188877 -0.0254312 5
36.7512 0.468198 -0.189099 -0.0262552 5
36.8637 0.468704 -0.189135 -0.0261342 5
36.94 0.468694 -0.189795 -0.0265829 5
37.0629 0.469031 -0.189555 -0.026496 5
37.1346 0.468911 -0.189939 -0.0262445 5
37.2282 0.468389 -0.189929 -0.0267878 5
37.3212 0.468871 -0.190082 -0.026932 5
37.4219 0.468568 -0.190132 -0.0271478 5
37.509 0.468644 -0.190019 -0.0263786 5
37.6166 0.468586 -0.189969 -0.0264822 5
37.7015 0.468461 -0.190055 -0.025855 5
37.793 0.469108 -0.190166 -0.0259036 5
37.8908 0.468366 -0.190158 -0.0279197 5
37.979 0.469169 -0.190067 -0.0267042 5
38.079 0.468592 -0.190292 -0.0281226 5
38.1726 0.469087 -0.190098 -0.0268445 5
38.254 0.468558 -0.190196 -0.0260567 5
38.3512 0.46853 -0.190083 -0.0263479 5
38.438 0.468622 -0.190303 -0.0278483 5
38.538 0.468088 -0.190269 -0.027015 5
38.6324 0.468505 -0.190381 -0.027287 5
38.7272 0.469046 -0.190153 -0.0260469 5
38.8164 0.469323 -0.190023 -0.026281 5
38.9106 0.468205 -0.190202 -0.027256 5
39.0074 0.46887 -0.190202 -0.0262156 5
39.1071 0.46856 -0.190272 -0.0268383 5
39.2164 0.46877 -0.190248 -0.0265121 5
39.3265 0.46844 -0.190215 -0.0268838 5
39.3992 0.468999 -0.190217 -0.0256852 5
39.4769 0.468608 -0.190342 -0.0270732 5
39.5709 0.468629 -0.190296 -0.0268736 5
39.6672 0.468962 -0.190225 -0.0263832 5
39.7559 0.468574 -0.190212 -0.0260185 5
