0.000106096 0.439719 0.168416 -0.0611879 0
0.0782216 0.439695 0.168405 -0.0618875 0
0.174698 0.439843 0.168455 -0.0616691 0
0.271582 0.439678 0.168452 -0.062424 0
0.350841 0.439769 0.168421 -0.0621251 0
0.433344 0.439632 0.168392 -0.0607317 0
0.517273 0.439808 0.168344 -0.0610906 0
0.605361 0.439747 0.168323 -0.0615483 0
0.693079 0.439788 0.168392 -0.0620114 0
0.771106 0.439675 0.168361 -0.0614442 0
0.883911 0.439747 0.168332 -0.0612672 0
0.949052 0.439692 0.16837 -0.061527 0
1.03768 0.439835 0.168423 -0.0622617 0
1.14101 0.439851 0.168372 -0.0620932 0
1.23338 0.439795 0.168403 -0.0624246 0
1.33057 0.439888 0.168393 -0.0619514 0
1.43167 0.439761 0.168441 -0.0624027 0
1.51976 0.439755 0.168431 -0.061567 0
1.62722 0.43977 0.168371 -0.0622698 0
1.7122 0.439752 0.168415 -0.0619009 0
1.80135 0.439847 0.168399 -0.0621431 0
1.89481 0.439816 0.168404 -0.0614628 0
1.98515 0.439857 0.168469 -0.062014 0
2.10041 0.439805 0.168333 -0.0625075 0
2.1789 0.439724 0.16831 -0.0617381 0
2.26064 0.43967 0.168328 -0.062136 0
2.3606 0.439751 0.168411 -0.0616239 0
2.4492 0.439814 0.168354 -0.06179 0
2.54766 0.439826 0.168367 -0.0622472 0
2.6358 0.439796 0.168407 -0.0617842 0
2.72173 0.4398 0.168354 -0.0622758 0
2.83044 0.439881 0.168345 -0.0620457 0
2.93389 0.439727 0.16841 -0.0628887 0
3.03863 0.439766 0.168414 -0.0625541 0
3.13879 0.439808 0.168335 -0.0618169 0
3.23961 0.439738 0.168418 -0.0618492 0
3.335 0.439788 0.168434 -0.0624116 0
3.42733 0.439742 0.168416 -0.0617031 0
3.51091 0.439931 0.168501 -0.0629665 0
3.61438 0.439781 0.168358 -0.0616978 0
3.70364 0.439703 0.168381 -0.0613861 0
3.79866 0.439857 0.16856 -0.0622662 0
3.89283 0.439809 0.168471 -0.0620206 0
3.98677 0.439783 0.168422 -0.0625528 0
4.08587 0.439727 0.168426 -0.0616325 0
4.19078 0.439701 0.168357 -0.0615569 0
4.29817 0.439752 0.168406 -0.0625201 0
4.39044 0.439794 0.168464 -0.0618753 0
4.50057 0.43966 0.168366 -0.0611324 0
4.58477 0.439769 0.168368 -0.06138 0
4.69116 0.43986 0.168395 -0.0626004 0
4.77603 0.439779 0.1684 -0.0618067 0
4.88118 0.439774 0.168381 -0.0620915 0
4.979 0.439775 0.168424 -0.0617162 0
5.09194 0.439891 0.168416 -0.0627193 0
5.1917 0.439738 0.168342 -0.0612161 0
5.26447 0.439618 0.168401 -0.0614591 0
5.36445 0.439635 0.168337 -0.0615842 0
5.45705 0.43986 0.168399 -0.062357 0
5.56495 0.439748 0.168393 -0.0611351 0
5.66227 0.439766 0.168342 -0.0627008 0
5.75801 0.439661 0.168377 -0.0612691 0
5.8392 0.439715 0.168282 -0.0615148 0
5.93844 0.440013 0.168483 -0.0628897 0
6.03234 0.439954 0.16871 -0.0619216 0
6.14492 0.440077 0.168706 -0.0614496 0
6.23695 0.44017 0.168855 -0.0615579 0
6.32968 0.440358 0.168978 -0.062606 0
6.42613 0.440229 0.169053 -0.061301 0
6.51495 0.440567 0.169361 -0.0606488 0
6.61663 0.440694 0.169509 -0.0602029 0
6.70518 0.440842 0.169725 -0.059419 0
6.79869 0.441078 0.169937 -0.0598237 0
6.90035 0.441087 0.170144 -0.0591073 0
7.00008 0.441331 0.170322 -0.0583654 0
7.09631 0.441497 0.170481 -0.0602923 0
7.18917 0.441782 0.170696 -0.0589791 0
7.29125 0.441888 0.170902 -0.0572022 0
7.37853 0.441992 0.171189 -0.057017 0
7.48634 0.442036 0.171369 -0.0562703 0
7.57039 0.442213 0.171494 -0.0551142 0
7.66753 0.442441 0.171777 -0.0546208 0
7.75974 0.44257 0.17194 -0.054365 0
7.84819 0.442739 0.172107 -0.0545884 0
7.94965 0.442816 0.172437 -0.052531 0
8.03458 0.4428 0.172533 -0.0513217 0
8.13041 0.442632 0.172328 -0.051473 0
8.2387 0.442997 0.17245 -0.0494334 0
8.32334 0.443248 0.172708 -0.0488248 0
8.42507 0.443332 0.173121 -0.0477925 0
8.51202 0.443082 0.173195 -0.0484999 0
8.6177 0.443593 0.173216 -0.0463839 0
8.70944 0.44336 0.173146 -0.0450918 0
8.81743 0.443748 0.173295 -0.0441193 0
8.90094 0.444292 0.173255 -0.042812 0
8.98919 0.44463 0.173754 -0.0427779 0
9.09401 0.444793 0.173477 -0.0404697 0
9.18224 0.44464 0.173278 -0.038561 0
9.29082 0.445148 0.173679 -0.0378486 0
9.37838 0.444863 0.173405 -0.0376806 0
9.48583 0.445048 0.173474 -0.0370618 0
9.57045 0.444993 0.173494 -0.0351516 0
9.6597 0.444528 0.17343 -0.0355865 0
9.75865 0.444461 0.173394 -0.0352293 0
9.85267 0.444739 0.173199 -0.0343956 0
9.95113 0.44413 0.173261 -0.0341269 0
10.0473 0.444281 0.17326 -0.0333542 0
10.154 0.443815 0.173186 -0.0330144 1
10.2314 0.444408 0.173189 -0.0315612 1
10.3243 0.443957 0.172911 -0.0313513 1
10.4205 0.443584 0.172795 -0.0314238 1
10.5102 0.443829 0.172738 -0.0308079 1
10.6286 0.444123 0.17292 -0.0296356 1
10.7031 0.443864 0.172728 -0.0292469 1
10.8015 0.443587 0.172496 -0.0300051 1
10.8955 0.443492 0.172494 -0.0307002 1
10.9876 0.444287 0.172827 -0.0308623 1
11.0833 0.445012 0.172707 -0.0310964 1
11.1761 0.445946 0.17273 -0.0292559 1
11.291 0.447436 0.172343 -0.0301543 1
11.3868 0.450187 0.17302 -0.0291361 1
11.4818 0.451764 0.173179 -0.0287774 1
11.5633 0.453772 0.173074 -0.0275528 1
11.6509 0.455757 0.173626 -0.02821 1
11.7553 0.457938 0.173856 -0.0291485 1
11.8494 0.460448 0.17404 -0.0280689 1
11.9595 0.464233 0.174175 -0.0268233 1
12.0481 0.468021 0.174235 -0.0255689 1
12.1583 0.471731 0.174345 -0.0259819 1
12.2563 0.475903 0.174645 -0.0241288 1
12.357 0.479529 0.175256 -0.0246294 1
12.4379 0.483156 0.175427 -0.025204 1
12.5288 0.486011 0.175241 -0.0243074 1
12.6205 0.488488 0.175586 -0.0252594 1
12.7138 0.495679 0.175727 -0.0254968 1
12.8135 0.498946 0.175926 -0.0283124 1
12.9029 0.503556 0.17589 -0.0285192 1
12.9908 0.508305 0.175537 -0.0259644 1
13.0843 0.511684 0.175958 -0.0268547 1
13.1772 0.51834 0.175623 -0.0223592 1
13.2848 0.522035 0.17506 -0.0231183 1
13.3729 0.527896 0.175541 -0.0227841 1
13.4721 0.533431 0.175682 -0.0220033 1
13.5617 0.537299 0.174948 -0.0211255 1
13.653 0.540679 0.174825 -0.0215114 1
13.7481 0.545794 0.174574 -0.0186195 1
13.8403 0.551179 0.174501 -0.0173626 1
13.948 0.555296 0.174088 -0.0199657 1
14.0283 0.560326 0.173706 -0.019187 1
14.1292 0.563914 0.173356 -0.0184349 1
14.2281 0.569316 0.172986 -0.0166002 1
14.3261 0.573204 0.172734 -0.0169628 1
14.4209 0.576577 0.172537 -0.0175941 1
14.5183 0.580898 0.171956 -0.0183609 1
14.6159 0.583998 0.17143 -0.0176248 1
14.7176 0.588383 0.171392 -0.0165919 1
14.8015 0.590974 0.170955 -0.014594 1
14.8942 0.592942 0.170114 -0.0168338 1
14.9803 0.597357 0.169822 -0.0168631 1
15.0901 0.599542 0.169927 -0.015675 1
15.1817 0.601398 0.169405 -0.017506 1
15.269 0.602662 0.169215 -0.0180564 1
15.3611 0.604336 0.168739 -0.017798 1
15.4614 0.606086 0.168552 -0.0183986 2
15.5486 0.60719 0.16836 -0.0180954 2
15.642 0.607961 0.168674 -0.0181506 2
15.7449 0.607847 0.168491 -0.0197422 2
15.8397 0.608106 0.168422 -0.0200363 2
15.935 0.607958 0.168601 -0.01928 2
16.0378 0.607891 0.168308 -0.0195338 2
16.1339 0.608063 0.168007 -0.0192403 2
16.2375 0.608223 0.167372 -0.0185777 2
16.3315 0.608463 0.166973 -0.0193495 2
16.4269 0.608635 0.166524 -0.0187561 2
16.5149 0.608924 0.165722 -0.0193584 2
16.6145 0.60931 0.164961 -0.0196267 2
16.7 0.609487 0.164084 -0.0189616 2
16.7895 0.60981 0.162958 -0.0205037 2
16.8965 0.610035 0.161681 -0.0192948 2
16.9794 0.610053 0.160079 -0.0185255 2
17.0766 0.610873 0.158978 -0.0198487 2
17.1669 0.61128 0.157334 -0.0191451 2
17.2723 0.61194 0.15567 -0.0163621 2
17.3736 0.612599 0.153509 -0.0171997 2
17.4662 0.613155 0.152145 -0.0170433 2
17.5598 0.61367 0.15006 -0.0186789 2
17.6524 0.614002 0.147938 -0.0173614 2
17.7571 0.614658 0.145418 -0.0165639 2
17.8457 0.615653 0.143493 -0.0170997 2
17.9314 0.616264 0.141491 -0.0159751 2
18.0349 0.617038 0.138784 -0.0190364 2
18.1371 0.617328 0.13636 -0.0164612 2
18.2353 0.61838 0.133553 -0.0156424 2
18.3308 0.619132 0.130812 -0.0159966 2
18.4288 0.619687 0.127854 -0.0168736 2
18.519 0.620051 0.125286 -0.0161877 2
18.6225 0.621173 0.122318 -0.013746 2
18.7053 0.622446 0.120141 -0.0144262 2
18.8136 0.621951 0.116095 -0.0164664 2
18.9019 0.622438 0.112926 -0.0163988 2
18.9927 0.623269 0.109801 -0.0170011 2
19.0868 0.624328 0.106327 -0.0180785 2
19.1773 0.624952 0.103485 -0.0150254 2
19.2776 0.625851 0.0994547 -0.014153 2
19.3647 0.626635 0.0963986 -0.0159669 2
19.4605 0.626995 0.0928675 -0.014762 2
19.5591 0.628003 0.0894201 -0.0144378 2
19.6486 0.628172 0.0858455 -0.0158734 2
19.7571 0.628972 0.0811474 -0.0131784 2
19.8462 0.629518 0.0777238 -0.0146996 2
19.9451 0.629768 0.0739502 -0.0167168 2
20.0423 0.630477 0.0696009 -0.0151145 2
20.1365 0.630678 0.0655296 -0.0159884 2
20.2333 0.631016 0.0616895 -0.0161065 2
20.3311 0.631784 0.057924 -0.0172806 2
20.4327 0.632055 0.0529906 -0.0159551 2
20.5245 0.633004 0.0492402 -0.0146147 2
20.6245 0.633016 0.0445704 -0.0145239 2
20.7271 0.633225 0.0398865 -0.0158045 2
20.8058 0.634139 0.0364649 -0.0134729 2
20.9027 0.634693 0.0325839 -0.0124699 2
20.9965 0.634986 0.0283948 -0.0148878 2
21.0993 0.634844 0.023405 -0.0158878 2
21.1878 0.635743 0.0193597 -0.0130473 2
21.2849 0.63483 0.014429 -0.015647 2
21.3792 0.634826 0.00982448 -0.0134235 2
21.4727 0.635858 0.00607193 -0.0138966 2
21.5734 0.634791 0.000653356 -0.0161384 2
21.6662 0.635457 -0.00343928 -0.0162963 2
21.7703 0.635592 -0.00813559 -0.0141094 2
21.8703 0.635378 -0.0132595 -0.0158322 2
21.9492 0.634927 -0.0172935 -0.0159969 2
22.0514 0.635498 -0.0222464 -0.0132754 2
22.1607 0.634645 -0.0275134 -0.0163925 2
22.247 0.634626 -0.0317534 -0.014542 2
22.3454 0.634519 -0.035627 -0.0153573 2
22.4415 0.634197 -0.041201 -0.0145855 2
22.5345 0.633934 -0.0452055 -0.0156411 2
22.6327 0.633629 -0.0500551 -0.0149218 2
22.7348 0.633204 -0.0548099 -0.0151976 2
22.8344 0.632816 -0.0595822 -0.0161182 2
22.9182 0.632567 -0.0631255 -0.0167612 2
23.0152 0.632167 -0.0683048 -0.018512 2
23.1067 0.631204 -0.0736828 -0.0150888 2
23.2166 0.631438 -0.0779184 -0.0171845 2
23.3114 0.63067 -0.0824057 -0.0149304 2
23.3938 0.630233 -0.0857858 -0.0130211 2
23.5005 0.629297 -0.0908115 -0.012085 2
23.5876 0.628152 -0.0944763 -0.00949975 2
23.6872 0.627558 -0.0986032 -0.00928736 2
23.7762 0.626536 -0.102417 -0.0076519 2
23.8752 0.625863 -0.106269 -0.00767651 2
23.9731 0.62485 -0.110655 -0.00563574 2
24.0669 0.624221 -0.113524 -0.00770154 2
24.1624 0.62379 -0.117777 -0.00770097 2
24.2609 0.622723 -0.121257 -0.00621872 2
24.3553 0.62196 -0.124916 -0.00594925 2
24.4484 0.621243 -0.12891 -0.00636513 2
24.549 0.620108 -0.132735 -0.00576289 2
24.6451 0.619263 -0.1367 -0.00516381 2
24.7296 0.618071 -0.139408 -0.00583846 2
24.8288 0.617671 -0.143013 -0.00764352 2
24.9183 0.617335 -0.146289 -0.00675809 2
25.0113 0.61554 -0.149085 -0.00725526 2
25.1154 0.615303 -0.153255 -0.00675403 2
25.2139 0.614233 -0.155781 -0.00736132 2
25.3231 0.613072 -0.159683 -0.00721823 2
25.4085 0.611824 -0.162416 -0.00771865 2
25.517 0.61197 -0.165183 -0.00897538 2
25.6141 0.610381 -0.168492 -0.00862091 2
25.7191 0.610261 -0.17161 -0.00882836 2
25.8161 0.609098 -0.174525 -0.00941591 2
25.9166 0.608341 -0.176916 -0.0106436 2
26.0163 0.60726 -0.179464 -0.0102341 2
26.1198 0.60726 -0.182027 -0.00934317 2
26.2155 0.606094 -0.183591 -0.00977208 2
26.3187 0.606084 -0.186306 -0.00974621 2
26.4136 0.605528 -0.188177 -0.00959113 2
26.5179 0.605107 -0.189941 -0.00919965 2
26.609 0.604687 -0.191457 -0.00965286 2
26.6976 0.603356 -0.193442 -0.010197 2
26.7952 0.603029 -0.194728 -0.0104729 2
26.8818 0.602223 -0.19592 -0.0098335 2
26.9865 0.602193 -0.19727 -0.0107752 2
27.0782 0.600508 -0.198671 -0.00873341 2
27.1792 0.600952 -0.199291 -0.007404 3
27.2736 0.599612 -0.200052 -0.008075 3
27.3726 0.599422 -0.201048 -0.00736266 3
27.4666 0.599251 -0.201827 -0.00659636 3
27.5612 0.599064 -0.201952 -0.00734769 3
27.6704 0.59897 -0.202378 -0.00743458 3
27.762 0.598698 -0.20252 -0.0087348 3
27.8687 0.599003 -0.202431 -0.00739423 3
27.9717 0.598837 -0.202718 -0.00768556 3
28.0856 0.59893 -0.202586 -0.00827717 3
28.1811 0.59892 -0.2026 -0.00795194 3
28.2889 0.598994 -0.202386 -0.00764872 3
28.3844 0.598802 -0.20268 -0.00851344 3
28.4777 0.599207 -0.202482 -0.00859952 3
28.5656 0.598936 -0.202756 -0.00750493 3
28.6534 0.599104 -0.202804 -0.00696942 3
28.7439 0.599261 -0.202992 -0.00630495 3
28.8305 0.599062 -0.203122 -0.00704189 3
28.9143 0.599451 -0.203365 -0.00589202 3
29.0072 0.599869 -0.203681 -0.00439077 3
29.0997 0.599317 -0.20356 -0.00531441 3
29.1862 0.599645 -0.203871 -0.00438326 3
29.2902 0.599899 -0.20362 -0.0035466 3
29.3934 0.599673 -0.204162 -0.00328651 3
29.499 0.599705 -0.204773 -0.00395619 3
29.6009 0.599865 -0.204809 -0.00372014 3
29.7035 0.599852 -0.204938 -0.00340974 3
29.807 0.599685 -0.20521 -0.00304566 3
29.8968 0.59958 -0.205555 -0.00295654 3
30.0029 0.599507 -0.205675 -0.00310314 3
30.0877 0.599702 -0.205668 -0.00226204 3
30.1858 0.599693 -0.205579 -0.00158592 4
30.2936 0.599703 -0.205755 -0.00151394 4
30.3814 0.599737 -0.205433 -0.0014842 4
30.4767 0.599828 -0.206034 -0.000569507 4
30.5764 0.599543 -0.205932 -0.00132515 4
30.666 0.599638 -0.205892 -0.000501286 4
30.7623 0.599503 -0.206111 -0.000448909 4
30.8605 0.599692 -0.20621 -0.000161104 4
30.9602 0.599398 -0.206507 -0.000324212 4
31.0548 0.599431 -0.206429 -0.0011046 4
31.1395 0.599322 -0.206282 -0.00103198 4
31.2395 0.599415 -0.205752 -0.000681996 4
31.3343 0.599361 -0.205007 -0.000598773 4
31.4257 0.599367 -0.204285 -0.00119204 4
31.5136 0.599638 -0.202918 -0.000449341 4
31.6192 0.599642 -0.201265 -0.00126821 4
31.7119 0.599639 -0.199754 -0.00176277 4
31.8039 0.599782 -0.198151 -0.00136517 4
31.9024 0.599968 -0.196294 -0.00128546 4
31.9946 0.599854 -0.194124 -0.00095338 4
32.0943 0.599737 -0.191861 -0.00181245 4
32.2067 0.599512 -0.188992 -0.00239999 4
32.301 0.599692 -0.187398 -0.00348597 4
32.3878 0.599882 -0.18538 -0.00331108 4
32.4813 0.599693 -0.183097 -0.00363675 4
32.5794 0.599829 -0.18064 -0.0048638 4
32.6706 0.600028 -0.17893 -0.00593353 4
32.7613 0.599843 -0.177416 -0.00626637 4
32.8518 0.599883 -0.175605 -0.00705809 4
32.9414 0.599868 -0.173829 -0.00758921 4
33.0364 0.599909 -0.171787 -0.00847221 4
33.1254 0.599983 -0.170804 -0.00925981 4
33.2191 0.599852 -0.169247 -0.00993113 4
33.3073 0.599856 -0.167123 -0.00824124 4
33.413 0.599547 -0.165244 -0.00800105 4
33.5199 0.599356 -0.163561 -0.00928604 4
33.6068 0.599331 -0.162832 -0.00832485 4
33.6993 0.599374 -0.162203 -0.00786752 4
33.7905 0.599275 -0.160804 -0.0065432 5
33.8978 0.599253 -0.160651 -0.00641116 5
34.005 0.598965 -0.160073 -0.00617713 5
34.1147 0.598928 -0.159906 -0.00732704 5
34.2088 0.599208 -0.161556 -0.00522185 5
34.3323 0.599339 -0.162446 -0.00617733 5
34.4122 0.59941 -0.163245 -0.00557885 5
34.5138 0.599576 -0.163791 -0.0063135 5
34.6096 0.599354 -0.163812 -0.00637139 5
34.7056 0.599597 -0.164411 -0.00666195 5
34.8085 0.599653 -0.16508 -0.00717315 5
34.9289 0.599764 -0.165083 -0.00650988 5
35.0041 0.599667 -0.165391 -0.0069807 5
35.0977 0.599815 -0.165695 -0.00763945 5
35.1951 0.599762 -0.165727 -0.0071187 5
35.2918 0.599909 -0.166335 -0.00811534 5
35.3799 0.600076 -0.16647 -0.00956368 5
35.483 0.600027 -0.166917 -0.00798539 5
35.5764 0.60015 -0.167251 -0.00749556 5
35.6874 0.600049 -0.167207 -0.00959238 5
35.7767 0.600058 -0.167566 -0.00865664 5
35.8802 0.600257 -0.167348 -0.0094513 5
35.9749 0.600464 -0.168052 -0.00876956 5
36.0865 0.600526 -0.168748 -0.00896033 5
36.1672 0.600598 -0.169065 -0.0105999 5
36.2629 0.600702 -0.169546 -0.0122995 5
36.3671 0.600736 -0.169579 -0.0105569 5
36.4673 0.601095 -0.170762 -0.0137302 5
36.552 0.601037 -0.170749 -0.01399 5
36.6523 0.601297 -0.171709 -0.0138085 5
36.7512 0.601477 -0.171642 -0.0145989 5
36.8637 0.601699 -0.171537 -0.0149158 5
36.94 0.601701 -0.172514 -0.0158615 5
37.0629 0.601896 -0.172283 -0.0161833 5
37.1346 0.601896 -0.172179 -0.015308 5
37.2282 0.601907 -0.17233 -0.0163741 5
37.3212 0.602006 -0.172106 -0.0162281 5
37.4219 0.60161 -0.172378 -0.0165107 5
37.509 0.601465 -0.172527 -0.0156011 5
37.6166 0.601664 -0.172687 -0.0168611 5
37.7015 0.601591 -0.17289 -0.0156793 5
37.793 0.601846 -0.172359 -0.0163579 5
37.8908 0.601838 -0.172296 -0.0170734 5
37.979 0.602004 -0.172502 -0.0170207 5
38.079 0.601986 -0.172399 -0.0165508 5
38.1726 0.601969 -0.172564 -0.0158014 5
38.254 0.601598 -0.172833 -0.0160067 5
38.3512 0.601442 -0.172796 -0.0157441 5
38.438 0.601627 -0.172785 -0.0172769 5
38.538 0.6017 -0.172474 -0.0171803 5
38.6324 0.601559 -0.172821 -0.0165081 5
38.7272 0.602008 -0.172685 -0.0157839 5
38.8164 0.602085 -0.172695 -0.0163569 5
38.9106 0.601985 -0.172643 -0.0171097 5
39.0074 0.602103 -0.172563 -0.0172371 5
39.1071 0.601863 -0.172495 -0.0170972 5
39.2164 0.601654 -0.17256 -0.0166776 5
39.3265 0.601796 -0.172714 -0.0166293 5
39.3992 0.6019 -0.172823 -0.0164083 5
39.4769 0.601771 -0.172663 -0.0162182 5
39.5709 0.601805 -0.172648 -0.0168907 5
39.6672 0.601771 -0.17242 -0.0165902 5
39.7559 0.601577 -0.172644 -0.0167998 5
