0.000106096 0.370374 0.0713206 0.171935 0 0
0.0782216 0.370379 0.0713025 0.171942 0 0
0.174698 0.370371 0.0713339 0.17193 0 0
0.271582 0.370364 0.0712886 0.171926 0 0
0.350841 0.370371 0.0713031 0.171938 0 0
0.433344 0.370371 0.0713036 0.171928 0 0
0.517273 0.370361 0.0713054 0.171915 0 0
0.605361 0.370365 0.0713012 0.171931 0 0
0.693079 0.370365 0.0713257 0.171926 0 0
0.771106 0.370364 0.0713154 0.171917 0 0
0.883911 0.370366 0.0712958 0.171931 0 0
0.949052 0.370368 0.0712968 0.171928 0 0
1.03768 0.370367 0.0712999 0.171934 0 0
1.14101 0.370371 0.0712946 0.171926 0 0
1.23338 0.370366 0.0713056 0.171917 0 0
1.33057 0.37037 0.0713146 0.171924 0 0
1.43167 0.370365 0.0713061 0.171932 0 0
1.51976 0.370369 0.0713191 0.171946 0 0
1.62722 0.370354 0.0713018 0.17192 0 0
1.7122 0.370374 0.0713135 0.171938 0 0
1.80135 0.370362 0.0713096 0.17193 0 0
1.89481 0.370372 0.0712951 0.171943 0 0
1.98515 0.370364 0.0713074 0.171931 0 0
2.10041 0.370362 0.0712904 0.171924 0 0
2.1789 0.370365 0.0712797 0.17191 0 0
2.26064 0.370358 0.0713147 0.171914 0 0
2.3606 0.37036 0.0713121 0.171927 0 0
2.4492 0.37036 0.0713009 0.171921 0 0
2.54766 0.370365 0.0712963 0.171935 0 0
2.6358 0.370373 0.0713126 0.171949 0 0
2.72173 0.370362 0.071289 0.17192 0 0
2.83044 0.370367 0.0713034 0.171918 0 0
2.93389 0.370365 0.0712988 0.171913 0 0
3.03863 0.370355 0.0713156 0.171912 0 0
3.13879 0.370368 0.0713057 0.171925 0 0
3.23961 0.370362 0.071327 0.171928 0 0
3.335 0.370366 0.0712981 0.171949 0 0
3.42733 0.370365 0.0713186 0.171934 0 0
3.51091 0.370371 0.0713094 0.171951 0 0
3.61438 0.370369 0.0712995 0.171936 0 0
3.70364 0.370362 0.0713108 0.17192 0 0
3.79866 0.370376 0.0713208 0.171954 0 0
3.89283 0.370372 0.0713188 0.171938 0 0
3.98677 0.370369 0.0712928 0.171929 0 0
4.08587 0.370356 0.0713054 0.171927 0 0
4.19078 0.370366 0.0712935 0.171913 0 0
4.29817 0.370362 0.0712939 0.171921 0 0
4.39044 0.370364 0.0713096 0.171932 0 0
4.50057 0.370369 0.0712977 0.171928 0 0
4.58477 0.370356 0.0712978 0.171926 0 0
4.69116 0.370371 0.0712996 0.171938 0 0
4.77603 0.370367 0.0713132 0.171926 0 0
4.88118 0.370371 0.0712964 0.17192 0 0
4.979 0.370379 0.0713101 0.171943 0 0
5.09194 0.370359 0.0712943 0.171923 0 0
5.1917 0.370365 0.0713172 0.17193 0 0
5.26447 0.370371 0.071308 0.171934 0 0
5.36445 0.370362 0.0712917 0.17192 0 0
5.45705 0.370371 0.0712946 0.171937 0 0
5.56495 0.370358 0.0713126 0.171915 0 0
5.66227 0.370359 0.0713032 0.171925 0 0
5.75801 0.370364 0.0713097 0.171938 0 0
5.8392 0.370368 0.0712927 0.172009 0 0
5.93844 0.370419 0.0713088 0.172328 0 0
6.03234 0.37047 0.0713218 0.172772 0 0
6.14492 0.370531 0.0713467 0.173358 0 0
6.23695 0.370614 0.0713623 0.174004 0 0
6.32968 0.370669 0.0713971 0.174654 0 0
6.42613 0.370748 0.0713925 0.175442 0 0
6.51495 0.370846 0.071463 0.17635 0 0
6.61663 0.370927 0.0714807 0.177306 0 0
6.70518 0.371009 0.0714819 0.178297 0 0
6.79869 0.371143 0.0715424 0.179435 0 0
6.90035 0.37123 0.0715615 0.180718 0 0
7.00008 0.37134 0.0715953 0.182009 0 0
7.09631 0.371433 0.0716293 0.183308 0 0
7.18917 0.371509 0.0716363 0.184684 0 0
7.29125 0.371624 0.07166 0.186126 0 0
7.37853 0.371724 0.0716759 0.187507 0 0
7.48634 0.371816 0.0717105 0.189296 0 0
7.57039 0.37188 0.0717072 0.190609 0 0
7.66753 0.371954 0.0717334 0.192213 0 0
7.75974 0.372021 0.0717181 0.193827 0 0
7.84819 0.372109 0.0717363 0.195401 0 0
7.94965 0.372164 0.0717318 0.197196 0 0
8.03458 0.372204 0.0717269 0.198638 0 0
8.13041 0.372222 0.0717064 0.200316 0 0
8.2387 0.372266 0.071688 0.202294 0 0
8.32334 0.372286 0.0716755 0.203715 0 0
8.42507 0.372303 0.0716542 0.205615 0 0
8.51202 0.372298 0.0716334 0.207165 0 0
8.6177 0.372283 0.0715803 0.208949 0 0
8.70944 0.372267 0.0715534 0.21061 0 0
8.81743 0.372245 0.0714874 0.212375 0 0
8.90094 0.37223 0.0714483 0.213842 0 0
8.98919 0.37219 0.0714143 0.215283 0 0
9.09401 0.372137 0.0713551 0.216914 0 0
9.18224 0.372091 0.0713012 0.218254 0 0
9.29082 0.372054 0.0712669 0.219858 0 0
9.37838 0.371979 0.0711919 0.221157 0 0
9.48583 0.371915 0.0711327 0.222584 0 0
9.57045 0.371863 0.0711005 0.223693 0 0
9.6597 0.371798 0.0710329 0.224719 0 0
9.75865 0.37171 0.0709798 0.225814 0 0
9.85267 0.371676 0.0709315 0.226826 0 0
9.95113 0.37163 0.0708845 0.227754 0 0
10.0473 0.371587 0.0708508 0.228569 0 0
10.154 0.371535 0.0708089 0.229332 0 1
10.2314 0.371487 0.0707744 0.229851 0 1
10.3243 0.371445 0.0707476 0.230278 0 1
10.4205 0.371434 0.0707253 0.230626 0 1
10.5102 0.371401 0.0707419 0.230901 0 1
10.6286 0.371398 0.0707072 0.23105 0 1
10.7031 0.371408 0.070705 0.23107 0 1
10.8015 0.371397 0.0706931 0.231073 0 1
10.8955 0.371561 0.0707016 0.231108 0 1
10.9876 0.372194 0.070769 0.231282 0 1
11.0833 0.373181 0.0708739 0.231449 0 1
11.1761 0.37434 0.071062 0.231738 0 1
11.291 0.376117 0.0712887 0.232024 0 1
11.3868 0.377958 0.0715347 0.232417 0 1
11.4818 0.380064 0.0718317 0.232806 0 1
11.5633 0.382021 0.0720613 0.23316 0 1
11.6509 0.384399 0.0723569 0.233598 0 1
11.7553 0.387486 0.072668 0.234132 0 1
11.8494 0.390548 0.0730343 0.234706 0 1
11.9595 0.394318 0.0734099 0.235266 0 1
12.0481 0.397474 0.0737583 0.235715 0 1
12.1583 0.401792 0.074088 0.236273 0 1
12.2563 0.405607 0.0743809 0.236733 0 1
12.357 0.409949 0.0747768 0.237295 0 1
12.4379 0.413471 0.074985 0.237655 0 1
12.5288 0.417377 0.0751881 0.238069 0 1
12.6205 0.421727 0.0754578 0.23845 0 1
12.7138 0.425848 0.0756989 0.238789 0 1
12.8135 0.430787 0.0758332 0.239054 0 1
12.9029 0.435002 0.0760017 0.239288 0 1
12.9908 0.439367 0.076147 0.2395 0 1
13.0843 0.444113 0.0761297 0.23962 0 1
13.1772 0.448485 0.0761806 0.239779 0 1
13.2848 0.454137 0.0761902 0.239796 0 1
13.3729 0.458496 0.0760822 0.239752 0 1
13.4721 0.463315 0.0760643 0.239753 0 1
13.5617 0.467736 0.0760107 0.239631 0 1
13.653 0.472067 0.0757853 0.239451 0 1
13.7481 0.477137 0.075643 0.239333 0 1
13.8403 0.481416 0.0754606 0.239031 0 1
13.948 0.486291 0.0750046 0.238751 0 1
14.0283 0.490342 0.0748261 0.238433 0 1
14.1292 0.494703 0.0745362 0.237978 0 1
14.2281 0.499225 0.0740942 0.237604 0 1
14.3261 0.503309 0.073777 0.237201 0 1
14.4209 0.507186 0.0734183 0.23674 0 1
14.5183 0.510877 0.0729679 0.236223 0 1
14.6159 0.514414 0.0725671 0.235865 0 1
14.7176 0.518084 0.072195 0.235402 0 1
14.8015 0.520605 0.0719274 0.234807 0 1
14.8942 0.523523 0.0714781 0.23441 0 1
14.9803 0.525933 0.0711463 0.23406 0 1
15.0901 0.528586 0.0707632 0.233678 0 1
15.1817 0.53071 0.0704988 0.23327 0 1
15.269 0.53243 0.0702584 0.232996 0 1
15.3611 0.533843 0.070086 0.232669 0 1
15.4614 0.5352 0.0698191 0.232411 0 2
15.5486 0.536114 0.0696859 0.232253 0 2
15.642 0.536755 0.069633 0.232183 0 2
15.7449 0.536989 0.0695758 0.232146 0 2
15.8397 0.536981 0.0695093 0.232153 0 2
15.935 0.536969 0.0695344 0.23214 0 2
16.0378 0.53701 0.069333 0.232145 0 2
16.1339 0.537141 0.0689619 0.232119 0 2
16.2375 0.537306 0.0685012 0.232111 0 2
16.3315 0.537512 0.0679766 0.232118 0 2
16.4269 0.537757 0.06732 0.232177 0 2
16.5149 0.538011 0.0666112 0.232193 0 2
16.6145 0.538331 0.0657571 0.232215 0 2
16.7 0.53865 0.0648782 0.232207 0 2
16.7895 0.538986 0.06385 0.232203 0 2
16.8965 0.539462 0.0624408 0.23228 0 2
16.9794 0.539871 0.0612037 0.23229 0 2
17.0766 0.540363 0.0598395 0.2323 0 2
17.1669 0.540824 0.0585446 0.23229 0 2
17.2723 0.541415 0.0566986 0.232306 0 2
17.3736 0.542061 0.0547467 0.232378 0 2
17.4662 0.542623 0.0531343 0.232447 0 2
17.5598 0.543221 0.0512741 0.232468 0 2
17.6524 0.543893 0.0491364 0.232502 0 2
17.7571 0.544602 0.0468163 0.232504 0 2
17.8457 0.54524 0.04484 0.232519 0 2
17.9314 0.545885 0.0426058 0.232566 0 2
18.0349 0.546648 0.04006 0.232614 0 2
18.1371 0.547369 0.0376044 0.232657 0 2
18.2353 0.548198 0.0347591 0.232683 0 2
18.3308 0.548953 0.0321823 0.232739 0 2
18.4288 0.54972 0.0293024 0.232762 0 2
18.519 0.550422 0.0267223 0.232774 0 2
18.6225 0.551253 0.023563 0.232812 0 2
18.7053 0.55188 0.0210701 0.232822 0 2
18.8136 0.552791 0.0174836 0.232896 0 2
18.9019 0.553521 0.0145691 0.232953 0 2
18.9927 0.554228 0.0116389 0.23301 0 2
19.0868 0.554992 0.00828861 0.233054 0 2
19.1773 0.555695 0.00524388 0.23307 0 2
19.2776 0.55651 0.00145862 0.233116 0 2
19.3647 0.557183 -0.00164955 0.233177 0 2
19.4605 0.557953 -0.0053131 0.233235 0 2
19.5591 0.558689 -0.00890855 0.233304 0 2
19.6486 0.559303 -0.0123266 0.233306 0 2
19.7571 0.56012 -0.0166701 0.233335 0 2
19.8462 0.560727 -0.0201811 0.233338 0 2
19.9451 0.561395 -0.0241276 0.233385 0 2
20.0423 0.562112 -0.0283287 0.23344 0 2
20.1365 0.562669 -0.0320366 0.233494 0 2
20.2333 0.56327 -0.0359987 0.233505 0 2
20.3311 0.563815 -0.040064 0.233552 0 2
20.4327 0.564383 -0.0446472 0.233545 0 2
20.5245 0.564965 -0.048696 0.233651 0 2
20.6245 0.565434 -0.0530238 0.233662 0 2
20.7271 0.565919 -0.0576546 0.233688 0 2
20.8058 0.566249 -0.0611438 0.233671 0 2
20.9027 0.566644 -0.0655286 0.233671 0 2
20.9965 0.567055 -0.0697501 0.233784 0 2
21.0993 0.567372 -0.0746229 0.233767 0 2
21.1878 0.567623 -0.0787224 0.233772 0 2
21.2849 0.567903 -0.0830393 0.233798 0 2
21.3792 0.568133 -0.0876168 0.233801 0 2
21.4727 0.568349 -0.09169 0.233878 0 2
21.5734 0.568536 -0.0965321 0.233861 0 2
21.6662 0.568631 -0.100744 0.233901 0 2
21.7703 0.568709 -0.105601 0.233915 0 2
21.8703 0.568785 -0.110531 0.233922 0 2
21.9492 0.568789 -0.114392 0.233961 0 2
22.0514 0.568782 -0.118834 0.233908 0 2
22.1607 0.5687 -0.124214 0.233903 0 2
22.247 0.56856 -0.128434 0.23392 0 2
22.3454 0.568468 -0.132943 0.234032 0 2
22.4415 0.568294 -0.137524 0.233975 0 2
22.5345 0.568085 -0.142038 0.233959 0 2
22.6327 0.567817 -0.146543 0.233955 0 2
22.7348 0.567528 -0.151433 0.234002 0 2
22.8344 0.567223 -0.1563 0.234057 0 2
22.9182 0.56692 -0.159989 0.234019 0 2
23.0152 0.566505 -0.164517 0.234025 0 2
23.1067 0.566106 -0.168848 0.233942 0 2
23.2166 0.565646 -0.173636 0.23396 0 2
23.3114 0.56516 -0.178041 0.234014 0 2
23.3938 0.564743 -0.181644 0.233947 0 2
23.5005 0.564096 -0.186668 0.233936 0 2
23.5876 0.563575 -0.190517 0.233892 0 2
23.6872 0.563008 -0.194757 0.233891 0 2
23.7762 0.562446 -0.198591 0.233924 0 2
23.8752 0.561802 -0.202748 0.233871 0 2
23.9731 0.561054 -0.207218 0.233919 0 2
24.0669 0.56048 -0.210867 0.233859 0 2
24.1624 0.559702 -0.214932 0.233853 0 2
24.2609 0.559042 -0.21876 0.233881 0 2
24.3553 0.558279 -0.222712 0.233895 0 2
24.4484 0.557565 -0.226403 0.233857 0 2
24.549 0.55667 -0.230522 0.233798 0 2
24.6451 0.555884 -0.234179 0.233734 0 2
24.7296 0.555232 -0.237226 0.23374 0 2
24.8288 0.554451 -0.240954 0.233753 0 2
24.9183 0.553664 -0.244249 0.23374 0 2
25.0113 0.552973 -0.247204 0.233716 0 2
25.1154 0.55203 -0.250882 0.233666 0 2
25.2139 0.551273 -0.253996 0.233581 0 2
25.3231 0.550307 -0.257758 0.233594 0 2
25.4085 0.549628 -0.260493 0.233612 0 2
25.517 0.548773 -0.263747 0.233616 0 2
25.6141 0.547923 -0.266818 0.233552 0 2
25.7191 0.547103 -0.269768 0.233514 0 2
25.8161 0.546278 -0.272539 0.23348 0 2
25.9166 0.545592 -0.274967 0.233453 0 2
26.0163 0.544766 -0.27768 0.233445 0 2
26.1198 0.544001 -0.280213 0.233427 0 2
26.2155 0.543389 -0.282324 0.233462 0 2
26.3187 0.542663 -0.284693 0.233448 0 2
26.4136 0.541997 -0.286747 0.233374 0 2
26.5179 0.541456 -0.288561 0.233407 0 2
26.609 0.540928 -0.290158 0.233365 0 2
26.6976 0.540322 -0.291912 0.233357 0 2
26.7952 0.539838 -0.293462 0.233336 0 2
26.8818 0.539403 -0.294746 0.233337 0 2
26.9865 0.538952 -0.296126 0.233336 0 2
27.0782 0.538569 -0.297266 0.233255 0 2
27.1792 0.538168 -0.298405 0.233295 0 3
27.2736 0.537862 -0.299336 0.233269 0 3
27.3726 0.537603 -0.300108 0.233276 0 3
27.4666 0.537362 -0.30074 0.233249 0 3
27.5612 0.537246 -0.301221 0.233269 0 3
27.6704 0.537109 -0.301566 0.233247 0 3
27.762 0.537058 -0.301788 0.233248 0 3
27.8687 0.537044 -0.301826 0.233255 0 3
27.9717 0.537037 -0.301862 0.233225 0 3
28.0856 0.537065 -0.301856 0.233314 0 3
28.1811 0.537097 -0.301884 0.233507 0 3
28.2889 0.537115 -0.30193 0.233898 0 3
28.3844 0.537106 -0.301976 0.234324 0 3
28.4777 0.537117 -0.30204 0.234767 0 3
28.5656 0.537097 -0.302097 0.235323 0 3
28.6534 0.537113 -0.302149 0.235898 0 3
28.7439 0.537123 -0.30218 0.236426 0 3
28.8305 0.537138 -0.302263 0.237087 0 3
28.9143 0.537139 -0.30232 0.237687 0 3
29.0072 0.537124 -0.302442 0.238435 0 3
29.0997 0.537114 -0.302492 0.239202 0 3
29.1862 0.537129 -0.302585 0.239971 0 3
29.2902 0.537162 -0.302654 0.240885 0 3
29.3934 0.537136 -0.302789 0.241837 0 3
29.499 0.537163 -0.302892 0.242794 0 3
29.6009 0.537157 -0.302973 0.24373 0 3
29.7035 0.537154 -0.303052 0.244624 0 3
29.807 0.537131 -0.303136 0.245456 0 3
29.8968 0.537127 -0.303207 0.246184 0 3
30.0029 0.537123 -0.303297 0.246994 0 3
30.0877 0.537106 -0.303348 0.247652 0 3
30.1858 0.53709 -0.303411 0.248344 0 4
30.2936 0.537093 -0.30349 0.249071 0 4
30.3814 0.537113 -0.303527 0.249547 0 4
30.4767 0.537073 -0.303606 0.250029 0 4
30.5764 0.537072 -0.30363 0.250422 0 4
30.666 0.537064 -0.303649 0.250722 0 4
30.7623 0.537047 -0.30369 0.250943 0 4
30.8605 0.537066 -0.303686 0.25109 0 4
30.9602 0.537009 -0.30373 0.251087 0 4
31.0548 0.537027 -0.303724 0.251121 0 4
31.1395 0.537025 -0.303669 0.251072 0 4
31.2395 0.537028 -0.303182 0.250878 0 4
31.3343 0.537022 -0.302439 0.250467 0 4
31.4257 0.53709 -0.30158 0.249999 0 4
31.5136 0.53721 -0.300592 0.249596 0 4
31.6192 0.537284 -0.29919 0.248985 0 4
31.7119 0.537383 -0.297679 0.248262 0 4
31.8039 0.537438 -0.296128 0.247516 0 4
31.9024 0.53748 -0.29449 0.246779 0 4
31.9946 0.537542 -0.292894 0.246009 0 4
32.0943 0.537619 -0.290847 0.245099 0 4
32.2067 0.537731 -0.288498 0.243981 0 4
32.301 0.53772 -0.286566 0.243091 0 4
32.3878 0.537706 -0.28489 0.242305 0 4
32.4813 0.537712 -0.282758 0.241274 0 4
32.5794 0.537791 -0.280638 0.240355 0 4
32.6706 0.537731 -0.278827 0.239463 0 4
32.7613 0.537695 -0.27685 0.23849 0 4
32.8518 0.537765 -0.274954 0.237728 0 4
32.9414 0.537756 -0.273153 0.236909 0 4
33.0364 0.537657 -0.271186 0.235916 0 4
33.1254 0.5376 -0.26966 0.235211 0 4
33.2191 0.537568 -0.268104 0.234467 0 4
33.3073 0.537534 -0.26662 0.233697 0 4
33.413 0.537468 -0.265118 0.233033 0 4
33.5199 0.5374 -0.263759 0.23244 0 4
33.6068 0.537347 -0.262812 0.231988 0 4
33.6993 0.537291 -0.261973 0.231552 0 4
33.7905 0.53729 -0.261344 0.231314 0 5
33.8978 0.537241 -0.260918 0.231123 0 5
34.005 0.537231 -0.260803 0.231072 0 5
34.1147 0.537247 -0.260768 0.231084 0 5
34.2088 0.537513 -0.262392 0.231133 0 5
34.3323 0.537602 -0.263133 0.23114 0 5
34.4122 0.537687 -0.26375 0.230877 0 5
34.5138 0.537691 -0.263992 0.230703 0 5
34.6096 0.537733 -0.26409 0.230717 0 5
34.7056 0.537872 -0.264607 0.230388 0 5
34.8085 0.537956 -0.264933 0.230166 0 5
34.9289 0.537963 -0.265081 0.230107 0 5
35.0041 0.538 -0.265277 0.229924 0 5
35.0977 0.538095 -0.265618 0.229639 0 5
35.1951 0.538118 -0.265684 0.229485 0 5
35.2918 0.538205 -0.266 0.229037 0 5
35.3799 0.538282 -0.266315 0.228523 0 5
35.483 0.538388 -0.266781 0.227906 0 5
35.5764 0.538424 -0.266922 0.227636 0 5
35.6874 0.538497 -0.267311 0.227329 0 5
35.7767 0.538588 -0.267501 0.226648 0 5
35.8802 0.538804 -0.268062 0.225053 0 5
35.9749 0.538867 -0.268269 0.224736 0 5
36.0865 0.53898 -0.268699 0.223933 0 5
36.1672 0.539104 -0.269202 0.222549 0 5
36.2629 0.539303 -0.269854 0.220978 0 5
36.3671 0.539403 -0.270064 0.220466 0 5
36.4673 0.539519 -0.270386 0.219504 0 5
36.552 0.539661 -0.270861 0.21823 0 5
36.6523 0.539994 -0.271724 0.215866 0 5
36.7512 0.540015 -0.271812 0.215747 0 5
36.8637 0.540068 -0.271886 0.215491 0 5
36.94 0.540266 -0.272653 0.213258 0 5
37.0629 0.540484 -0.273039 0.212186 0 5
37.1346 0.540467 -0.273056 0.212129 0 5
37.2282 0.540469 -0.273037 0.212128 0 5
37.3212 0.540461 -0.273073 0.212093 0 5
37.4219 0.540464 -0.273061 0.2121 0 5
37.509 0.54046 -0.273086 0.212075 0 5
37.6166 0.540448 -0.273079 0.212045 0 5
37.7015 0.54043 -0.273085 0.212053 0 5
37.793 0.540443 -0.273072 0.212038 0 5
37.8908 0.540434 -0.27306 0.212031 0 5
37.979 0.540451 -0.273064 0.212017 0 5
38.079 0.540428 -0.273085 0.21204 0 5
38.1726 0.540434 -0.273082 0.212055 0 5
38.254 0.540437 -0.273091 0.212017 0 5
38.3512 0.540432 -0.273098 0.212035 0 5
38.438 0.540428 -0.273107 0.212045 0 5
38.538 0.540442 -0.27309 0.212043 0 5
38.6324 0.540435 -0.273089 0.212006 0 5
38.7272 0.540429 -0.273071 0.212012 0 5
38.8164 0.540439 -0.273063 0.212033 0 5
38.9106 0.540431 -0.273066 0.212001 0 5
39.0074 0.540426 -0.273081 0.212015 0 5
39.1071 0.540429 -0.273085 0.212043 0 5
39.2164 0.540429 -0.273092 0.21203 0 5
39.3265 0.540442 -0.273072 0.212006 0 5
39.3992 0.540437 -0.273086 0.212019 0 5
39.4769 0.540431 -0.273102 0.212031 0 5
39.5709 0.540425 -0.273091 0.212013 0 5
39.6672 0.540436 -0.273095 0.212022 0 5
39.7559 0.54044 -0.273066 0.212006 0 5
