33.6993 33.6993 0 0 5
33.7905 33.6993 0 0.0912304 5
33.8978 33.6993 0.0912304 0.198472 5
34.005 33.6993 0.198472 0.305671 5
34.1147 33.6993 0.305671 0.41546 5
34.2088 33.6993 0.41546 0.509493 5
34.3323 33.6993 0.509493 0.632988 5
34.4122 33.6993 0.632988 0.712945 5
34.5138 33.6993 0.712945 0.814521 5
34.6096 33.6993 0.814521 0.910289 5
34.7056 33.6993 0.910289 1.00634 5
34.8085 33.6993 1.00634 1.10923 5
34.9289 33.6993 1.10923 1.22962 5
35.0041 33.6993 1.22962 1.30481 5
35.0977 33.6993 1.30481 1.39842 5
35.1951 33.6993 1.39842 1.49581 5
35.2918 33.6993 1.49581 1.59249 5
35.3799 33.6993 1.59249 1.6806 5
35.483 33.6993 1.6806 1.78372 5
35.5764 33.6993 1.78372 1.87713 5
35.6874 33.6993 1.87713 1.98811 5
35.7767 33.6993 1.98811 2.07744 5
35.8802 33.6993 2.07744 2.18089 5
35.9749 33.6993 2.18089 2.27559 5
36.0865 33.6993 2.27559 2.38722 5
36.1672 33.6993 2.38722 2.46789 5
36.2629 33.6993 2.46789 2.56365 5
36.3671 33.6993 2.56365 2.6678 5
36.4673 33.6993 2.6678 2.76797 5
36.552 33.6993 2.76797 2.85269 5
36.6523 33.6993 2.85269 2.95297 5
36.7512 33.6993 2.95297 3.05191 5
36.8637 33.6993 3.05191 3.16445 5
36.94 33.6993 3.16445 3.24074 5
37.0629 33.6993 3.24074 3.36361 5
37.1346 33.6993 3.36361 3.43531 5
37.2282 33.6993 3.43531 3.52889 5
37.3212 33.6993 3.52889 3.62193 5
37.4219 33.6993 3.62193 3.72264 5
37.509 33.6993 3.72264 3.80971 5
37.6166 33.6993 3.80971 3.91732 5
37.7015 33.6993 3.91732 4.00225 5
37.793 33.6993 4.00225 4.09372 5
37.8908 33.6993 4.09372 4.19153 5
37.979 33.6993 4.19153 4.27973 5
38.079 33.6993 4.27973 4.37972 5
38.1726 33.6993 4.37972 4.47334 5
38.254 33.6993 4.47334 4.55471 5
38.3512 33.6993 4.55471 4.65195 5
38.438 33.6993 4.65195 4.73873 5
38.538 33.6993 4.73873 4.83871 5
38.6324 33.6993 4.83871 4.9331 5
38.7272 33.6993 4.9331 5.02793 5
38.8164 33.6993 5.02793 5.11713 5
38.9106 33.6993 5.11713 5.21127 5
39.0074 33.6993 5.21127 5.30807 5
39.1071 33.6993 5.30807 5.40779 5
39.2164 33.6993 5.40779 5.51711 5
39.3265 33.6993 5.51711 5.62726 5
39.3992 33.6993 5.62726 5.69993 5
39.4769 33.6993 5.69993 5.77764 5
39.5709 33.6993 5.77764 5.87165 5
39.6672 33.6993 5.87165 5.96796 5
39.7559 33.6993 5.96796 6.05657 5
