0.000120878 0.208147 0.155927 -0.0880214 0
0.0872884 0.208116 0.155979 -0.0880497 0
0.189885 0.207991 0.155868 -0.0881188 0
0.27803 0.208112 0.155896 -0.0875046 0
0.370941 0.207393 0.155947 -0.0887142 0
0.461196 0.208153 0.155956 -0.0869197 0
0.541862 0.208197 0.156014 -0.0879275 0
0.631665 0.208154 0.155949 -0.0880861 0
0.72611 0.208005 0.155925 -0.0884081 0
0.815954 0.208161 0.156007 -0.0877544 0
0.897173 0.208119 0.155916 -0.0877611 0
1.01277 0.20805 0.155932 -0.0880862 0
1.108 0.208186 0.156015 -0.0881322 0
1.20732 0.20798 0.155967 -0.088925 0
1.31749 0.207977 0.155937 -0.0881515 0
1.42242 0.208183 0.155988 -0.0879693 0
1.52686 0.208135 0.155976 -0.0885786 0
1.61632 0.208143 0.155918 -0.0884236 0
1.70308 0.207667 0.155946 -0.0888449 0
1.79845 0.208116 0.15587 -0.0877463 0
1.89497 0.208072 0.155917 -0.0884947 0
2.00001 0.207741 0.155945 -0.0880583 0
2.09205 0.208165 0.155924 -0.088071 0
2.20027 0.208161 0.155968 -0.0879356 0
2.28434 0.208205 0.156016 -0.088174 0
2.392 0.207746 0.155993 -0.0887673 0
2.4802 0.208142 0.155988 -0.0882371 0
2.57442 0.208026 0.156054 -0.0883053 0
2.67078 0.207708 0.155957 -0.0883629 0
2.76512 0.208056 0.155972 -0.0881803 0
2.86239 0.20811 0.155904 -0.0883512 0
2.96346 0.207448 0.155958 -0.0893943 0
3.0764 0.207805 0.155915 -0.0884239 0
3.17125 0.207634 0.15607 -0.0885371 0
3.26864 0.208127 0.155947 -0.0882949 0
3.36257 0.207402 0.15601 -0.0887891 0
3.46485 0.208099 0.155943 -0.0878553 0
3.56283 0.20746 0.155979 -0.0891194 0
3.66859 0.207636 0.155975 -0.0883681 0
3.74811 0.207329 0.155901 -0.0884994 0
3.84656 0.20806 0.155956 -0.088463 0
3.95232 0.207743 0.155967 -0.0886644 0
4.04157 0.208042 0.155978 -0.0883748 0
4.1388 0.208186 0.155914 -0.0875453 0
4.2245 0.207356 0.156024 -0.0885826 0
4.32484 0.208157 0.156014 -0.0878615 0
4.419 0.207632 0.155928 -0.0892132 0
4.53607 0.208002 0.155933 -0.0886529 0
4.64688 0.207937 0.1559 -0.0887892 0
4.74383 0.208114 0.155945 -0.0883489 0
4.86192 0.207659 0.156014 -0.0891195 0
4.94877 0.208088 0.155981 -0.0885319 0
5.06256 0.20777 0.155946 -0.0889577 0
5.15952 0.207424 0.155994 -0.0890587 0
5.26783 0.207981 0.155954 -0.0886194 0
5.35867 0.208141 0.155863 -0.0879366 0
5.5039 0.208037 0.155997 -0.0888104 0
5.56924 0.207713 0.156009 -0.088916 0
5.68525 0.20812 0.155944 -0.0883726 0
5.78697 0.208044 0.155995 -0.088867 0
5.87745 0.208141 0.155933 -0.088174 0
6.00543 0.208113 0.156012 -0.0882679 0
6.07584 0.208097 0.155864 -0.0883676 0
6.18281 0.207554 0.155851 -0.0887491 0
6.2832 0.208208 0.156334 -0.0888548 0
6.38201 0.208466 0.15641 -0.08767 0
6.48032 0.208398 0.156532 -0.0886188 0
6.59363 0.208497 0.156629 -0.0883752 0
6.68626 0.208415 0.156713 -0.0882491 0
6.78661 0.208596 0.156997 -0.0881463 0
6.87252 0.207645 0.15726 -0.0888717 0
6.97243 0.208911 0.157723 -0.0875289 0
7.07646 0.20887 0.158077 -0.0872263 0
7.17404 0.208807 0.158367 -0.0870579 0
7.27515 0.209259 0.158592 -0.0863479 0
7.38688 0.208985 0.159273 -0.087435 0
7.48319 0.209404 0.159762 -0.0864068 0
7.56795 0.208852 0.159967 -0.0856122 0
7.66398 0.208589 0.160281 -0.0852882 0
7.75757 0.207571 0.160724 -0.0847309 0
7.87289 0.207843 0.161064 -0.0850704 0
7.96002 0.210094 0.16095 -0.0814782 0
8.06926 0.209767 0.161601 -0.081272 0
8.15634 0.210284 0.161695 -0.0785848 0
8.26032 0.209962 0.162273 -0.0784113 0
8.34979 0.210661 0.1619 -0.0755694 0
8.45484 0.210091 0.162146 -0.0756517 0
8.54894 0.209773 0.16225 -0.0731327 0
8.66092 0.211647 0.162878 -0.0719645 0
8.74993 0.211737 0.162473 -0.0712322 0
8.84815 0.211181 0.162601 -0.072583 0
8.93881 0.21042 0.163062 -0.0715584 0
9.03772 0.209555 0.163231 -0.0720841 0
9.14167 0.209957 0.163239 -0.0709092 0
9.23702 0.210611 0.16321 -0.0686513 0
9.33916 0.209478 0.163112 -0.0691379 0
9.44453 0.211607 0.163677 -0.0662563 0
9.5372 0.21186 0.163757 -0.0653101 0
9.63141 0.211251 0.163943 -0.0647826 0
9.73992 0.211773 0.163984 -0.0630772 0
9.82884 0.211192 0.163743 -0.0615222 0
9.9407 0.21154 0.163763 -0.0605704 0
10.0266 0.210829 0.16388 -0.0596603 0
10.1354 0.210945 0.163593 -0.0592799 0
10.2332 0.211064 0.163584 -0.0566347 0
10.3361 0.211912 0.163701 -0.056029 0
10.4306 0.211398 0.163563 -0.0555357 0
10.5373 0.210306 0.163663 -0.0559818 1
10.6365 0.210814 0.163543 -0.0541424 1
10.7347 0.21101 0.163572 -0.0530006 1
10.8343 0.209508 0.163449 -0.0537972 1
10.9353 0.209679 0.163529 -0.0534989 1
11.0284 0.209577 0.163246 -0.0527783 1
11.1406 0.210102 0.163417 -0.0526021 1
11.2317 0.209636 0.163518 -0.0526064 1
11.3448 0.210293 0.163491 -0.0529416 1
11.4363 0.210996 0.163106 -0.0515612 1
11.5381 0.21164 0.164107 -0.0526305 1
11.6366 0.213482 0.164056 -0.0505402 1
11.7377 0.215252 0.164855 -0.050661 1
11.8329 0.217982 0.165075 -0.0492355 1
11.9364 0.218988 0.166211 -0.0495928 1
12.036 0.223744 0.166829 -0.0470713 1
12.137 0.226117 0.167493 -0.0469755 1
12.2353 0.231508 0.167585 -0.0428086 1
12.3304 0.236407 0.169106 -0.0444421 1
12.4404 0.242551 0.169446 -0.0399753 1
12.5482 0.245578 0.170545 -0.0401988 1
12.6336 0.250589 0.171184 -0.0408174 1
12.7427 0.256024 0.172267 -0.0381402 1
12.8358 0.264541 0.172872 -0.0366471 1
12.9437 0.269974 0.173106 -0.0362462 1
13.0363 0.277115 0.174022 -0.0357675 1
13.1437 0.283536 0.174767 -0.0335354 1
13.2423 0.292096 0.174572 -0.0323982 1
13.3413 0.29977 0.175433 -0.0309851 1
13.4343 0.309322 0.175106 -0.0284527 1
13.5404 0.314336 0.175504 -0.02811 1
13.6392 0.321793 0.175793 -0.0280584 1
13.7436 0.329828 0.175775 -0.0264706 1
13.8417 0.339767 0.175173 -0.0242008 1
13.9388 0.348102 0.175157 -0.0248289 1
14.0379 0.358147 0.17497 -0.0229871 1
14.1355 0.363772 0.174634 -0.0250819 1
14.2339 0.373013 0.173636 -0.0240022 1
14.3335 0.380825 0.172488 -0.0218805 1
14.4308 0.390357 0.171634 -0.0226385 1
14.5386 0.397589 0.170617 -0.0224493 1
14.6351 0.405791 0.170115 -0.0228899 1
14.7305 0.411728 0.168678 -0.0244042 1
14.8292 0.418906 0.16763 -0.0250433 1
14.9437 0.427332 0.165894 -0.0241003 1
15.0342 0.434616 0.164991 -0.025966 1
15.1375 0.43816 0.163778 -0.0285355 1
15.2287 0.444904 0.162497 -0.0285019 1
15.3368 0.450529 0.161541 -0.0306238 1
15.4454 0.455685 0.160197 -0.0323408 1
15.5331 0.458653 0.15904 -0.0334405 1
15.6246 0.464802 0.158549 -0.0333077 1
15.7261 0.466238 0.157186 -0.0345376 1
15.8145 0.469735 0.156617 -0.0358422 1
15.922 0.471419 0.155474 -0.0371076 2
16.0294 0.473101 0.155073 -0.0369637 2
16.1141 0.474711 0.155007 -0.0390035 2
16.215 0.475161 0.155022 -0.0390144 2
16.331 0.476093 0.155361 -0.041531 2
16.4253 0.476599 0.155178 -0.0408336 2
16.5202 0.476608 0.154935 -0.0422971 2
16.6208 0.476754 0.15453 -0.0407401 2
16.7154 0.476677 0.15372 -0.0387605 2
16.8158 0.476743 0.153271 -0.0392597 2
16.9081 0.477437 0.152906 -0.0398964 2
17.0053 0.47735 0.151618 -0.0388608 2
17.0962 0.477593 0.15086 -0.0388063 2
17.1971 0.477138 0.149937 -0.0402823 2
17.2885 0.47812 0.149118 -0.0395447 2
17.3828 0.478644 0.148002 -0.0374889 2
17.4827 0.478618 0.145709 -0.0359935 2
17.5772 0.479838 0.144776 -0.0380494 2
17.6784 0.479694 0.142949 -0.0389416 2
17.7656 0.480632 0.14161 -0.0374756 2
17.8719 0.480426 0.139613 -0.0378369 2
17.9584 0.48111 0.137534 -0.0382926 2
18.0653 0.481724 0.135437 -0.0369391 2
18.1583 0.481911 0.13337 -0.0365218 2
18.2478 0.482935 0.13177 -0.0393995 2
18.3525 0.483844 0.129774 -0.0364932 2
18.4488 0.4844 0.127722 -0.0368749 2
18.5504 0.484914 0.124366 -0.03605 2
18.6499 0.485148 0.121893 -0.0359223 2
18.7481 0.485493 0.118929 -0.0387111 2
18.8435 0.486769 0.117087 -0.0347912 2
18.9475 0.48786 0.113693 -0.0363467 2
19.0351 0.488558 0.110587 -0.0355065 2
19.1447 0.488986 0.107364 -0.0365388 2
19.231 0.489193 0.104172 -0.0360448 2
19.3301 0.490976 0.101732 -0.0340734 2
19.4213 0.490579 0.098358 -0.035048 2
19.5323 0.492535 0.0950453 -0.0328497 2
19.6316 0.49239 0.0914772 -0.0353771 2
19.7287 0.492894 0.0882251 -0.0369362 2
19.8149 0.493774 0.0850775 -0.0363663 2
19.9047 0.495246 0.0817591 -0.0347226 2
20.0146 0.495319 0.0774543 -0.0348588 2
20.1016 0.494662 0.0737482 -0.0405398 2
20.2051 0.49543 0.0693194 -0.0382614 2
20.2924 0.496351 0.0661355 -0.0396302 2
20.3978 0.497036 0.0621884 -0.0361943 2
20.4871 0.497436 0.0581906 -0.0376604 2
20.5865 0.499004 0.0548076 -0.0373768 2
20.685 0.499769 0.0504259 -0.0352003 2
20.7842 0.500235 0.0467085 -0.0353516 2
20.8815 0.500906 0.0421812 -0.0357202 2
20.9751 0.500754 0.0378365 -0.0347682 2
21.0729 0.50146 0.0344008 -0.0360755 2
21.1642 0.502109 0.0300677 -0.0348956 2
21.2582 0.501593 0.0259646 -0.0356268 2
21.3521 0.504117 0.022638 -0.0339522 2
21.4606 0.50192 0.0166207 -0.0365908 2
21.5583 0.503445 0.0130913 -0.0344539 2
21.6612 0.505139 0.00795859 -0.032825 2
21.7566 0.504073 0.00413042 -0.035605 2
21.8544 0.504397 -0.00124463 -0.0344091 2
21.9654 0.503673 -0.0058409 -0.0366785 2
22.0548 0.504483 -0.0105562 -0.0361955 2
22.1463 0.504099 -0.014436 -0.0358128 2
22.2395 0.504519 -0.0189489 -0.034924 2
22.3409 0.50354 -0.0232451 -0.0371974 2
22.4357 0.504071 -0.0276691 -0.0377957 2
22.5433 0.503605 -0.0332568 -0.0381894 2
22.6377 0.503239 -0.0366302 -0.0372019 2
22.7362 0.503385 -0.0418763 -0.0354837 2
22.8272 0.503524 -0.0456292 -0.0376201 2
22.9268 0.502651 -0.0509392 -0.0385892 2
23.0304 0.502274 -0.0553599 -0.0385675 2
23.1263 0.502542 -0.0600204 -0.0371462 2
23.2235 0.501152 -0.0637684 -0.0430189 2
23.3418 0.502307 -0.0708752 -0.0348925 2
23.4179 0.501688 -0.0739625 -0.0391212 2
23.5312 0.499941 -0.0791075 -0.0350491 2
23.639 0.499978 -0.0835261 -0.0345964 2
23.7227 0.498762 -0.0879571 -0.0375109 2
23.8139 0.498477 -0.0915978 -0.0306724 2
23.8991 0.498354 -0.0951811 -0.0306193 2
23.999 0.497852 -0.0988081 -0.0317548 2
24.1005 0.497437 -0.102803 -0.0287259 2
24.1994 0.495747 -0.106877 -0.0347062 2
24.3025 0.49584 -0.111422 -0.0344666 2
24.4069 0.49428 -0.114999 -0.0340475 2
24.5137 0.4935 -0.11908 -0.0342974 2
24.6085 0.491959 -0.122214 -0.0330885 2
24.6945 0.491312 -0.126988 -0.0375153 2
24.7836 0.490374 -0.12853 -0.0391388 2
24.8791 0.489986 -0.133192 -0.0373456 2
24.9718 0.488421 -0.137305 -0.0394663 2
25.0671 0.488236 -0.140083 -0.0386182 2
25.1729 0.487186 -0.144154 -0.0390623 2
25.2596 0.486678 -0.146917 -0.0380554 2
25.3551 0.485621 -0.150348 -0.0400281 2
25.4567 0.485248 -0.153755 -0.0378506 2
25.5442 0.483974 -0.156173 -0.039989 2
25.6388 0.483672 -0.159496 -0.0393362 2
25.74 0.481872 -0.163111 -0.0405383 2
25.8422 0.481332 -0.166115 -0.0400319 2
25.9333 0.479814 -0.168353 -0.0405318 2
26.0341 0.479069 -0.17169 -0.0409366 2
26.1275 0.477998 -0.174518 -0.0409172 2
26.2245 0.47756 -0.176829 -0.0391382 2
26.3188 0.476027 -0.178755 -0.0407389 2
26.4222 0.475364 -0.182358 -0.0411247 2
26.538 0.474953 -0.184519 -0.0403625 2
26.6261 0.474516 -0.18616 -0.0401733 2
26.7152 0.473997 -0.188367 -0.0406212 2
26.8111 0.473048 -0.190692 -0.0376824 2
26.9166 0.47322 -0.192414 -0.0384734 2
27.018 0.472118 -0.193563 -0.0386899 2
27.1113 0.471798 -0.195505 -0.0372386 2
27.1991 0.471158 -0.197055 -0.0377299 2
27.2981 0.470855 -0.198264 -0.0381052 2
27.3983 0.470083 -0.199648 -0.0370259 2
27.4983 0.470047 -0.200238 -0.0366382 2
27.6004 0.46921 -0.201724 -0.0365226 3
27.6987 0.469097 -0.202993 -0.0370527 3
27.792 0.468547 -0.203385 -0.0368457 3
27.8907 0.468424 -0.204037 -0.0374869 3
28.0026 0.467785 -0.204067 -0.0362734 3
28.0987 0.467537 -0.204659 -0.0383066 3
28.2025 0.467625 -0.204598 -0.0368726 3
28.2984 0.467443 -0.205282 -0.0384001 3
28.4226 0.467704 -0.205053 -0.0371489 3
28.5095 0.467276 -0.205029 -0.037598 3
28.6062 0.467244 -0.204919 -0.0375372 3
28.7 0.467265 -0.205238 -0.0381652 3
28.7798 0.467366 -0.204867 -0.0377606 3
28.8641 0.467792 -0.205446 -0.0379012 3
28.9467 0.467484 -0.20504 -0.0378464 3
29.0459 0.467361 -0.205218 -0.0373121 3
29.1436 0.467627 -0.205219 -0.0370683 3
29.2325 0.4678 -0.205212 -0.0372036 3
29.3244 0.46748 -0.205566 -0.0375162 3
29.4351 0.467629 -0.205878 -0.0376602 3
29.5252 0.468081 -0.206241 -0.0363693 3
29.6209 0.467642 -0.205841 -0.0366677 3
29.7124 0.467898 -0.206626 -0.036891 3
29.8059 0.468058 -0.206741 -0.0369059 3
29.904 0.467421 -0.206617 -0.0374662 3
30.0127 0.467888 -0.206881 -0.0365115 3
30.1084 0.467729 -0.207054 -0.0360345 3
30.209 0.467153 -0.207409 -0.0357998 3
30.2972 0.467832 -0.207425 -0.0358091 3
30.3984 0.467695 -0.207747 -0.0353609 3
30.4963 0.467728 -0.207926 -0.0351811 3
30.6034 0.467727 -0.207593 -0.033534 4
30.6919 0.467807 -0.208332 -0.0335617 4
30.7816 0.468126 -0.20826 -0.0319713 4
30.8683 0.468014 -0.208274 -0.033509 4
30.9715 0.468202 -0.208536 -0.0313065 4
31.0689 0.467589 -0.208442 -0.0329243 4
31.1665 0.467393 -0.208674 -0.0320378 4
31.2611 0.46873 -0.208881 -0.0293344 4
31.3694 0.46773 -0.209617 -0.0316621 4
31.4823 0.467956 -0.209488 -0.0314259 4
31.5983 0.46766 -0.209501 -0.0307899 4
31.6775 0.46826 -0.208836 -0.0303528 4
31.7629 0.467737 -0.208451 -0.032036 4
31.8549 0.468009 -0.207523 -0.0317097 4
31.9677 0.468193 -0.205898 -0.0320264 4
32.0581 0.468555 -0.20458 -0.0320443 4
32.1556 0.468074 -0.203246 -0.0324475 4
32.2463 0.46841 -0.201291 -0.0338026 4
32.3458 0.468556 -0.200276 -0.0329992 4
32.4399 0.468524 -0.19822 -0.034185 4
32.5433 0.468589 -0.196895 -0.0335185 4
32.6523 0.469119 -0.193322 -0.0330464 4
32.75 0.469504 -0.189985 -0.0332987 4
32.8428 0.469406 -0.188454 -0.0346226 4
32.9339 0.469531 -0.187209 -0.0345965 4
33.0365 0.469764 -0.184965 -0.0361233 4
33.136 0.469584 -0.182099 -0.0373766 4
33.2325 0.469839 -0.179866 -0.0365878 4
33.3303 0.469699 -0.178297 -0.0369272 4
33.4311 0.470089 -0.176141 -0.0384634 4
33.5355 0.470128 -0.174094 -0.0383375 4
33.6344 0.470144 -0.172322 -0.0383951 4
33.7222 0.469428 -0.171047 -0.0393422 4
33.8306 0.470263 -0.170286 -0.0406104 4
33.9252 0.469532 -0.169066 -0.0409797 4
34.0233 0.469411 -0.167453 -0.0408775 4
34.1179 0.469248 -0.166754 -0.0421843 4
34.2249 0.46911 -0.16624 -0.0411942 5
34.3307 0.46913 -0.165174 -0.0414395 5
34.4294 0.469195 -0.165246 -0.0413255 5
34.5465 0.469642 -0.166375 -0.0424233 5
34.6298 0.469414 -0.167374 -0.042852 5
34.7586 0.468701 -0.168091 -0.0406424 5
34.839 0.469411 -0.169175 -0.041095 5
34.9416 0.469267 -0.168823 -0.0408031 5
35.0282 0.469092 -0.168431 -0.0408857 5
35.1198 0.46971 -0.168804 -0.0411933 5
35.2415 0.469456 -0.16867 -0.040204 5
35.3383 0.470015 -0.16895 -0.0411528 5
35.4269 0.469878 -0.169016 -0.0411277 5
35.5242 0.470273 -0.168861 -0.0392315 5
35.6471 0.470138 -0.16904 -0.0402078 5
35.7418 0.470105 -0.16916 -0.040522 5
35.8308 0.470744 -0.169304 -0.0393439 5
35.9339 0.471428 -0.16877 -0.0398304 5
36.0309 0.471389 -0.168368 -0.0394735 5
36.1183 0.471938 -0.168662 -0.0403899 5
36.2101 0.472178 -0.16856 -0.0406817 5
36.3085 0.473227 -0.168428 -0.0396567 5
36.4208 0.472592 -0.168051 -0.0412958 5
36.5043 0.474133 -0.168891 -0.0414266 5
36.6155 0.474025 -0.168269 -0.0413269 5
36.7121 0.474532 -0.167677 -0.0411497 5
36.8175 0.473935 -0.167864 -0.0410254 5
36.9007 0.474428 -0.167511 -0.0402667 5
37.0025 0.475572 -0.16769 -0.0410869 5
37.0965 0.475676 -0.167379 -0.0414625 5
37.1919 0.475558 -0.167551 -0.0405731 5
37.2933 0.476358 -0.167001 -0.0402324 5
37.3911 0.476738 -0.167114 -0.0401273 5
37.4798 0.477136 -0.167829 -0.0424433 5
37.5786 0.47731 -0.167284 -0.041324 5
37.6924 0.478053 -0.166964 -0.0414687 5
37.7922 0.47796 -0.166822 -0.0412868 5
37.8834 0.478152 -0.166684 -0.041117 5
37.9799 0.478625 -0.167061 -0.0430875 5
38.0714 0.479218 -0.16625 -0.0425861 5
38.1904 0.479045 -0.166054 -0.0422811 5
38.2873 0.479571 -0.166322 -0.043112 5
38.3826 0.479453 -0.166125 -0.0429351 5
38.4836 0.479814 -0.166005 -0.0424843 5
38.5914 0.480411 -0.165955 -0.0427634 5
38.6795 0.480609 -0.165355 -0.0428766 5
38.7811 0.480659 -0.165232 -0.0428455 5
38.873 0.481544 -0.165755 -0.0419057 5
38.9779 0.481253 -0.16528 -0.0431082 5
39.1204 0.482106 -0.165487 -0.0426586 5
39.222 0.482403 -0.16577 -0.0429759 6
39.3154 0.482815 -0.165468 -0.0421963 6
39.4226 0.482703 -0.165686 -0.0427244 6
39.5082 0.482751 -0.166069 -0.0436232 6
39.6069 0.483195 -0.165743 -0.0424765 6
39.6919 0.483118 -0.166051 -0.0433389 6
39.7796 0.483054 -0.165937 -0.0430298 6
39.8747 0.483287 -0.166053 -0.0439181 6
39.9895 0.483333 -0.16587 -0.0431499 6
40.0735 0.483578 -0.165761 -0.0437038 6
40.1819 0.483326 -0.165978 -0.0437542 6
40.2643 0.483207 -0.166051 -0.0429045 6
40.3559 0.48331 -0.166273 -0.0442686 6
40.4609 0.48326 -0.165522 -0.0431879 6
40.5699 0.4832 -0.165859 -0.0446976 6
40.6979 0.483083 -0.165149 -0.0418124 6
40.7904 0.483746 -0.165434 -0.0424774 6
40.8777 0.483563 -0.165807 -0.0438185 6
41.0041 0.483344 -0.166258 -0.0432096 6
41.0842 0.483404 -0.165375 -0.0425543 6
41.1771 0.483718 -0.166131 -0.0432493 6
41.292 0.483215 -0.16554 -0.0426406 6
41.385 0.483507 -0.166029 -0.0435768 6
41.4953 0.483283 -0.165813 -0.0442508 6
41.586 0.483283 -0.165452 -0.0431892 6
41.672 0.483272 -0.165523 -0.0425848 6
41.791 0.483467 -0.165464 -0.04298 6
41.8857 0.483159 -0.165214 -0.0430562 6
41.9746 0.48361 -0.165146 -0.0424341 6
42.0927 0.483118 -0.165481 -0.0423664 6
42.1726 0.483345 -0.165362 -0.0425903 6
42.2693 0.483931 -0.166065 -0.042976 6
42.3808 0.483071 -0.165895 -0.0441245 6
42.4666 0.483452 -0.165238 -0.0426994 6
42.5848 0.48351 -0.165654 -0.0423325 6
42.6825 0.483448 -0.165859 -0.0445253 6
42.7823 0.483218 -0.165683 -0.0429103 6
42.8839 0.483364 -0.165847 -0.0428451 6
42.9965 0.483467 -0.165512 -0.0440988 6
43.0898 0.483593 -0.165661 -0.0428346 6
43.1953 0.483605 -0.165607 -0.0429357 6
43.2892 0.483601 -0.16578 -0.043907 6
43.3848 0.483546 -0.166204 -0.0432703 6
43.4928 0.483294 -0.165332 -0.0419616 6
43.6028 0.483352 -0.165547 -0.0430391 6
43.7018 0.483344 -0.165757 -0.0438916 6
43.7832 0.483427 -0.165413 -0.0431 6
43.9088 0.483422 -0.165376 -0.0431103 6
43.987 0.483568 -0.165653 -0.0428182 6
44.1131 0.483284 -0.165377 -0.043025 6
44.2013 0.483462 -0.16509 -0.0430549 6
44.2825 0.483268 -0.165374 -0.0429322 6
44.4054 0.483493 -0.165776 -0.0448156 6
44.4957 0.483271 -0.166064 -0.0433567 6
44.6009 0.483369 -0.165746 -0.0439578 6
44.703 0.483457 -0.165282 -0.0428459 6
44.7936 0.483293 -0.165467 -0.043044 6
44.9003 0.483391 -0.165902 -0.0426527 6
44.99 0.483417 -0.165613 -0.0433224 6
45.0695 0.483513 -0.165445 -0.0428678 6
45.1965 0.483372 -0.165791 -0.0438692 6
45.2836 0.483504 -0.165491 -0.0427707 6
45.384 0.483426 -0.165245 -0.0424125 6
45.495 0.483692 -0.165691 -0.0426912 6
45.5895 0.483387 -0.165398 -0.0430452 6
45.6809 0.483503 -0.165731 -0.0431009 6
45.7763 0.483503 -0.166174 -0.0426005 6
45.8621 0.483445 -0.165444 -0.0438244 6
45.9597 0.483578 -0.165807 -0.0434021 6
46.0652 0.483541 -0.165879 -0.0427886 6
46.1579 0.483242 -0.165957 -0.0440726 6
46.2579 0.483568 -0.165657 -0.0425254 6
46.3482 0.483426 -0.166027 -0.0441403 6
46.4388 0.483408 -0.166207 -0.0443634 6
46.5563 0.483193 -0.165267 -0.0430622 6
46.6415 0.483312 -0.166081 -0.0430308 6
46.7395 0.483312 -0.165563 -0.0431374 6
46.8405 0.483354 -0.165924 -0.0436404 6
46.92 0.483147 -0.166029 -0.0447535 6
47.0299 0.483561 -0.165838 -0.043326 6
47.1303 0.48367 -0.165794 -0.0433338 6
47.2247 0.483565 -0.165281 -0.0419916 6
47.3342 0.483363 -0.166041 -0.0432589 6
47.4302 0.483335 -0.165801 -0.0430069 6
47.5293 0.483458 -0.165838 -0.0428981 6
47.6375 0.483432 -0.165527 -0.0422076 6
47.7312 0.48344 -0.165761 -0.042836 6
47.8266 0.483504 -0.165264 -0.0421349 6
47.9162 0.483328 -0.165501 -0.0426859 6
48.0015 0.483334 -0.165723 -0.0425194 6
48.0892 0.483467 -0.165369 -0.0441138 6
48.1978 0.483406 -0.16554 -0.0433808 6
48.275 0.483389 -0.166091 -0.0436994 6
48.4068 0.483332 -0.165561 -0.043908 6
48.4914 0.483394 -0.165928 -0.0429801 6
48.5893 0.483721 -0.165476 -0.0426105 6
48.7103 0.483096 -0.165999 -0.0441965 6
48.7925 0.483309 -0.165521 -0.0420447 6
48.9156 0.483286 -0.165824 -0.0436253 6
49.0112 0.483153 -0.165599 -0.0431508 6
49.1056 0.483334 -0.166132 -0.0434886 6
49.2143 0.48324 -0.16529 -0.0422637 6
49.3079 0.48334 -0.165629 -0.0428223 6
49.4159 0.483168 -0.165242 -0.0435048 6
49.5164 0.483587 -0.165252 -0.0421597 6
49.6036 0.483368 -0.165235 -0.0437022 6
49.7026 0.483489 -0.16543 -0.0421724 6
49.7863 0.483371 -0.165765 -0.0435938 6
49.8737 0.483447 -0.165712 -0.0433468 6
49.9797 0.483295 -0.165469 -0.0430299 6
50.0738 0.483437 -0.16594 -0.0436125 6
50.1511 0.483363 -0.1657 -0.043464 6
50.2627 0.483128 -0.165583 -0.0425142 6
50.3512 0.483081 -0.165391 -0.0415544 6
50.4656 0.483373 -0.16605 -0.044031 6
50.5715 0.483311 -0.165646 -0.0432815 6
50.6508 0.483433 -0.165406 -0.0439895 6
50.7572 0.483018 -0.165845 -0.0430195 6
50.8607 0.483347 -0.165672 -0.0438813 6
50.9555 0.483644 -0.165007 -0.0422585 6
51.0697 0.483385 -0.165783 -0.0436981 6
51.1519 0.483346 -0.165454 -0.0429241 6
51.2372 0.483269 -0.165746 -0.0435651 6
51.3671 0.483124 -0.165193 -0.0421153 6
51.45 0.483285 -0.165201 -0.04254 6
51.5319 0.483258 -0.166147 -0.0440631 6
51.6454 0.483307 -0.165586 -0.0434626 6
51.7455 0.483073 -0.165893 -0.0437163 6
51.8614 0.483372 -0.165865 -0.0435235 6
51.967 0.483324 -0.165659 -0.0435493 6
52.0664 0.483313 -0.165852 -0.0432571 6
52.17 0.483478 -0.165948 -0.0424074 6
52.243 0.483438 -0.166133 -0.0443441 6
52.328 0.483376 -0.165528 -0.0429189 6
52.4414 0.48341 -0.16579 -0.0440372 6
52.523 0.483585 -0.16547 -0.0428935 6
52.6154 0.483414 -0.165728 -0.0429566 6
52.7178 0.483404 -0.165926 -0.0433986 6
52.8004 0.483534 -0.16601 -0.0449252 6
52.9183 0.483229 -0.165519 -0.0437771 6
53.0032 0.483329 -0.165476 -0.0434011 6
53.0841 0.483205 -0.165793 -0.0435261 6
53.1898 0.483422 -0.165528 -0.0445425 6
53.2764 0.483417 -0.1657 -0.0439882 6
53.3576 0.483199 -0.165913 -0.0434634 6
53.4795 0.483485 -0.165734 -0.0440427 6
53.5631 0.483369 -0.165836 -0.0440839 6
53.6481 0.483393 -0.16576 -0.0419447 6
53.7643 0.483228 -0.165492 -0.0432155 6
53.8386 0.483394 -0.165859 -0.0432932 6
53.9265 0.483318 -0.165937 -0.0442419 6
54.0463 0.483375 -0.165552 -0.0428031 6
54.1346 0.483607 -0.16615 -0.0429549 6
54.2209 0.483149 -0.165409 -0.0421403 6
54.3155 0.483234 -0.165498 -0.0436218 6
54.405 0.483298 -0.165724 -0.0434271 6
54.5355 0.483385 -0.165609 -0.0436579 6
54.6101 0.483312 -0.165778 -0.0432592 6
54.6993 0.483377 -0.165719 -0.0431577 6
54.8058 0.483132 -0.165547 -0.0427058 6
54.8993 0.483372 -0.165774 -0.043803 6
54.9951 0.483481 -0.165527 -0.0423556 6
55.1084 0.483119 -0.16551 -0.0417691 6
55.1932 0.483374 -0.166005 -0.0434646 6
55.2965 0.483369 -0.16555 -0.0430354 6
55.3882 0.483185 -0.165576 -0.0425103 6
55.4667 0.483253 -0.165777 -0.0425643 6
55.5847 0.483121 -0.166288 -0.0447357 6
55.6706 0.483389 -0.166091 -0.0438069 6
55.7595 0.483577 -0.165774 -0.0430836 6
55.8442 0.48344 -0.1659 -0.0433211 6
55.9389 0.48322 -0.165756 -0.0430945 6
56.0392 0.483287 -0.165451 -0.0418674 6
56.137 0.483444 -0.165017 -0.0430287 6
56.2252 0.483572 -0.165778 -0.042716 6
56.3162 0.483284 -0.165578 -0.0436657 6
56.4082 0.483492 -0.165822 -0.0432917 6
56.5 0.483266 -0.16636 -0.0440772 6
56.6123 0.483187 -0.165164 -0.0421201 6
56.7401 0.483445 -0.166127 -0.0444584 6
56.8461 0.483437 -0.165465 -0.0421492 6
56.9253 0.483217 -0.165573 -0.0431468 6
57.0123 0.483257 -0.165959 -0.0437438 6
57.0922 0.483155 -0.166225 -0.044174 6
