0.000120878 0.331674 0.151876 -0.0837568 0
0.0872884 0.331717 0.151904 -0.0838691 0
0.189885 0.331685 0.151799 -0.0840557 0
0.27803 0.331682 0.151876 -0.0842156 0
0.370941 0.331712 0.151868 -0.0843609 0
0.461196 0.331713 0.151889 -0.082614 0
0.541862 0.331761 0.151945 -0.0838276 0
0.631665 0.331684 0.151875 -0.0839182 0
0.72611 0.331725 0.15185 -0.0841856 0
0.815954 0.331714 0.151933 -0.0836783 0
0.897173 0.331702 0.15185 -0.0838857 0
1.01277 0.331712 0.151901 -0.08446 0
1.108 0.331737 0.151928 -0.0839958 0
1.20732 0.331676 0.15189 -0.084547 0
1.31749 0.331658 0.151877 -0.0837399 0
1.42242 0.331748 0.151939 -0.0836577 0
1.52686 0.331727 0.151938 -0.085076 0
1.61632 0.33172 0.15187 -0.0847919 0
1.70308 0.331694 0.151873 -0.0844731 0
1.79845 0.331697 0.151855 -0.0845768 0
1.89497 0.331699 0.151883 -0.0849882 0
2.00001 0.331728 0.151885 -0.0842507 0
2.09205 0.331735 0.151889 -0.0844073 0
2.20027 0.331701 0.151908 -0.0839052 0
2.28434 0.33177 0.151971 -0.0846116 0
2.392 0.33172 0.151928 -0.0851005 0
2.4802 0.33168 0.151919 -0.0843776 0
2.57442 0.331722 0.151996 -0.084193 0
2.67078 0.331662 0.151901 -0.0844426 0
2.76512 0.331735 0.151925 -0.0846025 0
2.86239 0.331658 0.151867 -0.0845154 0
2.96346 0.331681 0.151831 -0.0849266 0
3.0764 0.331691 0.15183 -0.0840708 0
3.17125 0.331749 0.151943 -0.0844171 0
3.26864 0.331679 0.151857 -0.0839568 0
3.36257 0.331738 0.15193 -0.0846866 0
3.46485 0.331672 0.151886 -0.0841203 0
3.56283 0.331777 0.151923 -0.0855388 0
3.66859 0.331721 0.151908 -0.0840994 0
3.74811 0.331678 0.151827 -0.0848417 0
3.84656 0.331717 0.151927 -0.0849901 0
3.95232 0.33172 0.151894 -0.0846639 0
4.04157 0.331738 0.151917 -0.0843802 0
4.1388 0.331701 0.151877 -0.0842441 0
4.2245 0.331748 0.151938 -0.0848686 0
4.32484 0.331718 0.151935 -0.0836901 0
4.419 0.331724 0.151849 -0.0850095 0
4.53607 0.331704 0.151876 -0.0844952 0
4.64688 0.33165 0.151845 -0.0849205 0
4.74383 0.331748 0.151884 -0.0844194 0
4.86192 0.331749 0.151939 -0.0849706 0
4.94877 0.331707 0.151898 -0.0844025 0
5.06256 0.331766 0.15185 -0.0844823 0
5.15952 0.33173 0.151875 -0.0848053 0
5.26783 0.331758 0.151892 -0.084785 0
5.35867 0.331682 0.151846 -0.0846496 0
5.5039 0.331718 0.151901 -0.0843245 0
5.56924 0.331726 0.151896 -0.0844717 0
5.68525 0.331694 0.151889 -0.084491 0
5.78697 0.331692 0.151912 -0.084899 0
5.87745 0.331717 0.151885 -0.0847129 0
6.00543 0.331754 0.151956 -0.0844039 0
6.07584 0.331661 0.151833 -0.0846783 0
6.18281 0.331608 0.151778 -0.0845481 0
6.2832 0.332024 0.152259 -0.0849785 0
6.38201 0.332022 0.152376 -0.0841925 0
6.48032 0.332161 0.152491 -0.0851191 0
6.59363 0.332145 0.15252 -0.0842152 0
6.68626 0.332184 0.152659 -0.0838258 0
6.78661 0.33242 0.152908 -0.0836266 0
6.87252 0.332542 0.153054 -0.0839436 0
6.97243 0.332808 0.153633 -0.0825925 0
7.07646 0.333107 0.154042 -0.0829891 0
7.17404 0.333206 0.154136 -0.0815231 0
7.27515 0.33329 0.154423 -0.0815907 0
7.38688 0.333705 0.155031 -0.0820492 0
7.48319 0.333894 0.155532 -0.0818957 0
7.56795 0.333838 0.155619 -0.0805563 0
7.66398 0.334069 0.155973 -0.0798411 0
7.75757 0.334434 0.156194 -0.0783872 0
7.87289 0.334559 0.156548 -0.0788769 0
7.96002 0.334494 0.1567 -0.0765577 0
8.06926 0.334758 0.157241 -0.07562 0
8.15634 0.334685 0.157437 -0.0744641 0
8.26032 0.334962 0.157888 -0.0734466 0
8.34979 0.334736 0.15785 -0.0714264 0
8.45484 0.334731 0.158046 -0.0721732 0
8.54894 0.33487 0.158138 -0.0693148 0
8.66092 0.335252 0.15855 -0.0679767 0
8.74993 0.335379 0.158391 -0.067486 0
8.84815 0.335322 0.158394 -0.0680826 0
8.93881 0.335506 0.158595 -0.0658652 0
9.03772 0.335324 0.158632 -0.0663686 0
9.14167 0.335453 0.158735 -0.0642143 0
9.23702 0.335558 0.15871 -0.0628254 0
9.33916 0.335152 0.158619 -0.0620568 0
9.44453 0.335665 0.158909 -0.0602207 0
9.5372 0.335806 0.15903 -0.0595199 0
9.63141 0.335332 0.159365 -0.0596274 0
9.73992 0.33546 0.159273 -0.0575688 0
9.82884 0.335241 0.159023 -0.0566942 0
9.9407 0.335262 0.159203 -0.0557874 0
10.0266 0.334964 0.159168 -0.0547094 0
10.1354 0.335079 0.158913 -0.0532457 0
10.2332 0.334924 0.15899 -0.0522698 0
10.3361 0.334961 0.159103 -0.0518482 0
10.4306 0.33491 0.158913 -0.0504784 0
10.5373 0.334847 0.159028 -0.0500088 1
10.6365 0.334753 0.15895 -0.0507285 1
10.7347 0.334281 0.158941 -0.050441 1
10.8343 0.334437 0.158639 -0.0498131 1
10.9353 0.334171 0.158678 -0.0500439 1
11.0284 0.334058 0.158732 -0.0494317 1
11.1406 0.334543 0.158758 -0.0492519 1
11.2317 0.334297 0.158923 -0.0495386 1
11.3448 0.334558 0.158838 -0.0489149 1
11.4363 0.335754 0.158796 -0.0488153 1
11.5381 0.337234 0.15927 -0.0496671 1
11.6366 0.339144 0.159305 -0.0481107 1
11.7377 0.341372 0.159905 -0.0486833 1
11.8329 0.343584 0.160238 -0.0492011 1
11.9364 0.346535 0.161312 -0.0482572 1
12.036 0.350567 0.161859 -0.045735 1
12.137 0.353365 0.162276 -0.0454089 1
12.2353 0.357391 0.162496 -0.0454325 1
12.3304 0.363661 0.163548 -0.0433509 1
12.4404 0.369439 0.164285 -0.040815 1
12.5482 0.372766 0.165395 -0.0400866 1
12.6336 0.37876 0.165493 -0.0394834 1
12.7427 0.384138 0.166463 -0.0389798 1
12.8358 0.391046 0.167057 -0.0379842 1
12.9437 0.397418 0.167822 -0.0331097 1
13.0363 0.405332 0.168534 -0.0315646 1
13.1437 0.411642 0.168946 -0.0298383 1
13.2423 0.418795 0.169418 -0.0314423 1
13.3413 0.425293 0.169965 -0.0301238 1
13.4343 0.4345 0.170275 -0.0274771 1
13.5404 0.439481 0.169821 -0.0271197 1
13.6392 0.448971 0.169755 -0.0282389 1
13.7436 0.4568 0.169471 -0.0241231 1
13.8417 0.465407 0.169439 -0.0297403 1
13.9388 0.472021 0.169674 -0.0265631 1
14.0379 0.484943 0.169915 -0.023623 1
14.1355 0.490502 0.168709 -0.0257193 1
14.2339 0.499132 0.168001 -0.0290168 1
14.3335 0.506659 0.167271 -0.024642 1
14.4308 0.516287 0.166526 -0.0226836 1
14.5386 0.523394 0.165548 -0.0236386 1
14.6351 0.531425 0.163627 -0.024087 1
14.7305 0.538551 0.163658 -0.0219704 1
14.8292 0.545989 0.162538 -0.0246007 1
14.9437 0.553582 0.161738 -0.0226961 1
15.0342 0.560018 0.160614 -0.0228478 1
15.1375 0.565194 0.159205 -0.0243326 1
15.2287 0.570752 0.15796 -0.0260837 1
15.3368 0.575869 0.156812 -0.0249175 1
15.4454 0.580528 0.155507 -0.0269281 1
15.5331 0.584153 0.154581 -0.0260054 1
15.6246 0.588092 0.153997 -0.0259021 1
15.7261 0.590296 0.153073 -0.0285616 1
15.8145 0.593493 0.152582 -0.0294237 1
15.922 0.595831 0.151739 -0.0299463 2
16.0294 0.597311 0.151435 -0.0308355 2
16.1141 0.600127 0.15135 -0.0311865 2
16.215 0.601347 0.151512 -0.0315742 2
16.331 0.602124 0.151055 -0.0313417 2
16.4253 0.602297 0.151172 -0.0321194 2
16.5202 0.602686 0.151 -0.0321026 2
16.6208 0.602738 0.150561 -0.0316581 2
16.7154 0.60223 0.150188 -0.0319673 2
16.8158 0.602778 0.149593 -0.0314389 2
16.9081 0.602999 0.148955 -0.0309776 2
17.0053 0.60283 0.148105 -0.0312758 2
17.0962 0.603023 0.147144 -0.0312673 2
17.1971 0.603148 0.145965 -0.0312512 2
17.2885 0.604153 0.144879 -0.0306423 2
17.3828 0.604207 0.144069 -0.0308249 2
17.4827 0.603866 0.14253 -0.0304509 2
17.5772 0.605161 0.140893 -0.0295417 2
17.6784 0.604257 0.13923 -0.0310308 2
17.7656 0.605901 0.137867 -0.0300898 2
17.8719 0.605742 0.135773 -0.0302877 2
17.9584 0.606672 0.133818 -0.0308794 2
18.0653 0.606932 0.131552 -0.0292739 2
18.1583 0.606702 0.12996 -0.0303873 2
18.2478 0.608201 0.128077 -0.0298375 2
18.3525 0.608514 0.125673 -0.0288759 2
18.4488 0.609765 0.123502 -0.0291536 2
18.5504 0.609585 0.120279 -0.0287266 2
18.6499 0.610353 0.117958 -0.0295475 2
18.7481 0.610427 0.11506 -0.0301398 2
18.8435 0.611661 0.1126 -0.0292474 2
18.9475 0.612255 0.109466 -0.0288212 2
19.0351 0.612981 0.106581 -0.0281763 2
19.1447 0.613669 0.103663 -0.0294573 2
19.231 0.614502 0.100544 -0.0294114 2
19.3301 0.615156 0.0976336 -0.0280859 2
19.4213 0.615516 0.0945218 -0.0285731 2
19.5323 0.616562 0.090726 -0.0271413 2
19.6316 0.617151 0.0873967 -0.026472 2
19.7287 0.617221 0.0841982 -0.0293841 2
19.8149 0.618232 0.0808423 -0.0280502 2
19.9047 0.619318 0.0778077 -0.0283632 2
20.0146 0.619276 0.073739 -0.0277139 2
20.1016 0.620143 0.0701704 -0.0305685 2
20.2051 0.620864 0.0661357 -0.0292345 2
20.2924 0.621534 0.0621487 -0.0294611 2
20.3978 0.622126 0.0581306 -0.0276361 2
20.4871 0.622171 0.0548576 -0.0291705 2
20.5865 0.623592 0.0509031 -0.0282222 2
20.685 0.623563 0.0467712 -0.0280774 2
20.7842 0.624614 0.0429979 -0.0288285 2
20.8815 0.625339 0.0384296 -0.0267716 2
20.9751 0.625529 0.034583 -0.0286141 2
21.0729 0.626256 0.0301744 -0.0278352 2
21.1642 0.626928 0.0263481 -0.0276618 2
21.2582 0.62667 0.0224463 -0.0290079 2
21.3521 0.6275 0.0183214 -0.0263411 2
21.4606 0.627534 0.0131093 -0.0287513 2
21.5583 0.628584 0.00864658 -0.0262632 2
21.6612 0.628673 0.00412515 -0.0273158 2
21.7566 0.629093 -2.58386e-05 -0.0278879 2
21.8544 0.629245 -0.00522149 -0.0275075 2
21.9654 0.629111 -0.00937781 -0.0287244 2
22.0548 0.629112 -0.0138991 -0.0285142 2
22.1463 0.628942 -0.017838 -0.0283926 2
22.2395 0.630301 -0.0226816 -0.0269004 2
22.3409 0.629177 -0.0271001 -0.0292197 2
22.4357 0.630214 -0.0316074 -0.0283812 2
22.5433 0.62949 -0.0367404 -0.0295764 2
22.6377 0.629636 -0.0412499 -0.028747 2
22.7362 0.630165 -0.0458224 -0.0289225 2
22.8272 0.629923 -0.049459 -0.0297189 2
22.9268 0.629648 -0.0542244 -0.0301645 2
23.0304 0.629822 -0.0593503 -0.0306552 2
23.1263 0.63066 -0.0636172 -0.0314741 2
23.2235 0.629324 -0.0683757 -0.0306598 2
23.3418 0.629342 -0.0746754 -0.02752 2
23.4179 0.62943 -0.0773619 -0.0260923 2
23.5312 0.629223 -0.0822063 -0.0271755 2
23.639 0.627768 -0.0871247 -0.0256738 2
23.7227 0.626932 -0.0910201 -0.0252907 2
23.8139 0.626127 -0.0946047 -0.023799 2
23.8991 0.626181 -0.0983605 -0.0221507 2
23.999 0.625408 -0.102051 -0.0221482 2
24.1005 0.624539 -0.105855 -0.0211446 2
24.1994 0.623811 -0.110664 -0.0218526 2
24.3025 0.623648 -0.114891 -0.0209045 2
24.4069 0.621494 -0.118501 -0.021241 2
24.5137 0.620894 -0.12311 -0.0206739 2
24.6085 0.619892 -0.126776 -0.0214453 2
24.6945 0.618911 -0.130968 -0.0203579 2
24.7836 0.617491 -0.133222 -0.0204746 2
24.8791 0.618135 -0.137681 -0.02136 2
24.9718 0.61658 -0.141444 -0.0222685 2
25.0671 0.616001 -0.144416 -0.0218978 2
25.1729 0.615426 -0.148361 -0.0228272 2
25.2596 0.614284 -0.150644 -0.0214717 2
25.3551 0.612981 -0.154199 -0.0233208 2
25.4567 0.612015 -0.156857 -0.023114 2
25.5442 0.611249 -0.160077 -0.022624 2
25.6388 0.610762 -0.163676 -0.0219433 2
25.74 0.609961 -0.166381 -0.0234827 2
25.8422 0.609363 -0.16948 -0.0227335 2
25.9333 0.609064 -0.172396 -0.0233539 2
26.0341 0.608291 -0.175678 -0.0234666 2
26.1275 0.607826 -0.177627 -0.0242125 2
26.2245 0.607388 -0.180911 -0.0235546 2
26.3188 0.607111 -0.183212 -0.02486 2
26.4222 0.606451 -0.186181 -0.0247065 2
26.538 0.606279 -0.188356 -0.0235641 2
26.6261 0.605657 -0.190331 -0.0243578 2
26.7152 0.604838 -0.192664 -0.0250184 2
26.8111 0.604906 -0.194045 -0.0219459 2
26.9166 0.604246 -0.196041 -0.0219453 2
27.018 0.604118 -0.197594 -0.0223085 2
27.1113 0.603409 -0.199564 -0.0215786 2
27.1991 0.602069 -0.201182 -0.0226085 2
27.2981 0.602169 -0.201932 -0.0217387 2
27.3983 0.601098 -0.202896 -0.0217004 2
27.4983 0.600274 -0.204085 -0.0212803 2
27.6004 0.600349 -0.205425 -0.0211909 3
27.6987 0.599816 -0.206557 -0.0216117 3
27.792 0.599547 -0.207066 -0.0221453 3
27.8907 0.59881 -0.207278 -0.0220747 3
28.0026 0.599062 -0.207785 -0.0212539 3
28.0987 0.598827 -0.208139 -0.0216689 3
28.2025 0.597885 -0.208421 -0.0212476 3
28.2984 0.597919 -0.208574 -0.0223966 3
28.4226 0.597792 -0.208805 -0.0225647 3
28.5095 0.597755 -0.209152 -0.0225575 3
28.6062 0.597808 -0.208876 -0.0225777 3
28.7 0.59776 -0.209063 -0.0234102 3
28.7798 0.597799 -0.208862 -0.0230655 3
28.8641 0.598062 -0.209106 -0.0224064 3
28.9467 0.597781 -0.208906 -0.0226578 3
29.0459 0.59782 -0.209375 -0.0227995 3
29.1436 0.597771 -0.208827 -0.0215303 3
29.2325 0.598184 -0.208818 -0.0210054 3
29.3244 0.598068 -0.209727 -0.0220054 3
29.4351 0.598382 -0.20993 -0.0219996 3
29.5252 0.59828 -0.210227 -0.0212294 3
29.6209 0.59803 -0.210054 -0.0207576 3
29.7124 0.598407 -0.210509 -0.0202702 3
29.8059 0.598914 -0.210586 -0.0195736 3
29.904 0.598632 -0.210488 -0.0201079 3
30.0127 0.598683 -0.210819 -0.018714 3
30.1084 0.598941 -0.210908 -0.0183422 3
30.209 0.598657 -0.211003 -0.0184929 3
30.2972 0.597856 -0.21108 -0.0183481 3
30.3984 0.598758 -0.211301 -0.0173643 3
30.4963 0.598347 -0.211439 -0.0166264 3
30.6034 0.599083 -0.211361 -0.0161541 4
30.6919 0.599077 -0.211704 -0.0155467 4
30.7816 0.598142 -0.211607 -0.0153631 4
30.8683 0.599171 -0.211778 -0.0151004 4
30.9715 0.597453 -0.211512 -0.0144437 4
31.0689 0.597984 -0.211891 -0.0145391 4
31.1665 0.598292 -0.211862 -0.0142138 4
31.2611 0.598165 -0.212142 -0.0144138 4
31.3694 0.598088 -0.212189 -0.0140167 4
31.4823 0.597682 -0.212263 -0.0133886 4
31.5983 0.597755 -0.212087 -0.0132213 4
31.6775 0.597641 -0.211779 -0.0135894 4
31.7629 0.597647 -0.211125 -0.0130908 4
31.8549 0.598662 -0.210352 -0.0137192 4
31.9677 0.598219 -0.208841 -0.0141912 4
32.0581 0.598657 -0.207377 -0.014047 4
32.1556 0.597503 -0.205893 -0.0141043 4
32.2463 0.599148 -0.203951 -0.015478 4
32.3458 0.59835 -0.202893 -0.0160393 4
32.4399 0.599302 -0.200993 -0.016133 4
32.5433 0.598555 -0.199529 -0.0148149 4
32.6523 0.598963 -0.19584 -0.0151338 4
32.75 0.599197 -0.192281 -0.0149766 4
32.8428 0.599345 -0.190525 -0.0154579 4
32.9339 0.599576 -0.189051 -0.0155701 4
33.0365 0.599407 -0.187125 -0.0175693 4
33.136 0.598961 -0.185096 -0.0186743 4
33.2325 0.599481 -0.183061 -0.0187118 4
33.3303 0.599145 -0.180973 -0.0191875 4
33.4311 0.600071 -0.178809 -0.0196311 4
33.5355 0.59977 -0.177278 -0.0213892 4
33.6344 0.59968 -0.175788 -0.0220084 4
33.7222 0.598572 -0.174337 -0.0228012 4
33.8306 0.600029 -0.172889 -0.0224626 4
33.9252 0.599239 -0.172495 -0.0229457 4
34.0233 0.598018 -0.171226 -0.0241444 4
34.1179 0.598813 -0.170968 -0.0250454 4
34.2249 0.599154 -0.169888 -0.0249631 5
34.3307 0.59787 -0.169376 -0.0256582 5
34.4294 0.599477 -0.168659 -0.0253577 5
34.5465 0.598481 -0.168953 -0.0248334 5
34.6298 0.598616 -0.17056 -0.0241017 5
34.7586 0.598327 -0.172541 -0.0242538 5
34.839 0.598458 -0.172879 -0.0232121 5
34.9416 0.59852 -0.172242 -0.0238434 5
35.0282 0.598663 -0.172577 -0.0236552 5
35.1198 0.598868 -0.172184 -0.0239273 5
35.2415 0.598504 -0.172605 -0.0234883 5
35.3383 0.599332 -0.17249 -0.0234883 5
35.4269 0.599271 -0.172615 -0.023234 5
35.5242 0.59977 -0.172646 -0.0232389 5
35.6471 0.599419 -0.172621 -0.0234043 5
35.7418 0.599619 -0.173221 -0.0240266 5
35.8308 0.600678 -0.172924 -0.0235398 5
35.9339 0.600551 -0.172417 -0.0236214 5
36.0309 0.601434 -0.172493 -0.0236379 5
36.1183 0.601032 -0.172551 -0.0238891 5
36.2101 0.601653 -0.172243 -0.0243604 5
36.3085 0.603475 -0.172056 -0.0238063 5
36.4208 0.602386 -0.171867 -0.0248107 5
36.5043 0.60462 -0.171521 -0.0232692 5
36.6155 0.603787 -0.171345 -0.0236975 5
36.7121 0.604418 -0.17133 -0.025102 5
36.8175 0.603932 -0.171296 -0.0249366 5
36.9007 0.604665 -0.171193 -0.0251526 5
37.0025 0.604436 -0.171123 -0.0245806 5
37.0965 0.604347 -0.170694 -0.0254286 5
37.1919 0.605312 -0.170792 -0.0249069 5
37.2933 0.60577 -0.17011 -0.0246674 5
37.3911 0.605685 -0.170464 -0.025598 5
37.4798 0.606 -0.170446 -0.0256419 5
37.5786 0.607074 -0.17002 -0.0253452 5
37.6924 0.607159 -0.170036 -0.0266911 5
37.7922 0.607741 -0.170057 -0.0260529 5
37.8834 0.607766 -0.170008 -0.025926 5
37.9799 0.608582 -0.170033 -0.0265829 5
38.0714 0.609138 -0.169741 -0.0264284 5
38.1904 0.609384 -0.169572 -0.0258354 5
38.2873 0.609266 -0.169852 -0.026338 5
38.3826 0.60927 -0.169812 -0.0265886 5
38.4836 0.609737 -0.169721 -0.0264016 5
38.5914 0.609472 -0.169168 -0.0266347 5
38.6795 0.610332 -0.16907 -0.0270401 5
38.7811 0.610055 -0.168777 -0.0274006 5
38.873 0.610921 -0.169234 -0.0269856 5
38.9779 0.610556 -0.168617 -0.0273771 5
39.1204 0.610889 -0.168754 -0.0273166 5
39.222 0.611172 -0.16889 -0.0274491 6
39.3154 0.611106 -0.168591 -0.0272169 6
39.4226 0.611812 -0.168886 -0.0271247 6
39.5082 0.612686 -0.169201 -0.0281435 6
39.6069 0.612641 -0.168754 -0.0268042 6
39.6919 0.612783 -0.169149 -0.0268318 6
39.7796 0.612132 -0.168818 -0.0272572 6
39.8747 0.613087 -0.169156 -0.0268931 6
39.9895 0.613078 -0.169471 -0.0268329 6
40.0735 0.612557 -0.168687 -0.027018 6
40.1819 0.612835 -0.16893 -0.0271865 6
40.2643 0.612793 -0.168749 -0.0266762 6
40.3559 0.613094 -0.169217 -0.0267789 6
40.4609 0.612735 -0.168608 -0.026921 6
40.5699 0.612817 -0.16891 -0.0270483 6
40.6979 0.613011 -0.168791 -0.0272748 6
40.7904 0.612988 -0.168837 -0.0270685 6
40.8777 0.612879 -0.168758 -0.0269334 6
41.0041 0.613204 -0.169397 -0.0274217 6
41.0842 0.612565 -0.168509 -0.0274702 6
41.1771 0.613073 -0.169004 -0.02699 6
41.292 0.613185 -0.168608 -0.0262829 6
41.385 0.612694 -0.168907 -0.0278028 6
41.4953 0.612769 -0.168834 -0.0270755 6
41.586 0.612597 -0.168558 -0.027093 6
41.672 0.61294 -0.16895 -0.0274045 6
41.791 0.612893 -0.168716 -0.0277335 6
41.8857 0.612664 -0.168866 -0.0274867 6
41.9746 0.612909 -0.16872 -0.027034 6
42.0927 0.612737 -0.16881 -0.0273488 6
42.1726 0.612754 -0.168436 -0.0268336 6
42.2693 0.613058 -0.168914 -0.0266486 6
42.3808 0.612686 -0.168963 -0.0271006 6
42.4666 0.612724 -0.168535 -0.0271011 6
42.5848 0.612829 -0.168806 -0.0271922 6
42.6825 0.612553 -0.168779 -0.0274558 6
42.7823 0.613034 -0.16879 -0.0268624 6
42.8839 0.612824 -0.169032 -0.0275728 6
42.9965 0.613014 -0.168572 -0.0266686 6
43.0898 0.612616 -0.16873 -0.0263984 6
43.1953 0.612518 -0.168969 -0.0278015 6
43.2892 0.612949 -0.168609 -0.0267082 6
43.3848 0.6127 -0.168903 -0.0271318 6
43.4928 0.612731 -0.16873 -0.0273228 6
43.6028 0.612555 -0.168695 -0.0274028 6
43.7018 0.612905 -0.168801 -0.0276513 6
43.7832 0.61302 -0.168764 -0.0277869 6
43.9088 0.612765 -0.168685 -0.0271169 6
43.987 0.613253 -0.16895 -0.026738 6
44.1131 0.612777 -0.168498 -0.0272387 6
44.2013 0.612396 -0.168549 -0.0272473 6
44.2825 0.612858 -0.168828 -0.0279037 6
44.4054 0.612566 -0.168928 -0.0277628 6
44.4957 0.612946 -0.169116 -0.0270596 6
44.6009 0.612936 -0.168916 -0.0273949 6
44.703 0.6121 -0.168439 -0.0274972 6
44.7936 0.61288 -0.168898 -0.0272648 6
44.9003 0.612783 -0.168828 -0.0274525 6
44.99 0.613151 -0.168674 -0.0267484 6
45.0695 0.612387 -0.16884 -0.0278022 6
45.1965 0.612996 -0.168847 -0.0271479 6
45.2836 0.612807 -0.168885 -0.0270314 6
45.384 0.612783 -0.168874 -0.0270222 6
45.495 0.613064 -0.168849 -0.0270298 6
45.5895 0.612926 -0.168641 -0.0270873 6
45.6809 0.612759 -0.168987 -0.0270208 6
45.7763 0.612904 -0.168956 -0.0266792 6
45.8621 0.612374 -0.168947 -0.0278543 6
45.9597 0.613172 -0.168951 -0.0262303 6
46.0652 0.612568 -0.169196 -0.0270858 6
46.1579 0.612645 -0.168758 -0.027899 6
46.2579 0.612998 -0.169048 -0.026577 6
46.3482 0.61282 -0.169129 -0.027413 6
46.4388 0.612952 -0.169024 -0.0270443 6
46.5563 0.612716 -0.168713 -0.0273363 6
46.6415 0.612785 -0.169076 -0.0274336 6
46.7395 0.612395 -0.168819 -0.0279156 6
46.8405 0.61257 -0.168975 -0.0277117 6
46.92 0.61302 -0.169143 -0.0276633 6
47.0299 0.612669 -0.168709 -0.0272353 6
47.1303 0.612856 -0.169297 -0.0277486 6
47.2247 0.61281 -0.168621 -0.0276574 6
47.3342 0.612781 -0.169059 -0.0272252 6
47.4302 0.612849 -0.168968 -0.0273784 6
47.5293 0.613469 -0.168766 -0.0267004 6
47.6375 0.613004 -0.168945 -0.0270934 6
47.7312 0.612706 -0.169254 -0.0276593 6
47.8266 0.612627 -0.168838 -0.0271184 6
47.9162 0.61292 -0.168864 -0.0273138 6
48.0015 0.612816 -0.169255 -0.0273579 6
48.0892 0.612691 -0.168614 -0.0275644 6
48.1978 0.61267 -0.168824 -0.0272412 6
48.275 0.61282 -0.169096 -0.0274798 6
48.4068 0.612507 -0.16875 -0.0276959 6
48.4914 0.612861 -0.168833 -0.0272732 6
48.5893 0.613124 -0.168852 -0.0267536 6
48.7103 0.612461 -0.169187 -0.0278495 6
48.7925 0.612784 -0.169109 -0.0276073 6
48.9156 0.612738 -0.168618 -0.0274663 6
49.0112 0.612655 -0.168897 -0.0279361 6
49.1056 0.612845 -0.169051 -0.0273796 6
49.2143 0.612619 -0.168878 -0.0273565 6
49.3079 0.612772 -0.16879 -0.027428 6
49.4159 0.61282 -0.169384 -0.0276965 6
49.5164 0.612664 -0.168802 -0.0271499 6
49.6036 0.612473 -0.168853 -0.0277369 6
49.7026 0.613023 -0.168675 -0.0270373 6
49.7863 0.612443 -0.169022 -0.0278144 6
49.8737 0.612481 -0.168791 -0.0276078 6
49.9797 0.612794 -0.168756 -0.0266316 6
50.0738 0.612874 -0.168816 -0.0273877 6
50.1511 0.612856 -0.168697 -0.0274324 6
50.2627 0.612662 -0.16893 -0.0279461 6
50.3512 0.612925 -0.168846 -0.0274176 6
50.4656 0.612532 -0.168975 -0.028002 6
50.5715 0.612949 -0.168681 -0.0271118 6
50.6508 0.612306 -0.169108 -0.0281959 6
50.7572 0.612799 -0.169071 -0.0268285 6
50.8607 0.612853 -0.168687 -0.0279316 6
50.9555 0.612867 -0.168735 -0.0271695 6
51.0697 0.612574 -0.169216 -0.0282194 6
51.1519 0.61272 -0.168676 -0.0271913 6
51.2372 0.612776 -0.168961 -0.0273457 6
51.3671 0.61281 -0.168719 -0.0267622 6
51.45 0.612425 -0.168526 -0.0280187 6
51.5319 0.612727 -0.169065 -0.0278854 6
51.6454 0.612606 -0.168903 -0.0282459 6
51.7455 0.612772 -0.168824 -0.0273853 6
51.8614 0.612621 -0.168811 -0.0273789 6
51.967 0.612758 -0.168947 -0.0272775 6
52.0664 0.613079 -0.169087 -0.0277167 6
52.17 0.612759 -0.169287 -0.0272071 6
52.243 0.61278 -0.169027 -0.0274848 6
52.328 0.61288 -0.168983 -0.0275893 6
52.4414 0.613208 -0.168942 -0.0274483 6
52.523 0.612267 -0.168808 -0.0282016 6
52.6154 0.61282 -0.168824 -0.0272292 6
52.7178 0.612792 -0.169054 -0.0275097 6
52.8004 0.612623 -0.169064 -0.0275392 6
52.9183 0.612678 -0.168615 -0.0267962 6
53.0032 0.61296 -0.16861 -0.0270213 6
53.0841 0.612765 -0.168937 -0.0277739 6
53.1898 0.612356 -0.168962 -0.0285387 6
53.2764 0.612682 -0.168963 -0.0278793 6
53.3576 0.612631 -0.168638 -0.0269737 6
53.4795 0.612554 -0.168604 -0.0279189 6
53.5631 0.612938 -0.168738 -0.0275301 6
53.6481 0.612999 -0.168976 -0.026811 6
53.7643 0.612783 -0.168846 -0.0275903 6
53.8386 0.61264 -0.169022 -0.0279549 6
53.9265 0.612767 -0.168792 -0.0279377 6
54.0463 0.612744 -0.169019 -0.0276934 6
54.1346 0.61296 -0.168836 -0.0268803 6
54.2209 0.612824 -0.168942 -0.0271301 6
54.3155 0.612507 -0.16902 -0.0276116 6
54.405 0.612757 -0.168917 -0.0274741 6
54.5355 0.612614 -0.169243 -0.0280353 6
54.6101 0.612789 -0.168531 -0.0278211 6
54.6993 0.612741 -0.168835 -0.0275354 6
54.8058 0.612632 -0.168981 -0.0274744 6
54.8993 0.612693 -0.168593 -0.0274102 6
54.9951 0.613048 -0.168964 -0.0269996 6
55.1084 0.6128 -0.168793 -0.0277982 6
55.1932 0.61271 -0.168896 -0.0274776 6
55.2965 0.612793 -0.168821 -0.0281136 6
55.3882 0.61265 -0.168866 -0.0275492 6
55.4667 0.612451 -0.168987 -0.02831 6
55.5847 0.612342 -0.169255 -0.0283913 6
55.6706 0.612776 -0.16901 -0.0276266 6
55.7595 0.61289 -0.168662 -0.0274529 6
55.8442 0.612969 -0.169219 -0.027414 6
55.9389 0.612779 -0.168892 -0.0275209 6
56.0392 0.61248 -0.168933 -0.0284606 6
56.137 0.612464 -0.168585 -0.027318 6
56.2252 0.612612 -0.168854 -0.0276803 6
56.3162 0.612397 -0.168849 -0.0280491 6
56.4082 0.612215 -0.168751 -0.0275645 6
56.5 0.61324 -0.169004 -0.0278989 6
56.6123 0.612523 -0.16901 -0.0280741 6
56.7401 0.61268 -0.169153 -0.0276846 6
56.8461 0.613154 -0.16883 -0.0274691 6
56.9253 0.612865 -0.168784 -0.0269391 6
57.0123 0.612867 -0.1692 -0.0279502 6
57.0922 0.612473 -0.169069 -0.0281437 6
