0.000120878 0.27318 0.0597185 0.16949 0 0
0.0872884 0.273176 0.0597305 0.169492 0 0
0.189885 0.273168 0.0597098 0.169457 0 0
0.27803 0.273171 0.0597166 0.169472 0 0
0.370941 0.273176 0.0597218 0.169486 0 0
0.461196 0.273172 0.0597227 0.169479 0 0
0.541862 0.273176 0.0597328 0.169493 0 0
0.631665 0.273174 0.059725 0.169483 0 0
0.72611 0.273175 0.0597168 0.169487 0 0
0.815954 0.273169 0.0597255 0.169485 0 0
0.897173 0.273175 0.0597308 0.169469 0 0
1.01277 0.27318 0.0597109 0.169492 0 0
1.108 0.273168 0.0597251 0.169484 0 0
1.20732 0.273182 0.0597098 0.169489 0 0
1.31749 0.273171 0.059712 0.169479 0 0
1.42242 0.273185 0.0597344 0.169499 0 0
1.52686 0.27317 0.0597211 0.169471 0 0
1.61632 0.273176 0.0597103 0.169482 0 0
1.70308 0.273172 0.059721 0.169474 0 0
1.79845 0.273175 0.0597245 0.169472 0 0
1.89497 0.273184 0.0597123 0.169488 0 0
2.00001 0.273179 0.0597278 0.169479 0 0
2.09205 0.273174 0.0597163 0.169481 0 0
2.20027 0.273175 0.0597308 0.169486 0 0
2.28434 0.273191 0.0597334 0.169504 0 0
2.392 0.273172 0.0597142 0.16948 0 0
2.4802 0.27317 0.0597151 0.169477 0 0
2.57442 0.273177 0.0597374 0.169494 0 0
2.67078 0.273167 0.0597156 0.169466 0 0
2.76512 0.273181 0.0597301 0.169489 0 0
2.86239 0.273182 0.0597068 0.169479 0 0
2.96346 0.273175 0.0597085 0.169475 0 0
3.0764 0.27317 0.0597226 0.16947 0 0
3.17125 0.273173 0.05973 0.169491 0 0
3.26864 0.273173 0.0597182 0.16948 0 0
3.36257 0.27318 0.0597173 0.169488 0 0
3.46485 0.27317 0.0597215 0.169472 0 0
3.56283 0.273176 0.0597188 0.16948 0 0
3.66859 0.27318 0.0597219 0.169485 0 0
3.74811 0.273157 0.0597034 0.169459 0 0
3.84656 0.273179 0.05972 0.169487 0 0
3.95232 0.27318 0.0597205 0.16948 0 0
4.04157 0.273165 0.0597199 0.169477 0 0
4.1388 0.273166 0.059716 0.169484 0 0
4.2245 0.27318 0.059721 0.169494 0 0
4.32484 0.273185 0.0597268 0.169502 0 0
4.419 0.273177 0.0597011 0.169471 0 0
4.53607 0.273166 0.0597157 0.169469 0 0
4.64688 0.273179 0.0597063 0.16947 0 0
4.74383 0.273176 0.0597226 0.169477 0 0
4.86192 0.273179 0.05972 0.169487 0 0
4.94877 0.273174 0.0597128 0.169483 0 0
5.06256 0.273176 0.0597166 0.169475 0 0
5.15952 0.27318 0.0597103 0.169495 0 0
5.26783 0.273169 0.0597215 0.16948 0 0
5.35867 0.273167 0.0597115 0.169466 0 0
5.5039 0.273179 0.0597341 0.169485 0 0
5.56924 0.273176 0.0597358 0.169481 0 0
5.68525 0.273174 0.0597213 0.169481 0 0
5.78697 0.273173 0.0597263 0.169468 0 0
5.87745 0.273165 0.0597166 0.169473 0 0
6.00543 0.273174 0.0597355 0.169491 0 0
6.07584 0.273175 0.0597071 0.16947 0 0
6.18281 0.273171 0.05971 0.16953 0 0
6.2832 0.273254 0.0597757 0.169881 0 0
6.38201 0.273293 0.0597944 0.17027 0 0
6.48032 0.273357 0.05983 0.170779 0 0
6.59363 0.273435 0.0598698 0.171464 0 0
6.68626 0.27353 0.059927 0.172194 0 0
6.78661 0.273632 0.0599767 0.173012 0 0
6.87252 0.273721 0.0600227 0.17383 0 0
6.97243 0.273851 0.0601051 0.174937 0 0
7.07646 0.274005 0.0601787 0.176164 0 0
7.17404 0.274092 0.0602389 0.177284 0 0
7.27515 0.274226 0.0602813 0.178603 0 0
7.38688 0.274342 0.0603687 0.179929 0 0
7.48319 0.274515 0.0604488 0.181587 0 0
7.56795 0.274592 0.0604807 0.182757 0 0
7.66398 0.274725 0.060545 0.184277 0 0
7.75757 0.274855 0.0605852 0.185852 0 0
7.87289 0.27495 0.0606414 0.187691 0 0
7.96002 0.275025 0.060669 0.189177 0 0
8.06926 0.275152 0.0607156 0.191186 0 0
8.15634 0.275227 0.0607383 0.192741 0 0
8.26032 0.275285 0.0607263 0.194623 0 0
8.34979 0.27532 0.060727 0.196186 0 0
8.45484 0.275383 0.0607536 0.198098 0 0
8.54894 0.275433 0.0607235 0.199903 0 0
8.66092 0.275441 0.0607272 0.202027 0 0
8.74993 0.27546 0.0607046 0.203638 0 0
8.84815 0.275433 0.0606578 0.205368 0 0
8.93881 0.275444 0.0606183 0.207198 0 0
9.03772 0.275395 0.0605613 0.208875 0 0
9.14167 0.275348 0.0605098 0.210743 0 0
9.23702 0.275311 0.0604516 0.212423 0 0
9.33916 0.275243 0.0603776 0.214199 0 0
9.44453 0.275179 0.0603233 0.215835 0 0
9.5372 0.275121 0.0602365 0.217399 0 0
9.63141 0.275049 0.0601509 0.218914 0 0
9.73992 0.274964 0.0600529 0.220591 0 0
9.82884 0.274855 0.0599448 0.221821 0 0
9.9407 0.274771 0.0598729 0.223367 0 0
10.0266 0.274697 0.0597798 0.224483 0 0
10.1354 0.27459 0.0596785 0.225691 0 0
10.2332 0.274516 0.0596316 0.226747 0 0
10.3361 0.274417 0.0595282 0.227749 0 0
10.4306 0.274345 0.0594787 0.228551 0 0
10.5373 0.27429 0.0594191 0.229396 0 1
10.6365 0.274227 0.0593769 0.230008 0 1
10.7347 0.274186 0.0593149 0.230471 0 1
10.8343 0.274137 0.0592955 0.230784 0 1
10.9353 0.274116 0.0592749 0.23101 0 1
11.0284 0.274116 0.0592569 0.231109 0 1
11.1406 0.274112 0.0592582 0.231103 0 1
11.2317 0.274164 0.0592713 0.231146 0 1
11.3448 0.274797 0.0594205 0.231446 0 1
11.4363 0.275936 0.059723 0.231953 0 1
11.5381 0.277693 0.0602284 0.232708 0 1
11.6366 0.279666 0.0607373 0.233487 0 1
11.7377 0.28211 0.0613319 0.234561 0 1
11.8329 0.284945 0.0620273 0.235672 0 1
11.9364 0.288475 0.0629346 0.237156 0 1
12.036 0.292432 0.0638307 0.238681 0 1
12.137 0.296439 0.0647627 0.240048 0 1
12.2353 0.300829 0.0657431 0.241562 0 1
12.3304 0.305575 0.0667207 0.243131 0 1
12.4404 0.311495 0.0678201 0.244763 0 1
12.5482 0.317866 0.0690532 0.246696 0 1
12.6336 0.322649 0.0698226 0.247844 0 1
12.7427 0.32973 0.0710039 0.249534 0 1
12.8358 0.336057 0.0718511 0.250879 0 1
12.9437 0.3432 0.0727804 0.252227 0 1
13.0363 0.349432 0.0735645 0.253218 0 1
13.1437 0.357676 0.0744282 0.254418 0 1
13.2423 0.364867 0.074963 0.255131 0 1
13.3413 0.372926 0.0755827 0.256029 0 1
13.4343 0.379824 0.076016 0.256353 0 1
13.5404 0.388759 0.0762968 0.256765 0 1
13.6392 0.396537 0.0764633 0.257045 0 1
13.7436 0.404978 0.0765653 0.257018 0 1
13.8417 0.412849 0.0764779 0.256835 0 1
13.9388 0.420655 0.0762261 0.256402 0 1
14.0379 0.429149 0.0759397 0.25593 0 1
14.1355 0.436803 0.0755595 0.255174 0 1
14.2339 0.444524 0.0749254 0.254472 0 1
14.3335 0.452684 0.0741371 0.253278 0 1
14.4308 0.460076 0.0734104 0.25225 0 1
14.5386 0.467836 0.0724161 0.250915 0 1
14.6351 0.47485 0.071481 0.249649 0 1
14.7305 0.482042 0.0703756 0.248128 0 1
14.8292 0.488506 0.069256 0.246692 0 1
14.9437 0.495597 0.0679891 0.244946 0 1
15.0342 0.501505 0.066789 0.24348 0 1
15.1375 0.506824 0.0656924 0.241989 0 1
15.2287 0.511869 0.0645218 0.240467 0 1
15.3368 0.516917 0.0633976 0.23902 0 1
15.4454 0.521466 0.062213 0.237469 0 1
15.5331 0.525167 0.0612769 0.236183 0 1
15.6246 0.528426 0.0605013 0.235197 0 1
15.7261 0.531196 0.059675 0.234226 0 1
15.8145 0.533298 0.0590311 0.233484 0 1
15.922 0.535165 0.0585582 0.232722 0 2
16.0294 0.536495 0.0581852 0.232254 0 2
16.1141 0.536964 0.0581114 0.232114 0 2
16.215 0.537008 0.0581195 0.232107 0 2
16.331 0.537029 0.0581044 0.232101 0 2
16.4253 0.537017 0.0580805 0.232106 0 2
16.5202 0.537099 0.0578133 0.232148 0 2
16.6208 0.537262 0.0573648 0.232139 0 2
16.7154 0.53744 0.0569025 0.232171 0 2
16.8158 0.537654 0.0563061 0.232186 0 2
16.9081 0.537884 0.0556649 0.2322 0 2
17.0053 0.538207 0.0547271 0.232221 0 2
17.0962 0.538475 0.053918 0.232241 0 2
17.1971 0.538838 0.0528271 0.23224 0 2
17.2885 0.5392 0.0517855 0.232272 0 2
17.3828 0.539618 0.0505947 0.232289 0 2
17.4827 0.540114 0.049056 0.23234 0 2
17.5772 0.540546 0.047699 0.232354 0 2
17.6784 0.541092 0.0460311 0.232319 0 2
17.7656 0.541574 0.0445877 0.232389 0 2
17.8719 0.542171 0.0426056 0.232396 0 2
17.9584 0.542703 0.040864 0.232425 0 2
18.0653 0.543355 0.0388529 0.232478 0 2
18.1583 0.544001 0.036845 0.232555 0 2
18.2478 0.544608 0.0347867 0.232595 0 2
18.3525 0.545313 0.0324622 0.232587 0 2
18.4488 0.545984 0.0301649 0.232643 0 2
18.5504 0.546712 0.0274838 0.232629 0 2
18.6499 0.547406 0.025094 0.232682 0 2
18.7481 0.548151 0.0222259 0.23271 0 2
18.8435 0.548854 0.0198246 0.232757 0 2
18.9475 0.549691 0.0165935 0.232858 0 2
19.0351 0.550282 0.0142168 0.232848 0 2
19.1447 0.551138 0.0108879 0.23289 0 2
19.231 0.551815 0.00808168 0.232896 0 2
19.3301 0.55253 0.00510835 0.232951 0 2
19.4213 0.553277 0.00190967 0.232994 0 2
19.5323 0.554137 -0.00172102 0.233082 0 2
19.6316 0.554838 -0.00511873 0.233121 0 2
19.7287 0.55555 -0.00838259 0.233145 0 2
19.8149 0.556205 -0.0115405 0.233183 0 2
19.9047 0.556818 -0.0146436 0.233251 0 2
20.0146 0.55764 -0.0188533 0.233316 0 2
20.1016 0.558235 -0.0221306 0.233346 0 2
20.2051 0.558925 -0.0260824 0.233373 0 2
20.2924 0.559506 -0.0294731 0.233413 0 2
20.3978 0.56016 -0.0335287 0.233423 0 2
20.4871 0.560713 -0.0370511 0.233436 0 2
20.5865 0.5613 -0.0408721 0.233507 0 2
20.685 0.56189 -0.0452128 0.233592 0 2
20.7842 0.56244 -0.0491085 0.233566 0 2
20.8815 0.562932 -0.0531999 0.233635 0 2
20.9751 0.56343 -0.057225 0.23362 0 2
21.0729 0.563905 -0.0613198 0.23371 0 2
21.1642 0.564316 -0.0654587 0.233731 0 2
21.2582 0.56468 -0.0691189 0.23372 0 2
21.3521 0.565021 -0.073447 0.233696 0 2
21.4606 0.565426 -0.078405 0.233781 0 2
21.5583 0.565733 -0.082566 0.233823 0 2
21.6612 0.566014 -0.0873062 0.233812 0 2
21.7566 0.566257 -0.0915893 0.23385 0 2
21.8544 0.566435 -0.0959087 0.233852 0 2
21.9654 0.566644 -0.100626 0.233929 0 2
22.0548 0.56679 -0.104958 0.233908 0 2
22.1463 0.566883 -0.109047 0.233947 0 2
22.2395 0.566929 -0.11346 0.233967 0 2
22.3409 0.567007 -0.118115 0.233978 0 2
22.4357 0.566983 -0.12221 0.233994 0 2
22.5433 0.566917 -0.127402 0.233945 0 2
22.6377 0.566833 -0.131437 0.233964 0 2
22.7362 0.566694 -0.13624 0.233916 0 2
22.8272 0.56662 -0.140155 0.234008 0 2
22.9268 0.566431 -0.144992 0.234012 0 2
23.0304 0.566162 -0.14976 0.233966 0 2
23.1263 0.565896 -0.154052 0.23399 0 2
23.2235 0.56561 -0.158486 0.233986 0 2
23.3418 0.565246 -0.163617 0.234043 0 2
23.4179 0.564972 -0.167134 0.234069 0 2
23.5312 0.564517 -0.172176 0.23401 0 2
23.639 0.56404 -0.176763 0.23395 0 2
23.7227 0.563641 -0.180694 0.233993 0 2
23.8139 0.563187 -0.184898 0.233967 0 2
23.8991 0.562765 -0.188352 0.233929 0 2
23.999 0.562187 -0.19282 0.233961 0 2
24.1005 0.561675 -0.196842 0.233895 0 2
24.1994 0.56101 -0.201374 0.233943 0 2
24.3025 0.560433 -0.205339 0.233885 0 2
24.4069 0.559749 -0.209614 0.233873 0 2
24.5137 0.559028 -0.213914 0.233863 0 2
24.6085 0.558386 -0.217728 0.233814 0 2
24.6945 0.557673 -0.221587 0.233797 0 2
24.7836 0.557096 -0.224917 0.233875 0 2
24.8791 0.556341 -0.228683 0.233794 0 2
24.9718 0.555702 -0.231926 0.233779 0 2
25.0671 0.554918 -0.235605 0.233753 0 2
25.1729 0.554157 -0.239283 0.233727 0 2
25.2596 0.553462 -0.242519 0.233723 0 2
25.3551 0.552744 -0.245828 0.233682 0 2
25.4567 0.551963 -0.249098 0.233678 0 2
25.5442 0.551182 -0.252324 0.233668 0 2
25.6388 0.550523 -0.25512 0.233607 0 2
25.74 0.549653 -0.258528 0.233567 0 2
25.8422 0.548898 -0.261629 0.233596 0 2
25.9333 0.548181 -0.264387 0.233594 0 2
26.0341 0.547402 -0.267373 0.233566 0 2
26.1275 0.546735 -0.269846 0.233497 0 2
26.2245 0.545916 -0.272736 0.233476 0 2
26.3188 0.545259 -0.275135 0.233479 0 2
26.4222 0.544487 -0.2778 0.233437 0 2
26.538 0.543748 -0.280248 0.233383 0 2
26.6261 0.543178 -0.282358 0.23343 0 2
26.7152 0.542572 -0.284352 0.233429 0 2
26.8111 0.541928 -0.286423 0.233401 0 2
26.9166 0.541372 -0.28833 0.23336 0 2
27.018 0.540825 -0.29006 0.233365 0 2
27.1113 0.540249 -0.291819 0.23332 0 2
27.1991 0.539734 -0.293362 0.233321 0 2
27.2981 0.539334 -0.294695 0.233312 0 2
27.3983 0.538887 -0.296078 0.233316 0 2
27.4983 0.538507 -0.297246 0.233289 0 2
27.6004 0.538103 -0.298432 0.233262 0 3
27.6987 0.5378 -0.299338 0.233219 0 3
27.792 0.537562 -0.300039 0.233245 0 3
27.8907 0.537367 -0.300721 0.233244 0 3
28.0026 0.537193 -0.301249 0.233225 0 3
28.0987 0.537106 -0.301553 0.233219 0 3
28.2025 0.537019 -0.301796 0.233178 0 3
28.2984 0.536997 -0.301867 0.233222 0 3
28.4226 0.536981 -0.301875 0.233206 0 3
28.5095 0.536996 -0.301882 0.233272 0 3
28.6062 0.537015 -0.301916 0.233363 0 3
28.7 0.53704 -0.301973 0.233645 0 3
28.7798 0.537077 -0.301975 0.233979 0 3
28.8641 0.537055 -0.302043 0.234359 0 3
28.9467 0.537052 -0.302072 0.234729 0 3
29.0459 0.537043 -0.302163 0.235288 0 3
29.1436 0.537067 -0.302206 0.235977 0 3
29.2325 0.537083 -0.302258 0.236608 0 3
29.3244 0.537091 -0.302339 0.237224 0 3
29.4351 0.53709 -0.30244 0.238023 0 3
29.5252 0.537075 -0.302532 0.23881 0 3
29.6209 0.537091 -0.302602 0.239707 0 3
29.7124 0.537059 -0.302685 0.240408 0 3
29.8059 0.537086 -0.302758 0.241302 0 3
29.904 0.53711 -0.302889 0.242268 0 3
30.0127 0.537081 -0.302986 0.243266 0 3
30.1084 0.537099 -0.303054 0.243987 0 3
30.209 0.53708 -0.303167 0.244924 0 3
30.2972 0.537079 -0.303228 0.245655 0 3
30.3984 0.537087 -0.303303 0.246427 0 3
30.4963 0.53706 -0.303384 0.247243 0 3
30.6034 0.537055 -0.303449 0.247935 0 4
30.6919 0.537031 -0.30352 0.248536 0 4
30.7816 0.53705 -0.303561 0.249121 0 4
30.8683 0.537031 -0.303635 0.249624 0 4
30.9715 0.537027 -0.303679 0.250149 0 4
31.0689 0.536985 -0.303709 0.250468 0 4
31.1665 0.536994 -0.303738 0.250813 0 4
31.2611 0.536975 -0.303778 0.251003 0 4
31.3694 0.536976 -0.303761 0.251104 0 4
31.4823 0.536969 -0.303762 0.251109 0 4
31.5983 0.536939 -0.303717 0.251087 0 4
31.6775 0.536939 -0.303348 0.251012 0 4
31.7629 0.536971 -0.302772 0.250866 0 4
31.8549 0.536996 -0.301963 0.250632 0 4
31.9677 0.537048 -0.300723 0.250367 0 4
32.0581 0.537174 -0.29943 0.250118 0 4
32.1556 0.53722 -0.297979 0.249755 0 4
32.2463 0.537291 -0.296404 0.249409 0 4
32.3458 0.537309 -0.294776 0.248954 0 4
32.4399 0.537337 -0.29307 0.248555 0 4
32.5433 0.537364 -0.292002 0.248276 0 4
32.6523 0.537486 -0.289213 0.247767 0 4
32.75 0.537514 -0.286278 0.247057 0 4
32.8428 0.537546 -0.284741 0.246749 0 4
32.9339 0.537561 -0.283126 0.246377 0 4
33.0365 0.537591 -0.28064 0.245737 0 4
33.136 0.537538 -0.278414 0.245175 0 4
33.2325 0.537518 -0.276488 0.244761 0 4
33.3303 0.537553 -0.27444 0.244311 0 4
33.4311 0.537483 -0.272345 0.243812 0 4
33.5355 0.537466 -0.270486 0.243402 0 4
33.6344 0.53742 -0.268814 0.243014 0 4
33.7222 0.53738 -0.26731 0.242651 0 4
33.8306 0.53733 -0.265661 0.242212 0 4
33.9252 0.537268 -0.264387 0.241916 0 4
34.0233 0.53724 -0.263315 0.241672 0 4
34.1179 0.537202 -0.262367 0.241385 0 4
34.2249 0.537153 -0.261588 0.241192 0 5
34.3307 0.537151 -0.261081 0.24112 0 5
34.4294 0.537133 -0.260813 0.241043 0 5
34.5465 0.537134 -0.260807 0.241065 0 5
34.6298 0.537051 -0.262208 0.241606 0 5
34.7586 0.536934 -0.263622 0.242161 0 5
34.839 0.537313 -0.263728 0.241947 0 5
34.9416 0.537273 -0.263746 0.241955 0 5
35.0282 0.537734 -0.263893 0.242307 0 5
35.1198 0.537784 -0.263914 0.242383 0 5
35.2415 0.537942 -0.263998 0.24231 0 5
35.3383 0.538383 -0.264084 0.242193 0 5
35.4269 0.538431 -0.264085 0.242091 0 5
35.5242 0.539381 -0.264123 0.24178 0 5
35.6471 0.539369 -0.264134 0.241789 0 5
35.7418 0.539675 -0.264062 0.241318 0 5
35.8308 0.539667 -0.264079 0.241421 0 5
35.9339 0.540575 -0.263944 0.241146 0 5
36.0309 0.540625 -0.263976 0.241133 0 5
36.1183 0.540962 -0.263899 0.240921 0 5
36.2101 0.541995 -0.263674 0.240309 0 5
36.3085 0.542216 -0.263564 0.240235 0 5
36.4208 0.542498 -0.263407 0.240101 0 5
36.5043 0.542635 -0.263301 0.239757 0 5
36.6155 0.542742 -0.263229 0.239521 0 5
36.7121 0.542873 -0.263162 0.238919 0 5
36.8175 0.542905 -0.263169 0.238737 0 5
36.9007 0.54331 -0.26301 0.238511 0 5
37.0025 0.543576 -0.262912 0.238418 0 5
37.0965 0.544028 -0.262768 0.238204 0 5
37.1919 0.544211 -0.262724 0.238051 0 5
37.2933 0.545409 -0.262558 0.237852 0 5
37.3911 0.545563 -0.26255 0.237683 0 5
37.4798 0.545732 -0.262415 0.237286 0 5
37.5786 0.545705 -0.262431 0.237428 0 5
37.6924 0.54723 -0.262062 0.236746 0 5
37.7922 0.547103 -0.262103 0.23682 0 5
37.8834 0.547103 -0.262138 0.23674 0 5
37.9799 0.547114 -0.262155 0.23673 0 5
38.0714 0.548201 -0.261798 0.236346 0 5
38.1904 0.548152 -0.261826 0.236365 0 5
38.2873 0.548866 -0.261582 0.235877 0 5
38.3826 0.548825 -0.2616 0.235964 0 5
38.4836 0.549075 -0.261588 0.235412 0 5
38.5914 0.549078 -0.261589 0.235562 0 5
38.6795 0.549976 -0.261169 0.235339 0 5
38.7811 0.549908 -0.261202 0.23534 0 5
38.873 0.550684 -0.261054 0.235047 0 5
38.9779 0.550673 -0.261015 0.235092 0 5
39.1204 0.551094 -0.261152 0.235143 0 5
39.222 0.551291 -0.261149 0.235053 0 6
39.3154 0.551586 -0.261125 0.234941 0 6
39.4226 0.551584 -0.261141 0.234858 0 6
39.5082 0.551877 -0.261144 0.23477 0 6
39.6069 0.551915 -0.26114 0.234809 0 6
39.6919 0.551927 -0.261137 0.234783 0 6
39.7796 0.551951 -0.261143 0.234808 0 6
39.8747 0.551991 -0.26113 0.234863 0 6
39.9895 0.552 -0.261121 0.234881 0 6
40.0735 0.551999 -0.261141 0.234884 0 6
40.1819 0.552011 -0.261147 0.234889 0 6
40.2643 0.552003 -0.261174 0.234876 0 6
40.3559 0.552024 -0.261148 0.234891 0 6
40.4609 0.55202 -0.261156 0.234911 0 6
40.5699 0.552041 -0.261159 0.234937 0 6
40.6979 0.552055 -0.261121 0.23494 0 6
40.7904 0.552055 -0.261135 0.234953 0 6
40.8777 0.552055 -0.261134 0.23493 0 6
41.0041 0.552038 -0.26115 0.234905 0 6
41.0842 0.552056 -0.261118 0.234931 0 6
41.1771 0.55206 -0.261112 0.234913 0 6
41.292 0.55205 -0.261124 0.234875 0 6
41.385 0.552055 -0.261147 0.234902 0 6
41.4953 0.552066 -0.26113 0.234936 0 6
41.586 0.552054 -0.261149 0.234929 0 6
41.672 0.552058 -0.261139 0.234919 0 6
41.791 0.552061 -0.261151 0.234933 0 6
41.8857 0.552067 -0.261153 0.234923 0 6
41.9746 0.55209 -0.261105 0.234946 0 6
42.0927 0.552072 -0.261152 0.234932 0 6
42.1726 0.552074 -0.261125 0.234946 0 6
42.2693 0.552079 -0.261121 0.234919 0 6
42.3808 0.552073 -0.261155 0.234947 0 6
42.4666 0.552074 -0.26114 0.234926 0 6
42.5848 0.552071 -0.26113 0.234914 0 6
42.6825 0.552074 -0.261116 0.234926 0 6
42.7823 0.552088 -0.261099 0.23494 0 6
42.8839 0.55208 -0.261118 0.234919 0 6
42.9965 0.552079 -0.261125 0.234953 0 6
43.0898 0.552066 -0.261132 0.234896 0 6
43.1953 0.55207 -0.261152 0.234921 0 6
43.2892 0.552073 -0.261146 0.23493 0 6
43.3848 0.552077 -0.261125 0.234901 0 6
43.4928 0.552091 -0.261101 0.234923 0 6
43.6028 0.552084 -0.261128 0.234893 0 6
43.7018 0.552066 -0.261144 0.234907 0 6
43.7832 0.55209 -0.261097 0.234971 0 6
43.9088 0.552081 -0.261107 0.234913 0 6
43.987 0.552077 -0.261134 0.234908 0 6
44.1131 0.552081 -0.261133 0.234942 0 6
44.2013 0.552097 -0.261124 0.234931 0 6
44.2825 0.552096 -0.261128 0.234945 0 6
44.4054 0.552068 -0.261147 0.234934 0 6
44.4957 0.552079 -0.261135 0.2349 0 6
44.6009 0.55208 -0.261143 0.234909 0 6
44.703 0.552082 -0.26112 0.234935 0 6
44.7936 0.552087 -0.261128 0.23493 0 6
44.9003 0.552077 -0.261126 0.234901 0 6
44.99 0.552082 -0.261138 0.234906 0 6
45.0695 0.55208 -0.261134 0.234912 0 6
45.1965 0.552083 -0.261142 0.23493 0 6
45.2836 0.552076 -0.261117 0.234901 0 6
45.384 0.55208 -0.261125 0.234907 0 6
45.495 0.552084 -0.261127 0.234891 0 6
45.5895 0.5521 -0.261101 0.234858 0 6
45.6809 0.552091 -0.261137 0.234829 0 6
45.7763 0.552085 -0.261134 0.234819 0 6
45.8621 0.552102 -0.261124 0.234837 0 6
45.9597 0.552098 -0.261122 0.234821 0 6
46.0652 0.5521 -0.261141 0.234826 0 6
46.1579 0.5521 -0.26113 0.234848 0 6
46.2579 0.552089 -0.261172 0.234853 0 6
46.3482 0.552092 -0.261147 0.234785 0 6
46.4388 0.552092 -0.261165 0.234853 0 6
46.5563 0.552097 -0.261145 0.234844 0 6
46.6415 0.552101 -0.261126 0.234836 0 6
46.7395 0.552103 -0.261135 0.234839 0 6
46.8405 0.5521 -0.261122 0.234812 0 6
46.92 0.552099 -0.261132 0.234858 0 6
47.0299 0.552097 -0.261153 0.23484 0 6
47.1303 0.552099 -0.261142 0.23487 0 6
47.2247 0.552099 -0.261143 0.234848 0 6
47.3342 0.552104 -0.26114 0.234832 0 6
47.4302 0.552089 -0.261157 0.234862 0 6
47.5293 0.552082 -0.261126 0.234849 0 6
47.6375 0.552098 -0.261145 0.234858 0 6
47.7312 0.552078 -0.261163 0.23487 0 6
47.8266 0.552096 -0.261141 0.234852 0 6
47.9162 0.552104 -0.261131 0.234876 0 6
48.0015 0.552096 -0.261142 0.234862 0 6
48.0892 0.552072 -0.261146 0.234908 0 6
48.1978 0.552087 -0.261134 0.234904 0 6
48.275 0.55206 -0.26115 0.234861 0 6
48.4068 0.552077 -0.261129 0.234935 0 6
48.4914 0.55209 -0.261122 0.234919 0 6
48.5893 0.552071 -0.261136 0.234933 0 6
48.7103 0.552083 -0.261114 0.234913 0 6
48.7925 0.552087 -0.261119 0.234922 0 6
48.9156 0.552076 -0.261149 0.234928 0 6
49.0112 0.552066 -0.261168 0.234937 0 6
49.1056 0.552073 -0.261146 0.234932 0 6
49.2143 0.552067 -0.261143 0.23491 0 6
49.3079 0.552086 -0.261134 0.234923 0 6
49.4159 0.552083 -0.261152 0.234929 0 6
49.5164 0.552081 -0.261143 0.23493 0 6
49.6036 0.552086 -0.261132 0.234931 0 6
49.7026 0.552062 -0.261137 0.234916 0 6
49.7863 0.552067 -0.26113 0.234909 0 6
49.8737 0.552086 -0.261121 0.234912 0 6
49.9797 0.552066 -0.261153 0.234914 0 6
50.0738 0.552082 -0.261139 0.234922 0 6
50.1511 0.552067 -0.261138 0.234916 0 6
50.2627 0.552082 -0.261125 0.234931 0 6
50.3512 0.552077 -0.261125 0.234921 0 6
50.4656 0.552057 -0.261178 0.23489 0 6
50.5715 0.552082 -0.261133 0.234915 0 6
50.6508 0.552092 -0.261119 0.234931 0 6
50.7572 0.552068 -0.261151 0.234918 0 6
50.8607 0.552094 -0.26113 0.234932 0 6
50.9555 0.552073 -0.26114 0.234924 0 6
51.0697 0.552068 -0.261131 0.23492 0 6
51.1519 0.552083 -0.261127 0.234923 0 6
51.2372 0.552069 -0.261154 0.234899 0 6
51.3671 0.552075 -0.261142 0.234921 0 6
51.45 0.552078 -0.261116 0.234907 0 6
51.5319 0.552073 -0.26113 0.234909 0 6
51.6454 0.552087 -0.261134 0.234914 0 6
51.7455 0.552071 -0.26115 0.234921 0 6
51.8614 0.552053 -0.261159 0.234898 0 6
51.967 0.552069 -0.261143 0.234934 0 6
52.0664 0.552081 -0.261133 0.234915 0 6
52.17 0.552069 -0.261145 0.234903 0 6
52.243 0.552085 -0.261136 0.234923 0 6
52.328 0.552066 -0.26113 0.234877 0 6
52.4414 0.552081 -0.261141 0.234919 0 6
52.523 0.552076 -0.261146 0.234885 0 6
52.6154 0.552067 -0.261139 0.234904 0 6
52.7178 0.552063 -0.261151 0.234909 0 6
52.8004 0.552057 -0.261165 0.234898 0 6
52.9183 0.552071 -0.261143 0.234927 0 6
53.0032 0.552081 -0.261143 0.23493 0 6
53.0841 0.552065 -0.261143 0.234927 0 6
53.1898 0.552073 -0.261138 0.234915 0 6
53.2764 0.552059 -0.261135 0.234911 0 6
53.3576 0.552063 -0.261144 0.234882 0 6
53.4795 0.552072 -0.261117 0.234918 0 6
53.5631 0.552058 -0.261152 0.23491 0 6
53.6481 0.552067 -0.261143 0.234889 0 6
53.7643 0.552062 -0.261126 0.234879 0 6
53.8386 0.552066 -0.261145 0.234877 0 6
53.9265 0.552073 -0.261125 0.234904 0 6
54.0463 0.552067 -0.261161 0.234903 0 6
54.1346 0.552069 -0.261137 0.234897 0 6
54.2209 0.552068 -0.261145 0.23489 0 6
54.3155 0.552077 -0.261119 0.234907 0 6
54.405 0.552069 -0.261131 0.234894 0 6
54.5355 0.552071 -0.261139 0.234931 0 6
54.6101 0.552077 -0.261117 0.234904 0 6
54.6993 0.552071 -0.26114 0.234893 0 6
54.8058 0.552056 -0.261148 0.234885 0 6
54.8993 0.552069 -0.261137 0.234919 0 6
54.9951 0.55206 -0.261159 0.234889 0 6
55.1084 0.552073 -0.261149 0.234912 0 6
55.1932 0.552063 -0.261144 0.234915 0 6
55.2965 0.552074 -0.261121 0.234904 0 6
55.3882 0.552069 -0.261147 0.234894 0 6
55.4667 0.552058 -0.26115 0.234901 0 6
55.5847 0.55207 -0.261141 0.234892 0 6
55.6706 0.552056 -0.261159 0.234882 0 6
55.7595 0.552074 -0.261125 0.234884 0 6
55.8442 0.552074 -0.261131 0.234901 0 6
55.9389 0.552063 -0.261137 0.234877 0 6
56.0392 0.552075 -0.261112 0.234886 0 6
56.137 0.552067 -0.261144 0.23492 0 6
56.2252 0.552054 -0.261166 0.234906 0 6
56.3162 0.552067 -0.261118 0.234899 0 6
56.4082 0.552076 -0.261125 0.234889 0 6
56.5 0.552069 -0.26113 0.234882 0 6
56.6123 0.552065 -0.261146 0.234928 0 6
56.7401 0.552072 -0.26114 0.234925 0 6
56.8461 0.55206 -0.261145 0.234878 0 6
56.9253 0.552077 -0.261146 0.234898 0 6
57.0123 0.55207 -0.261139 0.234889 0 6
57.0922 0.552068 -0.261152 0.234928 0 6
