34.1179 34.1179 0 0 5
34.2249 34.1179 0 0.106987 5
34.3307 34.1179 0.106987 0.212809 5
34.4294 34.1179 0.212809 0.311479 5
34.5465 34.1179 0.311479 0.428615 5
34.6298 34.1179 0.428615 0.511847 5
34.7586 34.1179 0.511847 0.640733 5
34.839 34.1179 0.640733 0.721131 5
34.9416 34.1179 0.721131 0.823728 5
35.0282 34.1179 0.823728 0.910275 5
35.1198 34.1179 0.910275 1.00187 5
35.2415 34.1179 1.00187 1.12361 5
35.3383 34.1179 1.12361 1.22039 5
35.4269 34.1179 1.22039 1.309 5
35.5242 34.1179 1.309 1.40634 5
35.6471 34.1179 1.40634 1.5292 5
35.7418 34.1179 1.5292 1.62391 5
35.8308 34.1179 1.62391 1.71286 5
35.9339 34.1179 1.71286 1.81596 5
36.0309 34.1179 1.81596 1.91297 5
36.1183 34.1179 1.91297 2.00042 5
36.2101 34.1179 2.00042 2.09217 5
36.3085 34.1179 2.09217 2.19055 5
36.4208 34.1179 2.19055 2.3029 5
36.5043 34.1179 2.3029 2.38644 5
36.6155 34.1179 2.38644 2.49761 5
36.7121 34.1179 2.49761 2.59418 5
36.8175 34.1179 2.59418 2.69961 5
36.9007 34.1179 2.69961 2.78278 5
37.0025 34.1179 2.78278 2.88455 5
37.0965 34.1179 2.88455 2.97857 5
37.1919 34.1179 2.97857 3.074 5
37.2933 34.1179 3.074 3.1754 5
37.3911 34.1179 3.1754 3.2732 5
37.4798 34.1179 3.2732 3.36194 5
37.5786 34.1179 3.36194 3.46074 5
37.6924 34.1179 3.46074 3.57451 5
37.7922 34.1179 3.57451 3.67428 5
37.8834 34.1179 3.67428 3.76553 5
37.9799 34.1179 3.76553 3.86195 5
38.0714 34.1179 3.86195 3.95352 5
38.1904 34.1179 3.95352 4.0725 5
38.2873 34.1179 4.0725 4.16944 5
38.3826 34.1179 4.16944 4.26466 5
38.4836 34.1179 4.26466 4.36569 5
38.5914 34.1179 4.36569 4.47346 5
38.6795 34.1179 4.47346 4.56158 5
38.7811 34.1179 4.56158 4.66323 5
38.873 34.1179 4.66323 4.75508 5
38.9779 34.1179 4.75508 4.85996 5
39.1204 34.1179 4.85996 5.00249 5
