8.39233e-05 0.4643 0.158305 -0.0741955 0
0.112089 0.464304 0.158327 -0.0746698 0
0.259421 0.46434 0.15832 -0.0744102 0
0.368034 0.464339 0.158265 -0.0744237 0
0.481418 0.464287 0.158342 -0.0735703 0
0.603911 0.464277 0.158229 -0.0742284 0
0.725616 0.46432 0.158251 -0.0738892 0
0.842411 0.464295 0.158309 -0.0745194 0
0.964859 0.46437 0.158358 -0.0755634 0
1.07036 0.464313 0.158295 -0.0741615 0
1.17545 0.464215 0.158249 -0.0737317 0
1.2848 0.464292 0.158257 -0.0741886 0
1.39081 0.464355 0.158342 -0.0743981 0
1.5162 0.464249 0.158246 -0.0738026 0
1.60729 0.464311 0.158213 -0.0749653 0
1.70636 0.464437 0.158358 -0.0750699 0
1.80941 0.464302 0.158244 -0.0737231 0
1.92634 0.464188 0.158166 -0.073529 0
2.04472 0.464281 0.15823 -0.0741292 0
2.14118 0.464313 0.158232 -0.0737098 0
2.28104 0.464295 0.158282 -0.0745059 0
2.38672 0.464361 0.158251 -0.0747641 0
2.50992 0.464377 0.158413 -0.0753493 0
2.66856 0.464323 0.158192 -0.0743083 0
2.81106 0.464288 0.158304 -0.0748395 0
2.92664 0.46434 0.158303 -0.0748097 0
3.05168 0.464261 0.158207 -0.0740544 0
3.16184 0.464387 0.158379 -0.0750027 0
3.2703 0.464228 0.158217 -0.0736603 0
3.3972 0.46429 0.15827 -0.0740896 0
3.52415 0.464305 0.158351 -0.0749686 0
3.64725 0.464338 0.15832 -0.0747504 0
3.76103 0.464321 0.158304 -0.0741745 0
3.87777 0.46427 0.158234 -0.0740724 0
4.05839 0.464356 0.158235 -0.0748852 0
4.22187 0.464288 0.158313 -0.0742708 0
4.41395 0.464291 0.158217 -0.0744886 0
4.55159 0.464306 0.158278 -0.0749739 0
4.67669 0.464198 0.158174 -0.07336 0
4.83855 0.464236 0.158245 -0.0740331 0
4.99969 0.46425 0.158216 -0.0740885 0
5.14203 0.464289 0.158297 -0.0750287 0
5.30189 0.464402 0.158388 -0.0748832 0
5.43603 0.464331 0.15827 -0.0748656 0
5.58388 0.464241 0.158237 -0.074434 0
5.71996 0.464315 0.158302 -0.0744934 0
5.8659 0.464313 0.158276 -0.0747063 0
6.01317 0.464271 0.158265 -0.0746571 0
6.15484 0.464351 0.158323 -0.0747435 0
6.28136 0.464389 0.158293 -0.0749462 0
6.43826 0.464298 0.158212 -0.0749886 0
6.58961 0.464336 0.158309 -0.074802 0
6.73557 0.464334 0.158328 -0.0743758 0
6.9006 0.464233 0.158236 -0.0734945 0
7.03757 0.46435 0.158312 -0.0744536 0
7.1856 0.464286 0.158225 -0.0743948 0
7.33484 0.464212 0.158275 -0.0743961 0
7.48171 0.464366 0.158356 -0.0747087 0
7.61031 0.464207 0.158252 -0.0735416 0
7.77485 0.464336 0.158296 -0.0742044 0
7.92623 0.464288 0.158291 -0.0742876 0
8.08262 0.464277 0.158269 -0.0737868 0
8.24095 0.464308 0.158349 -0.074658 0
8.36348 0.464267 0.158265 -0.0741182 0
8.51643 0.464317 0.158303 -0.0748468 0
8.63533 0.464328 0.158297 -0.0751823 0
8.766 0.464331 0.158249 -0.0748252 0
8.90928 0.464258 0.158209 -0.0742504 0
9.04057 0.464285 0.15832 -0.0741604 0
9.16385 0.464178 0.158116 -0.0740426 0
9.29838 0.464404 0.158458 -0.0746923 0
9.44782 0.464665 0.158668 -0.0752202 0
9.59426 0.46479 0.15883 -0.0743411 0
9.71707 0.465051 0.159098 -0.0741251 0
9.87906 0.46523 0.1593 -0.0738899 0
10.0296 0.465613 0.159702 -0.0745462 0
10.1782 0.465954 0.160119 -0.0740324 0
10.308 0.466044 0.160581 -0.0735624 0
10.4364 0.466445 0.161013 -0.0725444 0
10.5762 0.466844 0.161276 -0.0713838 0
10.7265 0.466915 0.161596 -0.0712081 0
10.8714 0.467334 0.161875 -0.0702752 0
11.0101 0.467484 0.162157 -0.0685815 0
11.1546 0.467723 0.162344 -0.0677238 0
11.3251 0.468119 0.16267 -0.0651341 0
11.4716 0.468003 0.162871 -0.063417 0
11.6078 0.467924 0.163456 -0.062706 0
11.7514 0.467839 0.163453 -0.0608045 0
11.9048 0.467808 0.163344 -0.0601492 0
12.0562 0.469057 0.164383 -0.0599268 0
12.192 0.468857 0.164705 -0.0585552 0
12.3544 0.468797 0.164018 -0.0541532 0
12.4924 0.468753 0.164316 -0.0531113 0
12.6336 0.468646 0.164247 -0.0510172 0
12.7861 0.468706 0.16431 -0.0492287 0
12.9189 0.468459 0.164143 -0.0485903 0
13.0662 0.468659 0.164131 -0.0455981 0
13.2204 0.468427 0.163938 -0.0445769 0
13.3835 0.468482 0.163917 -0.0428251 0
13.5382 0.468142 0.163865 -0.042622 0
13.7025 0.468476 0.163733 -0.0398099 1
13.8468 0.467907 0.163454 -0.039594 1
13.9882 0.467919 0.16337 -0.0381384 1
14.1334 0.467788 0.163156 -0.038101 1
14.2644 0.467997 0.163286 -0.038148 1
14.4143 0.46888 0.163251 -0.0380008 1
14.5631 0.469944 0.1634 -0.0377277 1
14.7279 0.471949 0.163267 -0.0378908 1
14.8881 0.474776 0.163717 -0.0380202 1
15.0272 0.47748 0.163741 -0.0379483 1
15.1801 0.481673 0.163887 -0.0361492 1
15.3108 0.484396 0.16372 -0.0355889 1
15.4464 0.48832 0.164278 -0.0345532 1
15.6026 0.492919 0.164481 -0.0359914 1
15.7453 0.497028 0.164448 -0.0358635 1
15.8771 0.50383 0.16524 -0.0348521 1
16.0209 0.507386 0.164799 -0.0348779 1
16.1452 0.513446 0.165288 -0.0350103 1
16.2806 0.519328 0.164718 -0.0323907 1
16.418 0.523556 0.165032 -0.0321635 1
16.5681 0.529307 0.164836 -0.0309345 1
16.734 0.53589 0.164773 -0.0311051 1
16.8783 0.542303 0.164525 -0.0318589 1
17.0334 0.54852 0.164152 -0.0309343 1
17.1774 0.555294 0.16393 -0.0314905 1
17.3052 0.561699 0.16381 -0.0305187 1
17.4396 0.567061 0.163389 -0.0296918 1
17.5981 0.572546 0.163065 -0.0297905 1
17.7546 0.578755 0.162437 -0.0276466 1
17.9032 0.583301 0.162128 -0.0278954 1
18.0659 0.589115 0.16184 -0.0296167 1
18.2231 0.59148 0.161373 -0.0296046 1
18.3283 0.595815 0.160928 -0.0290791 1
18.4766 0.599635 0.160296 -0.0291384 1
18.6328 0.602088 0.15991 -0.0298475 1
18.7769 0.604792 0.159766 -0.0292738 1
18.8985 0.606092 0.159782 -0.0303455 2
19.0436 0.607075 0.159664 -0.0306527 2
19.1969 0.607198 0.159352 -0.029717 2
19.3375 0.607245 0.159438 -0.0301245 2
19.453 0.60724 0.159125 -0.0295312 2
19.5969 0.607339 0.158859 -0.03146 2
19.7555 0.607393 0.15765 -0.0290008 2
19.9151 0.60795 0.156766 -0.0300057 2
20.0758 0.608543 0.155043 -0.0289832 2
20.2173 0.608933 0.153932 -0.0279829 2
20.3375 0.60935 0.152596 -0.0289774 2
20.5006 0.609988 0.150239 -0.0291108 2
20.6489 0.610665 0.147884 -0.0290014 2
20.814 0.61152 0.145013 -0.0288956 2
20.9689 0.612564 0.141684 -0.028194 2
21.0947 0.613515 0.139476 -0.028048 2
21.2323 0.614128 0.136287 -0.0289451 2
21.3771 0.615461 0.132616 -0.027031 2
21.5427 0.61651 0.128676 -0.0267767 2
21.6856 0.617435 0.124993 -0.0265226 2
21.8433 0.61864 0.119829 -0.0271743 2
21.9793 0.619085 0.116218 -0.0269229 2
22.1233 0.62021 0.112072 -0.0264646 2
22.2517 0.62146 0.107766 -0.0248157 2
22.4276 0.621945 0.101924 -0.0261083 2
22.561 0.62334 0.0975492 -0.0247343 2
22.7173 0.624657 0.0923333 -0.0244223 2
22.8627 0.625581 0.0865804 -0.0251856 2
23.0038 0.626686 0.0814771 -0.0233872 2
23.1318 0.627192 0.0760049 -0.0251147 2
23.3108 0.627822 0.0692581 -0.0263366 2
23.4515 0.628568 0.0630548 -0.0245507 2
23.612 0.629295 0.0569314 -0.0249719 2
23.757 0.629986 0.0509562 -0.0270728 2
23.8997 0.630652 0.0444383 -0.0243282 2
24.0406 0.631451 0.038671 -0.0264079 2
24.1911 0.631962 0.0325832 -0.0262168 2
24.3535 0.633959 0.0244218 -0.0217092 2
24.4924 0.633661 0.0185741 -0.0244778 2
24.6249 0.633497 0.0119978 -0.0231972 2
24.7755 0.633684 0.00507668 -0.0234449 2
24.9078 0.633844 -0.00140026 -0.0252144 2
25.0864 0.634046 -0.00936744 -0.0230391 2
25.2139 0.633796 -0.0156029 -0.0248402 2
25.3934 0.634043 -0.0201248 -0.0256253 2
25.5372 0.633387 -0.031152 -0.0254889 2
25.71 0.633185 -0.0384337 -0.024738 2
25.8643 0.633023 -0.0456688 -0.0229904 2
26.0235 0.633117 -0.0536204 -0.0246505 2
26.1704 0.632242 -0.0603077 -0.026012 2
26.3248 0.631496 -0.0673167 -0.0264888 2
26.4778 0.631712 -0.074505 -0.0236948 2
26.6193 0.630252 -0.0815115 -0.0251581 2
26.7651 0.629449 -0.0880893 -0.0245602 2
26.9183 0.628416 -0.0952234 -0.022511 2
27.0808 0.627716 -0.102403 -0.0195752 2
27.2116 0.627002 -0.1072 -0.0200115 2
27.3653 0.625852 -0.113445 -0.0179198 2
27.4977 0.624777 -0.118454 -0.0177409 2
27.6669 0.622968 -0.125487 -0.0186403 2
27.8252 0.622212 -0.131321 -0.0168445 2
27.9957 0.620674 -0.137858 -0.0196173 2
28.1385 0.61943 -0.142806 -0.0185927 2
28.3045 0.617549 -0.14903 -0.0182965 2
28.478 0.616345 -0.153928 -0.0182201 2
28.6115 0.614918 -0.158588 -0.0179804 2
28.7465 0.613868 -0.163849 -0.0205445 2
28.8934 0.613236 -0.167924 -0.0204977 2
29.0432 0.610792 -0.172019 -0.022394 2
29.2282 0.610519 -0.177293 -0.0220693 2
29.3662 0.609846 -0.181226 -0.0226334 2
29.5306 0.608976 -0.18518 -0.0220025 2
29.6751 0.607676 -0.188454 -0.0233841 2
29.8189 0.606834 -0.191624 -0.023074 2
29.979 0.606627 -0.19422 -0.0236101 2
30.1217 0.604706 -0.197027 -0.0231433 2
30.2652 0.602479 -0.19894 -0.0234259 2
30.4213 0.601882 -0.200978 -0.0226364 2
30.5721 0.602203 -0.202877 -0.0203655 2
30.7148 0.60096 -0.203768 -0.0196667 3
30.8795 0.600357 -0.204948 -0.0200123 3
31.0159 0.600201 -0.205673 -0.0191654 3
31.148 0.599691 -0.205957 -0.0199129 3
31.2983 0.599868 -0.206067 -0.0190489 3
31.4418 0.599234 -0.206042 -0.0208161 3
31.5748 0.599297 -0.206262 -0.0211782 3
31.7244 0.599454 -0.206154 -0.0202242 3
31.88 0.599262 -0.205571 -0.0202783 3
32.0427 0.599428 -0.206003 -0.0200132 3
32.1802 0.599287 -0.206281 -0.0203223 3
32.321 0.599646 -0.206499 -0.0200163 3
32.4718 0.599424 -0.206747 -0.0196194 3
32.6119 0.599803 -0.206949 -0.0186804 3
32.7609 0.599562 -0.207584 -0.0183787 3
32.9112 0.599536 -0.207635 -0.01814 3
33.0698 0.599603 -0.207947 -0.0183577 3
33.2254 0.599625 -0.208364 -0.0165167 3
33.3782 0.59973 -0.208713 -0.0158871 3
33.5579 0.599952 -0.208896 -0.0149285 3
33.7132 0.599527 -0.209244 -0.0146175 4
33.8739 0.599802 -0.209415 -0.0142788 4
34.004 0.600176 -0.209534 -0.0135067 4
34.118 0.599624 -0.209634 -0.0121482 4
34.2758 0.599343 -0.209948 -0.0121562 4
34.4366 0.600215 -0.209833 -0.0106625 4
34.5946 0.599328 -0.209982 -0.011208 4
34.7272 0.598592 -0.202947 -0.0121314 4
34.8679 0.591224 -0.123861 -0.0313939 4
35.0141 0.610908 -0.166158 -0.0262781 4
35.1971 0.590728 -0.142983 -0.0228484 4
35.3171 0.529114 -0.227994 0.0405222 4
35.4331 0.533684 -0.204338 0.165147 4
35.5246 0.497678 -0.164917 0.285581 4
35.6269 0.482838 -0.0944151 0.360745 4
35.7614 1.08606 -0.679362 1.17067 4
35.9251 0.481028 -0.159777 0.412972 4
36.0689 0.463122 -0.144742 0.36817 4
36.2071 0.478319 -0.137547 0.360856 4
36.327 0.476444 -0.136063 0.366122 4
36.4742 0.4706 -0.138643 0.367757 4
36.6102 0.476386 -0.137828 0.365142 4
36.7484 0.472128 -0.128304 0.348949 4
36.88 0.473146 -0.130239 0.357109 4
37.0172 0.498229 -0.11748 0.35897 4
37.154 0.476322 -0.132571 0.356136 4
37.2923 0.469957 -0.136692 0.358486 4
37.4325 0.69478 0.000217155 0.304655 4
37.5786 0.473483 -0.130542 0.355792 4
37.7126 0.46299 -0.144272 0.363238 4
37.8517 0.504774 -0.171399 0.444467 4
38.001 0.473783 -0.135567 0.358893 4
38.1501 0.473068 -0.132966 0.356756 4
38.2785 0.479622 -0.136896 0.364812 4
38.4051 0.510311 -0.12422 0.372279 4
38.5434 0.474842 -0.134396 0.359525 4
38.6728 0.491349 -0.133876 0.368664 4
38.8393 0.606773 -0.148936 0.509047 4
38.9715 0.484392 -0.139735 0.370572 4
39.1224 0.48702 -0.137652 0.368906 4
39.2502 0.565882 -0.095864 0.366211 4
39.383 0.465687 -0.144291 0.363252 4
39.5357 0.468187 -0.14179 0.36287 4
39.6923 0.49397 -0.130369 0.364641 4
39.8431 0.487863 -0.127492 0.355013 4
39.9956 0.492796 -0.130038 0.36801 4
40.1429 0.514316 -0.107304 0.358663 4
40.2525 0.481932 -0.143125 0.372368 4
40.3826 0.490252 -0.13493 0.370437 4
40.5276 0.527309 -0.118219 0.365056 4
40.6926 0.697686 -0.00953367 0.296671 4
40.8459 0.469586 -0.141026 0.362233 4
41.0025 0.486533 -0.134462 0.363983 4
41.147 0.493418 -0.114473 0.338037 4
41.2872 0.468916 -0.144886 0.364848 4
41.4424 0.474166 -0.13507 0.358347 4
41.5964 0.512097 -0.118139 0.366358 4
41.7522 0.581303 -0.076726 0.323476 4
41.9069 0.468274 -0.146035 0.367242 4
42.0447 0.470749 -0.139384 0.360833 4
42.192 0.484532 -0.137822 0.367782 4
42.3441 0.546661 -0.0989541 0.357392 4
42.4707 0.507508 -0.123259 0.362128 4
42.6112 0.472974 -0.144936 0.367727 4
42.7238 0.504306 -0.118023 0.357497 4
42.8626 0.524542 -0.0911722 0.316586 4
42.9728 0.498272 -0.141366 0.405973 4
43.0871 0.48107 -0.137808 0.363395 4
43.1953 0.488507 -0.129959 0.362054 4
43.3048 0.565506 -0.090651 0.355538 4
