8.39233e-05 0.332805 0.155998 -0.082615 0
0.112089 0.332823 0.155995 -0.0829772 0
0.259421 0.332797 0.156017 -0.08304 0
0.368034 0.332821 0.155996 -0.0831363 0
0.481418 0.332805 0.156051 -0.0825791 0
0.603911 0.33276 0.155929 -0.0825998 0
0.725616 0.332802 0.155963 -0.0824076 0
0.842411 0.332737 0.155945 -0.0823353 0
0.964859 0.332832 0.155992 -0.0833985 0
1.07036 0.332779 0.155988 -0.0825262 0
1.17545 0.332758 0.155945 -0.0822424 0
1.2848 0.332783 0.155926 -0.0824917 0
1.39081 0.332813 0.15603 -0.0827635 0
1.5162 0.332734 0.15601 -0.0830376 0
1.60729 0.332782 0.155858 -0.083145 0
1.70636 0.3329 0.156069 -0.0835547 0
1.80941 0.332828 0.155927 -0.0823095 0
1.92634 0.332737 0.155883 -0.0820327 0
2.04472 0.332788 0.155971 -0.083272 0
2.14118 0.332769 0.156006 -0.0825335 0
2.28104 0.332764 0.155905 -0.0819273 0
2.38672 0.332812 0.155971 -0.0835037 0
2.50992 0.332791 0.156046 -0.0830606 0
2.66856 0.332838 0.155915 -0.0830224 0
2.81106 0.332769 0.155986 -0.0831534 0
2.92664 0.332756 0.155963 -0.0825908 0
3.05168 0.332722 0.155941 -0.0827249 0
3.16184 0.332933 0.156061 -0.0833897 0
3.2703 0.332718 0.155906 -0.0820973 0
3.3972 0.332848 0.155985 -0.0830413 0
3.52415 0.332821 0.156012 -0.0831284 0
3.64725 0.332869 0.156001 -0.0833432 0
3.76103 0.33276 0.155954 -0.0818228 0
3.87777 0.33276 0.155978 -0.082958 0
4.05839 0.332825 0.155893 -0.0832275 0
4.22187 0.332828 0.156002 -0.0828351 0
4.41395 0.332789 0.155958 -0.0835398 0
4.55159 0.332822 0.155969 -0.0835832 0
4.67669 0.332785 0.155906 -0.0824356 0
4.83855 0.332803 0.155944 -0.0829367 0
4.99969 0.332702 0.155869 -0.0821095 0
5.14203 0.332788 0.155972 -0.0831998 0
5.30189 0.332826 0.156072 -0.0831518 0
5.43603 0.332794 0.155921 -0.0826309 0
5.58388 0.332845 0.155923 -0.0831201 0
5.71996 0.332736 0.156011 -0.0829147 0
5.8659 0.332796 0.155932 -0.0827209 0
6.01317 0.332763 0.155967 -0.0834237 0
6.15484 0.332793 0.155965 -0.0828588 0
6.28136 0.332852 0.155974 -0.0831012 0
6.43826 0.332767 0.155853 -0.0830587 0
6.58961 0.332774 0.155976 -0.0830618 0
6.73557 0.332884 0.156043 -0.0828068 0
6.9006 0.332785 0.155987 -0.0826593 0
7.03757 0.332809 0.155965 -0.0824961 0
7.1856 0.332779 0.155912 -0.0827092 0
7.33484 0.332686 0.155892 -0.0824875 0
7.48171 0.332858 0.156032 -0.0830828 0
7.61031 0.332812 0.155956 -0.0823669 0
7.77485 0.332797 0.156005 -0.0826057 0
7.92623 0.332765 0.156002 -0.082893 0
8.08262 0.332841 0.155996 -0.0827932 0
8.24095 0.332796 0.155982 -0.0826743 0
8.36348 0.332718 0.155915 -0.0820229 0
8.51643 0.332819 0.15597 -0.0832638 0
8.63533 0.332766 0.155921 -0.0827733 0
8.766 0.332747 0.155881 -0.0822701 0
8.90928 0.332762 0.155958 -0.0833804 0
9.04057 0.332773 0.155975 -0.082328 0
9.16385 0.332706 0.155917 -0.0834073 0
9.29838 0.332904 0.156107 -0.0828678 0
9.44782 0.333067 0.156318 -0.0831031 0
9.59426 0.333253 0.156526 -0.0830463 0
9.71707 0.333461 0.156832 -0.0826732 0
9.87906 0.333735 0.156921 -0.0823196 0
10.0296 0.333942 0.15735 -0.0824777 0
10.1782 0.334434 0.1577 -0.0818202 0
10.308 0.334171 0.158142 -0.0814174 0
10.4364 0.334154 0.158515 -0.0807396 0
10.5762 0.334606 0.158895 -0.0797133 0
10.7265 0.334545 0.159496 -0.0792815 0
10.8714 0.335436 0.159595 -0.0774951 0
11.0101 0.335484 0.159758 -0.0755785 0
11.1546 0.335784 0.159971 -0.074613 0
11.3251 0.336236 0.159821 -0.0715603 0
11.4716 0.336131 0.159961 -0.0697933 0
11.6078 0.336027 0.160043 -0.0678859 0
11.7514 0.336145 0.15959 -0.0647421 0
11.9048 0.336063 0.160122 -0.0635652 0
12.0562 0.337564 0.16204 -0.0654845 0
12.192 0.336609 0.161938 -0.0630289 0
12.3544 0.336842 0.161922 -0.0616876 0
12.4924 0.337108 0.16196 -0.0599439 0
12.6336 0.335778 0.162242 -0.0588085 0
12.7861 0.335725 0.162221 -0.0569596 0
12.9189 0.335936 0.162162 -0.0558202 0
13.0662 0.335655 0.161805 -0.0522545 0
13.2204 0.335672 0.161824 -0.0510781 0
13.3835 0.335996 0.16193 -0.0493787 0
13.5382 0.335704 0.161791 -0.0475789 0
13.7025 0.335985 0.16202 -0.0465131 1
13.8468 0.335287 0.161778 -0.0448263 1
13.9882 0.335855 0.161677 -0.0433914 1
14.1334 0.335572 0.161474 -0.0433595 1
14.2644 0.335718 0.161799 -0.0433917 1
14.4143 0.3362 0.161693 -0.0431003 1
14.5631 0.336559 0.161718 -0.0435827 1
14.7279 0.337687 0.162017 -0.0429441 1
14.8881 0.339784 0.162298 -0.0424145 1
15.0272 0.341637 0.162225 -0.0422 1
15.1801 0.346355 0.162375 -0.0403762 1
15.3108 0.350465 0.162797 -0.0390092 1
15.4464 0.352833 0.162864 -0.0385855 1
15.6026 0.359016 0.163011 -0.0370152 1
15.7453 0.363104 0.163068 -0.0357778 1
15.8771 0.369641 0.163513 -0.0349087 1
16.0209 0.373009 0.163083 -0.0342438 1
16.1452 0.378823 0.163492 -0.0337021 1
16.2806 0.384676 0.163228 -0.0326198 1
16.418 0.389303 0.163229 -0.031754 1
16.5681 0.394712 0.163014 -0.0313657 1
16.734 0.402137 0.162647 -0.0296041 1
16.8783 0.40915 0.162655 -0.0278651 1
17.0334 0.416458 0.162117 -0.0278864 1
17.1774 0.422127 0.162024 -0.0278693 1
17.3052 0.427297 0.161717 -0.028873 1
17.4396 0.433395 0.161402 -0.0287057 1
17.5981 0.439057 0.161085 -0.0292605 1
17.7546 0.445452 0.160668 -0.0299004 1
17.9032 0.450384 0.160705 -0.0297078 1
18.0659 0.456219 0.160016 -0.0311952 1
18.2231 0.459602 0.159558 -0.0312899 1
18.3283 0.462587 0.159009 -0.0320415 1
18.4766 0.467935 0.158615 -0.032332 1
18.6328 0.470639 0.158224 -0.0295393 1
18.7769 0.473346 0.157633 -0.0331052 1
18.8985 0.474797 0.157548 -0.0338972 2
19.0436 0.475877 0.157431 -0.0327429 2
19.1969 0.476434 0.157159 -0.0334173 2
19.3375 0.476958 0.157159 -0.0331279 2
19.453 0.477213 0.156767 -0.0333304 2
19.5969 0.476875 0.156598 -0.0342512 2
19.7555 0.477041 0.1552 -0.0307873 2
19.9151 0.477669 0.154619 -0.0336961 2
20.0758 0.477379 0.153192 -0.0334702 2
20.2173 0.477692 0.151891 -0.0333294 2
20.3375 0.478767 0.150348 -0.0327022 2
20.5006 0.479368 0.147909 -0.0316781 2
20.6489 0.480166 0.145371 -0.0311891 2
20.814 0.480245 0.142638 -0.0316495 2
20.9689 0.48161 0.139156 -0.0321762 2
21.0947 0.482513 0.136905 -0.0287747 2
21.2323 0.483262 0.134008 -0.0313254 2
21.3771 0.484638 0.13032 -0.0295256 2
21.5427 0.485335 0.12634 -0.0286062 2
21.6856 0.486571 0.122871 -0.0281532 2
21.8433 0.487028 0.118589 -0.0311918 2
21.9793 0.488547 0.113931 -0.0291975 2
22.1233 0.489177 0.109955 -0.026983 2
22.2517 0.490711 0.105958 -0.02594 2
22.4276 0.491527 0.0996762 -0.0250258 2
22.561 0.492705 0.0947737 -0.0236258 2
22.7173 0.493292 0.0902034 -0.0248091 2
22.8627 0.494301 0.0843138 -0.0275947 2
23.0038 0.495827 0.0794763 -0.0256767 2
23.1318 0.495946 0.0742507 -0.0279442 2
23.3108 0.496833 0.0668847 -0.0288688 2
23.4515 0.498068 0.0611721 -0.0284629 2
23.612 0.498235 0.0544269 -0.0283408 2
23.757 0.498903 0.0483595 -0.0286929 2
23.8997 0.499309 0.0418249 -0.0272755 2
24.0406 0.500225 0.0363242 -0.0274122 2
24.1911 0.501605 0.0299994 -0.0244254 2
24.3535 0.503413 0.0224318 -0.0220194 2
24.4924 0.502534 0.0162466 -0.0261741 2
24.6249 0.502777 0.00936866 -0.0235141 2
24.7755 0.502946 0.00245592 -0.0261656 2
24.9078 0.502625 -0.00351527 -0.0289359 2
25.0864 0.503495 -0.011691 -0.0256662 2
25.2139 0.503359 -0.0179377 -0.026459 2
25.3934 0.503635 -0.0221194 -0.0300721 2
25.5372 0.503297 -0.0334828 -0.0287902 2
25.71 0.50292 -0.0407211 -0.0264732 2
25.8643 0.503274 -0.0483099 -0.026265 2
26.0235 0.502162 -0.0555988 -0.0260171 2
26.1704 0.501546 -0.0624027 -0.0278037 2
26.3248 0.50141 -0.0697105 -0.0300747 2
26.4778 0.501477 -0.0774358 -0.0274387 2
26.6193 0.499873 -0.0853268 -0.0293479 2
26.7651 0.498905 -0.0912653 -0.0287095 2
26.9183 0.498462 -0.0983278 -0.0306214 2
27.0808 0.497318 -0.10633 -0.0286673 2
27.2116 0.495659 -0.110953 -0.029214 2
27.3653 0.494445 -0.117643 -0.0252427 2
27.4977 0.493525 -0.122558 -0.0227787 2
27.6669 0.492276 -0.12905 -0.0277913 2
27.8252 0.491709 -0.133581 -0.0280009 2
27.9957 0.490574 -0.140089 -0.0300931 2
28.1385 0.48906 -0.145273 -0.0286639 2
28.3045 0.487374 -0.152216 -0.0322274 2
28.478 0.485864 -0.156554 -0.0319211 2
28.6115 0.484071 -0.161059 -0.0333812 2
28.7465 0.481516 -0.166307 -0.0296479 2
28.8934 0.480152 -0.170314 -0.0299825 2
29.0432 0.480371 -0.174738 -0.0360114 2
29.2282 0.47906 -0.180102 -0.0353171 2
29.3662 0.47809 -0.183782 -0.0357254 2
29.5306 0.476799 -0.187895 -0.0334036 2
29.6751 0.475364 -0.190871 -0.0339179 2
29.8189 0.474218 -0.194092 -0.0341958 2
29.979 0.473489 -0.196831 -0.0331193 2
30.1217 0.472296 -0.199689 -0.0333134 2
30.2652 0.470865 -0.201595 -0.0331943 2
30.4213 0.470384 -0.203595 -0.0329837 2
30.5721 0.468836 -0.205635 -0.0332649 2
30.7148 0.468404 -0.206661 -0.0326379 3
30.8795 0.468339 -0.207818 -0.0324495 3
31.0159 0.467475 -0.208295 -0.0324088 3
31.148 0.467487 -0.208406 -0.0325721 3
31.2983 0.467433 -0.208612 -0.0329696 3
31.4418 0.467122 -0.208759 -0.0339117 3
31.5748 0.467283 -0.208828 -0.0341044 3
31.7244 0.467259 -0.208863 -0.0332608 3
31.88 0.467116 -0.208445 -0.0335331 3
32.0427 0.467304 -0.208946 -0.033595 3
32.1802 0.467248 -0.209063 -0.0337864 3
32.321 0.467521 -0.209535 -0.0333656 3
32.4718 0.467707 -0.209571 -0.0328863 3
32.6119 0.467169 -0.209684 -0.0330989 3
32.7609 0.467487 -0.210252 -0.0330689 3
32.9112 0.467748 -0.210259 -0.0323903 3
33.0698 0.46731 -0.210379 -0.0331385 3
33.2254 0.46781 -0.210759 -0.0312054 3
33.3782 0.467559 -0.211359 -0.0304122 3
33.5579 0.467607 -0.211985 -0.029752 3
33.7132 0.467798 -0.212006 -0.0293495 4
33.8739 0.467658 -0.212673 -0.0274181 4
34.004 0.467549 -0.21302 -0.0270249 4
34.118 0.467243 -0.213106 -0.0261002 4
34.2758 0.467604 -0.21334 -0.0264684 4
34.4366 0.467773 -0.21339 -0.0243742 4
34.5946 0.467289 -0.21377 -0.0247376 4
34.7272 0.467346 -0.207215 -0.0253396 4
34.8679 0.475165 -0.156325 -0.0460045 4
35.0141 0.616681 -0.186415 -0.0342625 4
35.1971 0.52978 -0.124692 -0.0329898 4
35.3171 0.497451 -0.22691 0.0741384 4
35.4331 0.475558 -0.242376 0.199123 4
35.5246 0.446703 -0.177588 0.296261 4
35.6269 0.435498 -0.14591 0.39027 4
35.7614 1.08194 -0.679416 1.17121 4
35.9251 0.498673 -0.264765 0.521281 4
36.0689 0.418267 -0.162596 0.360366 4
36.2071 0.423233 -0.161464 0.359287 4
36.327 0.422047 -0.165814 0.363515 4
36.4742 0.4196 -0.163465 0.360107 4
36.6102 0.432715 -0.14918 0.353239 4
36.7484 0.42942 -0.141897 0.343196 4
36.88 0.428069 -0.147635 0.352561 4
37.0172 0.381889 -0.191026 0.362509 4
37.154 0.428782 -0.151803 0.354525 4
37.2923 0.425098 -0.155158 0.355657 4
37.4325 1.46899 0.308179 0.443201 4
37.5786 0.433489 -0.139111 0.347041 4
37.7126 0.433663 -0.160316 0.36235 4
37.8517 0.556085 -0.132754 0.397817 4
38.001 0.427074 -0.151827 0.353371 4
38.1501 0.435525 -0.146881 0.35438 4
38.2785 0.405999 -0.16758 0.35498 4
38.4051 0.360407 -0.189144 0.350633 4
38.5434 0.433921 -0.143766 0.352184 4
38.6728 0.484332 -0.12511 0.360251 4
38.8393 0.69706 -0.0222622 0.382353 4
38.9715 0.400218 -0.170362 0.356257 4
39.1224 0.403919 -0.169681 0.357639 4
39.2502 0.28655 -0.227065 0.357009 4
39.383 0.446385 -0.152859 0.36396 4
39.5357 0.420765 -0.157218 0.354623 4
39.6923 0.391975 -0.179809 0.361131 4
39.8431 0.46684 -0.169414 0.391971 4
39.9956 0.491893 -0.0876321 0.322928 4
40.1429 0.364373 -0.21418 0.369495 4
40.2525 0.411456 -0.166493 0.358968 4
40.3826 0.544421 -0.0737 0.335543 4
40.5276 0.529219 -0.161115 0.42614 4
40.6926 1.12807 0.185033 0.292416 4
40.8459 0.422778 -0.154891 0.351816 4
41.0025 0.400644 -0.16981 0.355184 4
41.147 0.469686 -0.169124 0.389281 4
41.2872 0.425405 -0.154774 0.354345 4
41.4424 0.426453 -0.1563 0.358764 4
41.5964 0.626615 -0.00185975 0.316503 4
41.7522 0.92119 0.199991 0.207394 4
41.9069 0.435268 -0.154578 0.358808 4
42.0447 0.431989 -0.160095 0.36078 4
42.192 0.409934 -0.1668 0.357981 4
42.3441 0.317517 -0.216694 0.360594 4
42.4707 0.364309 -0.186809 0.354528 4
42.6112 0.426494 -0.160409 0.35971 4
42.7238 0.382796 -0.181014 0.356994 4
42.8626 0.519662 -0.173105 0.425625 4
42.9728 0.612428 -0.0824256 0.409402 4
43.0871 0.412789 -0.164171 0.357438 4
43.1953 0.450878 -0.142997 0.35661 4
43.3048 1.01336 0.181026 0.274409 4
