8.39233e-05 0.395572 0.0659776 0.16513 0 0
0.112089 0.395574 0.0659733 0.165137 0 0
0.259421 0.395571 0.0659747 0.165116 0 0
0.368034 0.395577 0.0659617 0.165128 0 0
0.481418 0.395574 0.0659754 0.165137 0 0
0.603911 0.395572 0.0659558 0.165114 0 0
0.725616 0.395578 0.0659651 0.165129 0 0
0.842411 0.395559 0.0659601 0.165118 0 0
0.964859 0.395566 0.0659697 0.165122 0 0
1.07036 0.395572 0.0659673 0.165134 0 0
1.17545 0.395568 0.0659839 0.165115 0 0
1.2848 0.395584 0.0659587 0.165129 0 0
1.39081 0.395567 0.065992 0.165128 0 0
1.5162 0.395567 0.0659627 0.165115 0 0
1.60729 0.395563 0.0659446 0.165108 0 0
1.70636 0.395575 0.0659729 0.165138 0 0
1.80941 0.395571 0.065963 0.165132 0 0
1.92634 0.39557 0.0659559 0.165118 0 0
2.04472 0.395572 0.065962 0.165127 0 0
2.14118 0.395572 0.0659613 0.165138 0 0
2.28104 0.395576 0.0659638 0.165131 0 0
2.38672 0.395564 0.0659543 0.165122 0 0
2.50992 0.395579 0.0659559 0.165132 0 0
2.66856 0.395561 0.065955 0.165114 0 0
2.81106 0.395567 0.0659689 0.165122 0 0
2.92664 0.395568 0.0659551 0.165121 0 0
3.05168 0.395555 0.065956 0.165106 0 0
3.16184 0.395584 0.0659946 0.16513 0 0
3.2703 0.395573 0.0659501 0.165114 0 0
3.3972 0.395579 0.0659574 0.165135 0 0
3.52415 0.395573 0.0659646 0.165134 0 0
3.64725 0.395584 0.0659665 0.16514 0 0
3.76103 0.39558 0.0659802 0.165134 0 0
3.87777 0.395571 0.0659533 0.165123 0 0
4.05839 0.39557 0.0659543 0.165119 0 0
4.22187 0.395577 0.0659708 0.165135 0 0
4.41395 0.395569 0.06597 0.165102 0 0
4.55159 0.395578 0.0659535 0.165131 0 0
4.67669 0.395568 0.0659654 0.165118 0 0
4.83855 0.395576 0.0659792 0.165117 0 0
4.99969 0.395567 0.0659597 0.16511 0 0
5.14203 0.395581 0.0659551 0.165124 0 0
5.30189 0.395578 0.0659905 0.16515 0 0
5.43603 0.395566 0.0659482 0.165123 0 0
5.58388 0.395565 0.0659649 0.165114 0 0
5.71996 0.395561 0.0659803 0.165106 0 0
5.8659 0.395572 0.0659736 0.165119 0 0
6.01317 0.395563 0.0659415 0.165113 0 0
6.15484 0.39558 0.0659764 0.165134 0 0
6.28136 0.395564 0.0659706 0.16512 0 0
6.43826 0.39556 0.0659343 0.165109 0 0
6.58961 0.395585 0.0659685 0.165121 0 0
6.73557 0.395582 0.0659915 0.165127 0 0
6.9006 0.395566 0.0659686 0.165111 0 0
7.03757 0.395573 0.0659678 0.16514 0 0
7.1856 0.395559 0.0659406 0.165108 0 0
7.33484 0.395558 0.0659574 0.165115 0 0
7.48171 0.395586 0.0659769 0.165145 0 0
7.61031 0.395559 0.0659807 0.165127 0 0
7.77485 0.395572 0.0659777 0.165136 0 0
7.92623 0.395575 0.0659696 0.16512 0 0
8.08262 0.395572 0.0659746 0.16513 0 0
8.24095 0.395581 0.0659643 0.165137 0 0
8.36348 0.395571 0.0659546 0.165124 0 0
8.51643 0.395563 0.0659669 0.165112 0 0
8.63533 0.395553 0.0659626 0.165106 0 0
8.766 0.395558 0.0659717 0.165107 0 0
8.90928 0.395545 0.0659661 0.165104 0 0
9.04057 0.395573 0.0659717 0.165146 0 0
9.16385 0.395554 0.0659504 0.165126 0 0
9.29838 0.395601 0.0659737 0.165549 0 0
9.44782 0.395686 0.0660089 0.166279 0 0
9.59426 0.395807 0.0660619 0.167288 0 0
9.71707 0.395916 0.0661082 0.168282 0 0
9.87906 0.396077 0.0661578 0.169833 0 0
10.0296 0.396222 0.06617 0.17159 0 0
10.1782 0.396419 0.0662155 0.173536 0 0
10.308 0.396574 0.0662678 0.175319 0 0
10.4364 0.39675 0.0663138 0.177302 0 0
10.5762 0.396917 0.0663698 0.179603 0 0
10.7265 0.397078 0.0663813 0.182069 0 0
10.8714 0.397216 0.06641 0.184598 0 0
11.0101 0.397376 0.0664285 0.187133 0 0
11.1546 0.397459 0.0664354 0.189979 0 0
11.3251 0.397573 0.0664434 0.193264 0 0
11.4716 0.397656 0.0664172 0.196102 0 0
11.6078 0.397711 0.066405 0.198822 0 0
11.7514 0.397734 0.0663661 0.201653 0 0
11.9048 0.397729 0.0663255 0.204673 0 0
12.0562 0.397698 0.0662487 0.207618 0 0
12.192 0.397634 0.066178 0.210197 0 0
12.3544 0.397573 0.0660647 0.213314 0 0
12.4924 0.397486 0.0659952 0.21567 0 0
12.6336 0.397385 0.0659013 0.218095 0 0
12.7861 0.397284 0.0658189 0.220539 0 0
12.9189 0.397162 0.0657301 0.222382 0 0
13.0662 0.397061 0.0656381 0.224459 0 0
13.2204 0.396936 0.0655368 0.226279 0 0
13.3835 0.396816 0.0654716 0.227917 0 0
13.5382 0.396726 0.0654123 0.229232 0 0
13.7025 0.396652 0.0653551 0.23023 0 1
13.8468 0.396593 0.0652973 0.230759 0 1
13.9882 0.396574 0.0652939 0.23102 0 1
14.1334 0.396558 0.0652689 0.23102 0 1
14.2644 0.396613 0.0652937 0.23107 0 1
14.4143 0.397453 0.0653838 0.231235 0 1
14.5631 0.39898 0.0655285 0.231478 0 1
14.7279 0.401237 0.065774 0.231808 0 1
14.8881 0.404204 0.0660713 0.232283 0 1
15.0272 0.40737 0.0663239 0.232762 0 1
15.1801 0.411201 0.0666593 0.233267 0 1
15.3108 0.414855 0.0669912 0.233797 0 1
15.4464 0.418985 0.0673183 0.234369 0 1
15.6026 0.424242 0.0675974 0.234851 0 1
15.7453 0.429064 0.0678857 0.235321 0 1
15.8771 0.434082 0.0681799 0.235819 0 1
16.0209 0.43965 0.0683757 0.236202 0 1
16.1452 0.44479 0.0685767 0.236544 0 1
16.2806 0.450271 0.0686943 0.236773 0 1
16.418 0.454889 0.0687863 0.237021 0 1
16.5681 0.460726 0.0688669 0.23717 0 1
16.734 0.470073 0.0687236 0.237274 0 1
16.8783 0.474688 0.0687058 0.237226 0 1
17.0334 0.482264 0.0685051 0.237092 0 1
17.1774 0.487785 0.0682764 0.23683 0 1
17.3052 0.49302 0.0680912 0.236609 0 1
17.4396 0.498079 0.0677355 0.236272 0 1
17.5981 0.504024 0.0673489 0.235961 0 1
17.7546 0.509721 0.0669694 0.235383 0 1
17.9032 0.514527 0.0665405 0.234996 0 1
18.0659 0.519668 0.0661042 0.23444 0 1
18.2231 0.522183 0.0658592 0.234149 0 1
18.3283 0.526139 0.0653985 0.2336 0 1
18.4766 0.530119 0.0649605 0.233121 0 1
18.6328 0.532373 0.064699 0.23279 0 1
18.7769 0.534758 0.0644062 0.232372 0 1
18.8985 0.535845 0.0643286 0.232211 0 2
19.0436 0.536742 0.0642124 0.232131 0 2
19.1969 0.536982 0.064161 0.232101 0 2
19.3375 0.536962 0.0641365 0.232093 0 2
19.453 0.536988 0.0640896 0.232079 0 2
19.5969 0.537173 0.0635519 0.232123 0 2
19.7555 0.537453 0.0627888 0.23212 0 2
19.9151 0.537817 0.0617283 0.232121 0 2
20.0758 0.538359 0.0602301 0.232195 0 2
20.2173 0.538858 0.0588118 0.232213 0 2
20.3375 0.539368 0.0573558 0.232288 0 2
20.5006 0.54015 0.0549672 0.232281 0 2
20.6489 0.540951 0.0526352 0.232323 0 2
20.814 0.541849 0.0498246 0.232345 0 2
20.9689 0.542844 0.0467368 0.232403 0 2
21.0947 0.54365 0.0442581 0.232475 0 2
21.2323 0.544558 0.0412316 0.232486 0 2
21.3771 0.545621 0.0377375 0.232561 0 2
21.5427 0.546774 0.033691 0.232619 0 2
21.6856 0.547827 0.0298865 0.232655 0 2
21.8433 0.549082 0.0255341 0.232755 0 2
21.9793 0.550152 0.021521 0.232771 0 2
22.1233 0.551275 0.0171797 0.232844 0 2
22.2517 0.552267 0.0130953 0.232881 0 2
22.4276 0.553664 0.00732378 0.23299 0 2
22.561 0.554729 0.00270856 0.233086 0 2
22.7173 0.555889 -0.00255169 0.233138 0 2
22.8627 0.556951 -0.00770936 0.233171 0 2
23.0038 0.558037 -0.0130611 0.233254 0 2
23.1318 0.558915 -0.0180019 0.233297 0 2
23.3108 0.560125 -0.0249355 0.233384 0 2
23.4515 0.561079 -0.030642 0.233395 0 2
23.612 0.562079 -0.0372197 0.233504 0 2
23.757 0.562926 -0.0431902 0.233513 0 2
23.8997 0.563691 -0.0492763 0.233557 0 2
24.0406 0.564415 -0.0551067 0.23365 0 2
24.1911 0.56509 -0.0613994 0.233666 0 2
24.3535 0.565787 -0.0691434 0.233644 0 2
24.4924 0.566298 -0.0752868 0.233777 0 2
24.6249 0.566687 -0.0815145 0.23378 0 2
24.7755 0.567051 -0.0880756 0.23382 0 2
24.9078 0.567338 -0.0943416 0.233841 0 2
25.0864 0.567624 -0.102471 0.233851 0 2
25.2139 0.567719 -0.108442 0.233935 0 2
25.3934 0.567814 -0.113316 0.233965 0 2
25.5372 0.567804 -0.124287 0.233886 0 2
25.71 0.567602 -0.131246 0.233915 0 2
25.8643 0.567374 -0.138607 0.234008 0 2
26.0235 0.567037 -0.146227 0.233953 0 2
26.1704 0.566588 -0.153065 0.233951 0 2
26.3248 0.566122 -0.160287 0.234046 0 2
26.4778 0.56552 -0.167133 0.234032 0 2
26.6193 0.564913 -0.173289 0.233923 0 2
26.7651 0.564189 -0.180151 0.233989 0 2
26.9183 0.563378 -0.186906 0.233895 0 2
27.0808 0.562388 -0.194204 0.233865 0 2
27.2116 0.561635 -0.199741 0.233917 0 2
27.3653 0.560645 -0.206167 0.233854 0 2
27.4977 0.559781 -0.211438 0.233866 0 2
27.6669 0.55849 -0.21863 0.233798 0 2
27.8252 0.557345 -0.224648 0.233894 0 2
27.9957 0.555966 -0.231475 0.233785 0 2
28.1385 0.554854 -0.236619 0.233766 0 2
28.3045 0.553559 -0.242702 0.233719 0 2
28.478 0.552289 -0.247971 0.233698 0 2
28.6115 0.551277 -0.252226 0.233662 0 2
28.7465 0.549703 -0.258389 0.23361 0 2
28.8934 0.548834 -0.261907 0.233568 0 2
29.0432 0.547567 -0.266732 0.233595 0 2
29.2282 0.546213 -0.271551 0.2335 0 2
29.3662 0.545093 -0.275512 0.233458 0 2
29.5306 0.543906 -0.2794 0.233404 0 2
29.6751 0.542909 -0.2828 0.233444 0 2
29.8189 0.541923 -0.285997 0.23339 0 2
29.979 0.541002 -0.289016 0.233387 0 2
30.1217 0.540146 -0.29164 0.233343 0 2
30.2652 0.5394 -0.293898 0.233329 0 2
30.4213 0.53873 -0.295976 0.233296 0 2
30.5721 0.538065 -0.297927 0.233257 0 2
30.7148 0.537603 -0.299294 0.233253 0 3
30.8795 0.537209 -0.300518 0.233243 0 3
31.0159 0.536968 -0.301229 0.233228 0 3
31.148 0.536853 -0.301645 0.233247 0 3
31.2983 0.536786 -0.301859 0.233234 0 3
31.4418 0.536788 -0.301861 0.233247 0 3
31.5748 0.53676 -0.301911 0.233239 0 3
31.7244 0.53681 -0.301926 0.233464 0 3
31.88 0.536831 -0.301999 0.23405 0 3
32.0427 0.536846 -0.302076 0.234901 0 3
32.1802 0.536837 -0.302176 0.235689 0 3
32.321 0.536847 -0.302265 0.236614 0 3
32.4718 0.536844 -0.302384 0.237423 0 3
32.6119 0.536823 -0.302528 0.239148 0 3
32.7609 0.536855 -0.302663 0.240282 0 3
32.9112 0.536859 -0.302794 0.241558 0 3
33.0698 0.536892 -0.302962 0.243108 0 3
33.2254 0.536881 -0.303096 0.244405 0 3
33.3782 0.536875 -0.303217 0.245722 0 3
33.5579 0.536851 -0.303358 0.247217 0 3
33.7132 0.53684 -0.303464 0.248289 0 4
33.8739 0.536798 -0.303601 0.249289 0 4
34.004 0.5368 -0.303662 0.249999 0 4
34.118 0.536786 -0.303714 0.250454 0 4
34.2758 0.536757 -0.303774 0.250908 0 4
34.4366 0.536751 -0.303805 0.251114 0 4
34.5946 0.536754 -0.30379 0.25113 0 4
34.7272 0.53586 -0.303163 0.254935 0 4
34.8679 0.525468 -0.295869 0.29387 0 4
35.0141 0.494322 -0.277253 0.375562 0 4
35.1971 0.417382 -0.241029 0.498024 0 4
35.3171 0.326446 -0.20585 0.586044 0 4
35.4331 0.309599 -0.199886 0.597816 0 4
35.5246 0.309824 -0.200122 0.598171 0 4
35.6269 0.309966 -0.200187 0.598188 0 4
35.7614 0.309966 -0.200187 0.598188 0 4
35.9251 0.309966 -0.200187 0.598188 0 4
36.0689 0.309966 -0.200187 0.598188 0 4
36.2071 0.309966 -0.200187 0.598188 0 4
36.327 0.309966 -0.200187 0.598188 0 4
36.4742 0.309966 -0.200187 0.598188 0 4
36.6102 0.309966 -0.200187 0.598188 0 4
36.7484 0.309966 -0.200187 0.598188 0 4
36.88 0.309966 -0.200187 0.598188 0 4
37.0172 0.309966 -0.200187 0.598188 0 4
37.154 0.309966 -0.200187 0.598188 0 4
37.2923 0.309966 -0.200187 0.598188 0 4
37.4325 0.309966 -0.200187 0.598188 0 4
37.5786 0.309966 -0.200187 0.598188 0 4
37.7126 0.309966 -0.200187 0.598188 0 4
37.8517 0.309966 -0.200187 0.598188 0 4
38.001 0.309966 -0.200187 0.598188 0 4
38.1501 0.309966 -0.200187 0.598188 0 4
38.2785 0.309966 -0.200187 0.598188 0 4
38.4051 0.309966 -0.200187 0.598188 0 4
38.5434 0.309966 -0.200187 0.598188 0 4
38.6728 0.309966 -0.200187 0.598188 0 4
38.8393 0.309966 -0.200187 0.598188 0 4
38.9715 0.309966 -0.200187 0.598188 0 4
39.1224 0.309966 -0.200187 0.598188 0 4
39.2502 0.309966 -0.200187 0.598188 0 4
39.383 0.309966 -0.200187 0.598188 0 4
39.5357 0.309966 -0.200187 0.598188 0 4
39.6923 0.309966 -0.200187 0.598188 0 4
39.8431 0.309966 -0.200187 0.598188 0 4
39.9956 0.309966 -0.200187 0.598188 0 4
40.1429 0.309966 -0.200187 0.598188 0 4
40.2525 0.309966 -0.200187 0.598188 0 4
40.3826 0.309966 -0.200187 0.598188 0 4
40.5276 0.309966 -0.200187 0.598188 0 4
40.6926 0.309966 -0.200187 0.598188 0 4
40.8459 0.309966 -0.200187 0.598188 0 4
41.0025 0.309966 -0.200187 0.598188 0 4
41.147 0.309966 -0.200187 0.598188 0 4
41.2872 0.309966 -0.200187 0.598188 0 4
41.4424 0.309966 -0.200187 0.598188 0 4
41.5964 0.309966 -0.200187 0.598188 0 4
41.7522 0.309966 -0.200187 0.598188 0 4
41.9069 0.309966 -0.200187 0.598188 0 4
42.0447 0.309966 -0.200187 0.598188 0 4
42.192 0.309966 -0.200187 0.598188 0 4
42.3441 0.309966 -0.200187 0.598188 0 4
42.4707 0.309966 -0.200187 0.598188 0 4
42.6112 0.309966 -0.200187 0.598188 0 4
42.7238 0.309966 -0.200187 0.598188 0 4
42.8626 0.309966 -0.200187 0.598188 0 4
42.9728 0.309966 -0.200187 0.598188 0 4
43.0871 0.309966 -0.200187 0.598188 0 4
43.1953 0.309966 -0.200187 0.598188 0 4
43.3048 0.309966 -0.200187 0.598188 0 4
