-4.76837e-07 0.35321 0.184979 -0.0879103
0.0866685 0.353233 0.184984 -0.087828
0.171471 0.353282 0.185016 -0.0880301
0.268272 0.353198 0.185026 -0.0877012
0.35961 0.353304 0.185036 -0.0878467
0.44333 0.353145 0.184859 -0.0878245
0.546424 0.353168 0.184912 -0.086848
0.637603 0.353146 0.184841 -0.0874404
0.729438 0.353245 0.184866 -0.0873486
0.826182 0.353106 0.184808 -0.0867039
0.916509 0.353192 0.184935 -0.0872073
1.01502 0.353178 0.184978 -0.0877365
1.1009 0.353248 0.184914 -0.0872698
1.19481 0.353163 0.184999 -0.088106
1.29597 0.353262 0.184972 -0.0875289
1.38488 0.353152 0.184864 -0.0869109
1.48735 0.353215 0.184919 -0.0876644
1.57356 0.353199 0.184969 -0.0875882
1.66809 0.353262 0.184938 -0.0872267
1.76228 0.353271 0.184969 -0.0873834
1.86402 0.353235 0.184883 -0.0872206
1.97191 0.353222 0.184939 -0.0876829
2.05943 0.353177 0.185016 -0.0886583
2.16817 0.35321 0.184918 -0.0872511
2.2564 0.353214 0.184933 -0.0870692
2.35691 0.353153 0.184845 -0.087119
2.44164 0.35318 0.184916 -0.0865061
2.54337 0.353225 0.184899 -0.0875638
2.63107 0.353127 0.184965 -0.0876021
2.72265 0.353143 0.18496 -0.0870903
2.83908 0.353216 0.185009 -0.0874879
2.92908 0.353243 0.185037 -0.0876562
3.04024 0.353167 0.184904 -0.0868585
3.13123 0.353272 0.184973 -0.0874266
3.23724 0.353209 0.184896 -0.0872853
3.3425 0.353197 0.184865 -0.0871719
3.45495 0.353211 0.184796 -0.0873465
3.55837 0.353141 0.184856 -0.0864345
3.67559 0.353269 0.184936 -0.0877158
3.76728 0.353275 0.185107 -0.0882948
3.88399 0.353204 0.184886 -0.0873811
3.9782 0.353228 0.184931 -0.0879636
4.11178 0.353225 0.184872 -0.0875604
4.2184 0.353303 0.185117 -0.0885202
4.31095 0.353255 0.184871 -0.0878233
4.41114 0.353241 0.185004 -0.0890251
4.50013 0.353238 0.184971 -0.088078
4.60608 0.353245 0.184957 -0.0875126
4.73715 0.353271 0.185032 -0.087796
4.82131 0.353246 0.184958 -0.0873381
4.92175 0.353356 0.185065 -0.0871119
5.03376 0.353547 0.185262 -0.0872469
5.13941 0.353646 0.185657 -0.0875988
5.25669 0.353846 0.185769 -0.0876941
5.35344 0.354077 0.185924 -0.0882515
5.47194 0.354162 0.186021 -0.087836
5.56685 0.354328 0.186252 -0.0871462
5.67335 0.354441 0.186497 -0.087521
5.7683 0.354514 0.186664 -0.0865318
5.86858 0.35464 0.187357 -0.0872292
5.97362 0.354809 0.18731 -0.085557
6.07979 0.354519 0.18766 -0.0844996
6.18351 0.354897 0.188079 -0.0843316
6.26998 0.355146 0.188009 -0.0823756
6.37658 0.355123 0.188691 -0.0828886
6.47719 0.35521 0.188951 -0.0805203
6.57599 0.354947 0.189017 -0.0809413
6.6808 0.355008 0.189227 -0.0793635
6.76669 0.35511 0.189454 -0.0786115
6.85729 0.353741 0.189753 -0.0780564
6.96942 0.354044 0.19018 -0.0778998
7.06014 0.354433 0.190378 -0.0793536
7.16122 0.353989 0.190551 -0.0787135
7.25984 0.35354 0.190778 -0.0766211
7.36977 0.353378 0.190846 -0.0753461
7.4738 0.352908 0.191024 -0.0747725
7.56668 0.352397 0.190874 -0.074162
7.66047 0.352725 0.190559 -0.0712064
7.76527 0.352792 0.19118 -0.0716102
7.85203 0.353771 0.190931 -0.0682257
7.95803 0.353838 0.190928 -0.0668641
8.05114 0.354265 0.19112 -0.0664049
8.17187 0.353478 0.191091 -0.0647034
8.26421 0.353891 0.191264 -0.0631947
8.35178 0.35413 0.19115 -0.0610962
8.44638 0.354479 0.19131 -0.0594598
8.54795 0.354948 0.191048 -0.0571678
8.63751 0.353809 0.191385 -0.0585548
8.7284 0.352592 0.191189 -0.0579844
8.82458 0.353621 0.190779 -0.054553
8.91721 0.354861 0.190681 -0.0512653
9.01939 0.354369 0.190986 -0.0508712
9.11467 0.354923 0.191157 -0.0506126
9.20709 0.352883 0.19135 -0.0530205
9.29891 0.353197 0.19131 -0.0511611
9.38973 0.354239 0.19091 -0.0491906
9.49056 0.353257 0.191007 -0.0499357
9.57931 0.353393 0.190773 -0.0489814
9.68407 0.353963 0.191084 -0.0488877
9.78999 0.352779 0.190649 -0.0487414
9.89874 0.353248 0.190776 -0.0478118
9.97443 0.353496 0.191224 -0.0497685
10.0738 0.353591 0.191081 -0.0475527
10.1621 0.354154 0.191127 -0.0482019
10.2551 0.354948 0.191269 -0.0481742
10.3521 0.355694 0.19126 -0.0488915
10.447 0.356883 0.191249 -0.047064
10.5507 0.358785 0.191047 -0.0456627
10.6407 0.360217 0.191437 -0.0462637
10.7306 0.36174 0.191713 -0.0465408
10.8375 0.364084 0.191643 -0.0462251
10.9221 0.366014 0.191848 -0.0463656
11.0215 0.367396 0.191612 -0.0463768
11.1195 0.371154 0.192038 -0.0463445
11.2154 0.373017 0.192043 -0.0457077
11.304 0.37771 0.192139 -0.0433354
11.4087 0.379492 0.191938 -0.043456
11.4969 0.382408 0.191635 -0.0424011
11.5926 0.384473 0.191899 -0.0425405
11.6921 0.387133 0.192345 -0.0433415
11.7871 0.391524 0.192316 -0.0426084
11.8815 0.392868 0.192407 -0.0431627
11.9759 0.398056 0.192407 -0.0419928
12.0678 0.401578 0.192373 -0.0421716
12.1722 0.404491 0.191889 -0.0407373
12.2664 0.408021 0.191833 -0.0403551
12.3672 0.410929 0.191797 -0.0402853
12.4617 0.416097 0.191589 -0.0389857
12.5632 0.418427 0.191255 -0.0386993
12.6497 0.422576 0.191184 -0.0392189
12.7428 0.424181 0.191227 -0.039785
12.8379 0.428003 0.191161 -0.0384145
12.9273 0.431702 0.190783 -0.0395191
13.0307 0.435121 0.190674 -0.0383737
13.1237 0.439106 0.190457 -0.0389771
13.2281 0.441513 0.190185 -0.0389266
13.316 0.44462 0.19007 -0.0395881
13.4055 0.447013 0.189958 -0.0402813
13.5029 0.451709 0.189517 -0.0382263
13.5929 0.453515 0.18909 -0.039199
13.6984 0.457324 0.189023 -0.0383077
13.7938 0.458781 0.188751 -0.0395398
13.8878 0.460474 0.188566 -0.0399851
13.9843 0.46368 0.187931 -0.0393032
14.0736 0.464843 0.187826 -0.0403578
14.1766 0.467636 0.187666 -0.0400186
14.2678 0.469095 0.187191 -0.0397049
14.368 0.471385 0.18747 -0.0393755
14.4542 0.471691 0.187084 -0.0404981
14.5588 0.472906 0.187016 -0.041194
14.6562 0.474192 0.187102 -0.041617
14.7539 0.474447 0.187241 -0.0425994
14.8468 0.474647 0.186713 -0.0423216
14.9758 0.475111 0.186975 -0.0430381
15.0725 0.474782 0.186851 -0.0432188
15.1709 0.474459 0.1863 -0.0410994
15.2589 0.475443 0.186033 -0.0416084
15.3625 0.475079 0.185461 -0.0406528
15.4605 0.474601 0.184858 -0.0422017
15.5584 0.475465 0.184182 -0.0406957
15.6535 0.475357 0.183324 -0.0418292
15.7625 0.475514 0.182113 -0.040947
15.8452 0.476008 0.180765 -0.0400703
15.9471 0.476011 0.179664 -0.0404859
16.0391 0.476803 0.178535 -0.0402389
16.1355 0.477033 0.177036 -0.042
16.2337 0.477559 0.175368 -0.0403242
16.34 0.477644 0.173304 -0.0398328
16.4313 0.478343 0.171628 -0.0402549
16.5412 0.479441 0.169575 -0.0413636
16.6282 0.480095 0.167806 -0.0407959
16.7237 0.47999 0.165413 -0.0415867
16.8306 0.481879 0.16285 -0.0387949
16.9108 0.482603 0.160612 -0.0387833
17.0124 0.483498 0.158565 -0.0389012
17.1043 0.48401 0.155705 -0.0383547
17.2079 0.48395 0.152558 -0.0376987
17.3005 0.484935 0.150157 -0.0375551
17.4039 0.48562 0.147081 -0.0387651
17.5116 0.487422 0.143601 -0.0380889
17.6149 0.486648 0.140445 -0.0394401
17.6996 0.489295 0.13762 -0.0378861
17.7994 0.488558 0.134437 -0.0380269
17.9024 0.490098 0.130341 -0.0352485
17.9935 0.491386 0.127676 -0.0371617
18.1005 0.490097 0.123742 -0.0390727
18.1931 0.492349 0.11991 -0.0381081
18.2886 0.493524 0.116647 -0.0388069
18.3789 0.494688 0.113657 -0.0396007
18.4783 0.494944 0.109149 -0.0387319
18.5822 0.495774 0.10529 -0.0379718
18.6751 0.496927 0.101288 -0.0398779
18.7747 0.496944 0.096648 -0.0371914
18.8707 0.497186 0.0926802 -0.036929
18.9735 0.497664 0.0884839 -0.0377878
19.0766 0.498582 0.0842606 -0.0372821
19.178 0.498906 0.0793697 -0.037269
19.2717 0.499156 0.0748673 -0.0386685
19.3725 0.49997 0.0701159 -0.0396277
19.5033 0.502457 0.0643817 -0.0355845
19.6171 0.501157 0.0587523 -0.0387173
19.7343 0.502149 0.0530642 -0.0375164
19.8228 0.502651 0.0492334 -0.0346494
19.9145 0.503916 0.0451308 -0.0356681
20.0075 0.50421 0.0401243 -0.0358087
20.1085 0.503466 0.0354427 -0.0364771
20.207 0.503952 0.0304995 -0.0382613
20.3036 0.504426 0.0254374 -0.0358598
20.3974 0.504371 0.0214279 -0.0366837
20.5046 0.504047 0.0154201 -0.0373711
20.5978 0.504674 0.0107754 -0.0387405
20.6949 0.504845 0.00582853 -0.0349823
20.7867 0.506227 0.00167295 -0.0360241
20.8893 0.506472 -0.00369745 -0.0342974
20.976 0.506536 -0.00867864 -0.0366023
21.071 0.505841 -0.0128566 -0.0342741
21.1706 0.505904 -0.0180483 -0.0338776
21.2732 0.505088 -0.0232794 -0.0367687
21.3756 0.505125 -0.0287835 -0.03846
21.465 0.505059 -0.033191 -0.0379306
21.5634 0.505212 -0.0380953 -0.0364706
21.6709 0.504958 -0.0440711 -0.0369393
21.7499 0.504431 -0.0475589 -0.0417748
21.8495 0.504036 -0.0523777 -0.0385635
21.9444 0.503561 -0.0575141 -0.0413227
22.0372 0.502691 -0.0616225 -0.042306
22.1302 0.503427 -0.0670536 -0.036052
22.2242 0.503486 -0.0725909 -0.0325295
22.3183 0.502182 -0.0760637 -0.0369274
22.4144 0.501765 -0.0808525 -0.0361408
22.5123 0.501208 -0.0855307 -0.0376813
22.6058 0.5008 -0.0898967 -0.0413364
22.7083 0.500469 -0.0949643 -0.0381799
22.8144 0.498744 -0.0989815 -0.0375601
22.9112 0.497537 -0.104141 -0.0373105
23.0015 0.497399 -0.107324 -0.0367053
23.0928 0.49641 -0.111723 -0.0352711
23.1841 0.495682 -0.115358 -0.0360506
23.2823 0.496061 -0.119053 -0.0333518
23.3901 0.494677 -0.123189 -0.0322973
23.4848 0.4931 -0.125637 -0.0368455
23.5871 0.491788 -0.130363 -0.0356526
23.679 0.49118 -0.134209 -0.0363399
23.7731 0.490085 -0.137389 -0.0358388
23.8609 0.489143 -0.140951 -0.0389424
23.9574 0.487566 -0.144954 -0.0375675
24.0583 0.487447 -0.147989 -0.0361815
24.1384 0.486246 -0.151021 -0.0371464
24.2305 0.485211 -0.154566 -0.038272
24.323 0.484696 -0.157167 -0.0381865
24.4034 0.483713 -0.160434 -0.0375434
24.5048 0.482851 -0.163897 -0.0370291
24.6194 0.48131 -0.166917 -0.0374322
24.7192 0.479631 -0.170953 -0.0402625
24.8219 0.478878 -0.17413 -0.0404065
24.9264 0.478584 -0.177284 -0.0394506
25.0375 0.477805 -0.180328 -0.0394675
25.1464 0.477036 -0.182943 -0.0394558
25.2243 0.476374 -0.184646 -0.0376878
25.3147 0.475482 -0.186638 -0.0387926
25.3971 0.474825 -0.188399 -0.0376007
25.4855 0.474094 -0.190676 -0.037937
25.5678 0.47368 -0.191692 -0.0357395
25.6503 0.472702 -0.193248 -0.0348536
25.7603 0.47149 -0.195475 -0.0341227
25.8588 0.471345 -0.196973 -0.0341621
25.9498 0.470829 -0.198573 -0.0344978
26.0539 0.469757 -0.200014 -0.034421
26.1512 0.46929 -0.201444 -0.0348099
26.2464 0.468834 -0.202441 -0.0341155
26.3451 0.468266 -0.203385 -0.0339916
26.4389 0.467095 -0.204476 -0.035451
26.5412 0.46742 -0.205065 -0.0355297
26.6346 0.466919 -0.205862 -0.0354254
26.7277 0.46689 -0.206215 -0.035252
26.8233 0.46677 -0.206669 -0.0360259
26.9258 0.466676 -0.207132 -0.0371126
27.0421 0.466927 -0.207052 -0.0361142
27.1494 0.466521 -0.20714 -0.0368809
27.2413 0.466832 -0.207194 -0.037432
27.3195 0.466085 -0.207181 -0.0370185
27.4 0.466392 -0.207133 -0.0371059
27.4931 0.466678 -0.207336 -0.0361362
27.5786 0.466211 -0.207457 -0.0368988
27.6885 0.466871 -0.207702 -0.0355128
27.7748 0.466526 -0.207852 -0.0352143
27.875 0.466692 -0.208186 -0.0355158
27.9633 0.466316 -0.208379 -0.0358873
28.056 0.466491 -0.208537 -0.0351579
28.1728 0.466692 -0.208804 -0.034016
28.2627 0.466871 -0.208926 -0.0338544
28.3692 0.466606 -0.209376 -0.0331864
28.4484 0.466159 -0.2096 -0.0327745
28.5438 0.465733 -0.210225 -0.0328323
28.6364 0.466055 -0.210245 -0.0317418
28.7433 0.466544 -0.210919 -0.0298952
28.8327 0.466173 -0.211159 -0.0291557
28.9245 0.466431 -0.211151 -0.0284514
29.0222 0.466474 -0.211366 -0.027723
29.1415 0.466125 -0.211714 -0.0273374
29.243 0.466179 -0.211515 -0.0268513
29.3245 0.465788 -0.210866 -0.0280471
29.4119 0.46635 -0.210159 -0.0275014
29.5233 0.466213 -0.207858 -0.0293647
29.6148 0.466678 -0.205682 -0.0301984
29.713 0.466535 -0.203428 -0.0306736
29.8162 0.466923 -0.200463 -0.0325119
29.9159 0.467408 -0.196691 -0.0327326
30.017 0.467386 -0.193554 -0.0347618
30.1397 0.46761 -0.188295 -0.0351618
30.2348 0.467438 -0.184549 -0.0352401
30.3283 0.467549 -0.180263 -0.0370737
30.4139 0.467913 -0.17777 -0.0374147
30.5042 0.467866 -0.175283 -0.0390318
30.5945 0.468147 -0.172969 -0.0395048
30.6824 0.468455 -0.170766 -0.0400212
30.7909 0.468772 -0.168666 -0.0406873
30.8704 0.468157 -0.166439 -0.0404685
30.9668 0.467855 -0.165534 -0.0421182
31.0595 0.467892 -0.164864 -0.0416283
31.1609 0.467411 -0.164065 -0.0399817
31.27 0.467436 -0.164095 -0.0391733
31.3953 0.467569 -0.166638 -0.0381174
31.5101 0.468523 -0.168864 -0.0373458
31.6355 0.469023 -0.169704 -0.0369827
31.7349 0.470567 -0.171172 -0.0387593
31.8332 0.472086 -0.172612 -0.0398226
31.969 0.472848 -0.172701 -0.0399133
32.0792 0.473708 -0.172569 -0.0400438
32.1897 0.473891 -0.172616 -0.0403357
32.2713 0.474065 -0.17308 -0.0405347
32.3672 0.473994 -0.173347 -0.040715
32.4873 0.473904 -0.173227 -0.0403503
32.5836 0.473697 -0.173605 -0.0412737
32.7045 0.47392 -0.172979 -0.0414321
32.8306 0.473902 -0.173159 -0.0399257
32.9346 0.474097 -0.173237 -0.0407003
33.0394 0.473971 -0.173259 -0.0416913
33.1543 0.473985 -0.173896 -0.041089
33.2628 0.47416 -0.173213 -0.0411274
33.3682 0.474073 -0.173284 -0.0421905
33.4558 0.47404 -0.173661 -0.0411141
33.5576 0.473978 -0.173588 -0.0405762
33.6823 0.473972 -0.173299 -0.0413581
33.7863 0.474013 -0.173458 -0.0416362
33.9254 0.473963 -0.173518 -0.0406647
34.0428 0.473875 -0.173895 -0.0409512
34.1442 0.473849 -0.173851 -0.041115
34.2543 0.473708 -0.173604 -0.0405553
34.342 0.473794 -0.173624 -0.0411556
34.4539 0.473842 -0.174019 -0.0416144
34.586 0.473877 -0.173704 -0.0403826
34.6765 0.473798 -0.173314 -0.0406049
34.7887 0.473863 -0.173113 -0.0413764
34.8919 0.473858 -0.173488 -0.0407293
34.9821 0.473861 -0.174132 -0.0405469
35.0987 0.473928 -0.173709 -0.0409491
35.2219 0.473471 -0.174418 -0.0408707
35.3266 0.473755 -0.174146 -0.0409706
35.4247 0.473882 -0.173883 -0.0403608
35.5294 0.473747 -0.173636 -0.0413096
35.648 0.473771 -0.173387 -0.0409879
35.7695 0.47382 -0.173743 -0.0412198
35.8569 0.473701 -0.17418 -0.0404104
35.9623 0.473797 -0.173337 -0.0406432
36.0748 0.473742 -0.173806 -0.0409491
36.1766 0.473655 -0.173346 -0.0403362
36.2769 0.473462 -0.173602 -0.0404699
36.3767 0.473771 -0.173652 -0.0417934
36.4792 0.473643 -0.173266 -0.0404053
36.5773 0.473584 -0.173588 -0.0416219
36.7026 0.473576 -0.173393 -0.0406685
36.8029 0.473676 -0.173031 -0.0404479
36.9182 0.473612 -0.173125 -0.0410257
37.0321 0.473708 -0.174097 -0.041157
37.1537 0.473731 -0.173835 -0.0409139
37.2656 0.473589 -0.173964 -0.0406982
37.3734 0.473691 -0.174257 -0.0415677
37.4636 0.473766 -0.17352 -0.0412264
37.5565 0.473621 -0.173534 -0.0407437
37.6504 0.473676 -0.173846 -0.0401079
37.7692 0.473612 -0.173413 -0.041045
37.8572 0.473586 -0.173743 -0.0404895
37.9528 0.473711 -0.173706 -0.0413778
38.0461 0.473616 -0.173568 -0.04102
38.1471 0.473637 -0.173401 -0.0412189
38.2447 0.473533 -0.173903 -0.0400736
38.3313 0.473668 -0.17379 -0.0405822
38.43 0.473787 -0.174046 -0.0412454
38.5227 0.473703 -0.174355 -0.0417715
38.6159 0.473751 -0.173268 -0.0406727
38.7116 0.473635 -0.173467 -0.0405876
38.8133 0.473718 -0.17404 -0.0402756
38.9065 0.473613 -0.173785 -0.0414402
39.0081 0.473568 -0.173272 -0.0403232
39.1038 0.473636 -0.173648 -0.040311
39.2139 0.473657 -0.173309 -0.0409477
39.3003 0.473678 -0.17377 -0.040481
39.3989 0.473508 -0.17341 -0.0402933
39.491 0.473582 -0.173568 -0.0409361
39.5824 0.473618 -0.174151 -0.0404643
39.6826 0.473817 -0.173593 -0.0418284
39.7737 0.473548 -0.173405 -0.0400807
39.8572 0.473671 -0.173659 -0.0412128
39.9535 0.473482 -0.173628 -0.0403364
40.0602 0.473626 -0.173655 -0.0399371
40.158 0.473712 -0.173822 -0.0412282
40.2399 0.473711 -0.17391 -0.0417995
40.3269 0.473746 -0.173585 -0.0407948
40.4162 0.473637 -0.173652 -0.0412294
40.5073 0.473656 -0.173278 -0.0407425
40.5978 0.473755 -0.173971 -0.0412011
40.6863 0.473625 -0.173656 -0.0408421
40.7841 0.47373 -0.173943 -0.040817
40.8801 0.473713 -0.173944 -0.041089
40.9753 0.473632 -0.173102 -0.0406356
41.0663 0.473648 -0.173341 -0.0412297
41.1643 0.473628 -0.174432 -0.0410875
41.2501 0.473603 -0.173729 -0.0407815
41.3464 0.47358 -0.173732 -0.04144
