-4.76837e-07 0.417138 0.094007 0.23
0.0866685 0.417133 0.0940178 0.23
0.171471 0.417157 0.0940284 0.23
0.268272 0.417145 0.0940021 0.23
0.35961 0.417163 0.0940113 0.23
0.44333 0.417147 0.0939826 0.23
0.546424 0.417158 0.0939843 0.23
0.637603 0.417154 0.0939707 0.23
0.729438 0.417144 0.0939891 0.23
0.826182 0.417147 0.0939894 0.23
0.916509 0.417149 0.0940207 0.23
1.01502 0.41714 0.0939961 0.23
1.1009 0.417152 0.0939923 0.23
1.19481 0.417156 0.0939856 0.23
1.29597 0.417154 0.0939988 0.23
1.38488 0.41714 0.0940048 0.23
1.48735 0.417149 0.0939908 0.23
1.57356 0.417151 0.0940074 0.23
1.66809 0.417157 0.093998 0.23
1.76228 0.417163 0.0939977 0.23
1.86402 0.417152 0.0939991 0.23
1.97191 0.417145 0.0939953 0.23
2.05943 0.417152 0.0939978 0.23
2.16817 0.41715 0.0940089 0.23
2.2564 0.417144 0.094008 0.23
2.35691 0.417149 0.093994 0.23
2.44164 0.417148 0.0940078 0.23
2.54337 0.417145 0.0940029 0.23
2.63107 0.417159 0.0939891 0.23
2.72265 0.417149 0.0940109 0.23
2.83908 0.417157 0.0939981 0.23
2.92908 0.417166 0.0940019 0.23
3.04024 0.417157 0.0939956 0.23
3.13123 0.417154 0.0940001 0.23
3.23724 0.417155 0.0939905 0.23
3.3425 0.417145 0.0940074 0.23
3.45495 0.41714 0.0940014 0.23
3.55837 0.417139 0.0939987 0.23
3.67559 0.417155 0.094007 0.23
3.76728 0.41716 0.0940099 0.23
3.88399 0.417154 0.0939932 0.23
3.9782 0.417147 0.0940043 0.23
4.11178 0.417142 0.0939959 0.23
4.2184 0.417161 0.0940027 0.23
4.31095 0.417145 0.0939907 0.23
4.41114 0.417137 0.0939968 0.23
4.50013 0.417141 0.0939942 0.23
4.60608 0.417152 0.0940088 0.23
4.73715 0.417168 0.0940129 0.23
4.82131 0.417172 0.0940192 0.23
4.92175 0.417203 0.0940244 0.23
5.03376 0.417266 0.0940459 0.23
5.13941 0.417328 0.0941017 0.23
5.25669 0.417388 0.0941192 0.23
5.35344 0.417485 0.0941575 0.23
5.47194 0.417613 0.094169 0.23
5.56685 0.417717 0.0941871 0.23
5.67335 0.417808 0.0942221 0.23
5.7683 0.417914 0.0942601 0.23
5.86858 0.41808 0.0943281 0.23
5.97362 0.418202 0.0943558 0.23
6.07979 0.418318 0.0943725 0.23
6.18351 0.418447 0.0944151 0.23
6.26998 0.418523 0.0944443 0.23
6.37658 0.418702 0.0944739 0.23
6.47719 0.418811 0.0945202 0.23
6.57599 0.418894 0.0944966 0.23
6.6808 0.41897 0.0945281 0.23
6.76669 0.419025 0.0945207 0.23
6.85729 0.419139 0.0945716 0.23
6.96942 0.419192 0.0945611 0.23
7.06014 0.419249 0.0945261 0.23
7.16122 0.419272 0.0944902 0.23
7.25984 0.419306 0.094501 0.23
7.36977 0.419355 0.0944675 0.23
7.4738 0.419365 0.094447 0.23
7.56668 0.419345 0.0943838 0.23
7.66047 0.41932 0.0943612 0.23
7.76527 0.419298 0.0943009 0.23
7.85203 0.419272 0.094242 0.23
7.95803 0.419221 0.0942025 0.23
8.05114 0.419168 0.09413 0.23
8.17187 0.419105 0.0940634 0.23
8.26421 0.419053 0.0940167 0.23
8.35178 0.418999 0.0939249 0.23
8.44638 0.418923 0.0938618 0.23
8.54795 0.41885 0.0937947 0.23
8.63751 0.418755 0.093723 0.23
8.7284 0.418697 0.0936824 0.23
8.82458 0.418637 0.0936251 0.23
8.91721 0.418569 0.0935636 0.23
9.01939 0.418491 0.0935057 0.23
9.11467 0.5358 0.0934806 0.23
9.20709 0.5358 0.0934303 0.229289
9.29891 0.5358 0.0934045 0.229884
9.38973 0.5358 0.0933664 0.230385
9.49056 0.5358 0.0933355 0.230742
9.57931 0.5358 0.0933415 0.230946
9.68407 0.5358 0.093321 0.23104
9.78999 0.5358 0.0933216 0.231055
9.89874 0.5358 0.0933253 0.231078
9.97443 0.5358 0.0933703 0.231199
10.0738 0.5358 0.0934104 0.231225
10.1621 0.5358 0.0934667 0.231331
10.2551 0.5358 0.0935906 0.231461
10.3521 0.5358 0.0936551 0.231563
10.447 0.5358 0.0938016 0.231704
10.5507 0.5358 0.0939412 0.231951
10.6407 0.5358 0.0940874 0.232227
10.7306 0.5358 0.0942305 0.23236
10.8375 0.5358 0.0943954 0.232633
10.9221 0.5358 0.0945063 0.232796
11.0215 0.5358 0.0946796 0.233064
11.1195 0.5358 0.0948799 0.233336
11.2154 0.5358 0.0950719 0.233654
11.304 0.5358 0.0952134 0.233828
11.4087 0.5358 0.0953489 0.234039
11.4969 0.5358 0.0954296 0.234204
11.5926 0.5358 0.0955728 0.234474
11.6921 0.5358 0.0957473 0.234735
11.7871 0.5358 0.0957899 0.234797
11.8815 0.5358 0.0958586 0.234965
11.9759 0.5358 0.0959347 0.23516
12.0678 0.5358 0.0959815 0.235217
12.1722 0.5358 0.0959946 0.235289
12.2664 0.5358 0.095948 0.235357
12.3672 0.5358 0.095977 0.235409
12.4617 0.5358 0.0959338 0.235424
12.5632 0.5358 0.0958516 0.23537
12.6497 0.5358 0.0957379 0.235281
12.7428 0.5358 0.0956071 0.235269
12.8379 0.5358 0.0954945 0.235209
12.9273 0.5358 0.0953911 0.235017
13.0307 0.5358 0.0951841 0.234967
13.1237 0.5358 0.0949931 0.234806
13.2281 0.5358 0.0947926 0.234563
13.316 0.5358 0.0946776 0.234486
13.4055 0.5358 0.0944685 0.234325
13.5029 0.5358 0.0942413 0.234063
13.5929 0.5358 0.094022 0.233869
13.6984 0.5358 0.0938039 0.233687
13.7938 0.5358 0.0936306 0.233538
13.8878 0.5358 0.0934589 0.233312
13.9843 0.5358 0.0931979 0.233095
14.0736 0.5358 0.0929696 0.232957
14.1766 0.5358 0.0927981 0.232702
14.2678 0.5358 -0.3 0.23251
14.368 0.534229 -0.3 0.232473
14.4542 0.535179 -0.3 0.232342
14.5588 0.536039 -0.3 0.232243
14.6562 0.536605 -0.3 0.232158
14.7539 0.536927 -0.3 0.23215
14.8468 0.536961 -0.3 0.232097
14.9758 0.536965 -0.3 0.232092
15.0725 0.53696 -0.3 0.232068
15.1709 0.537071 -0.3 0.232116
15.2589 0.537219 -0.3 0.232098
15.3625 0.537422 -0.3 0.232108
15.4605 0.537633 -0.3 0.232104
15.5584 0.537965 -0.3 0.232149
15.6535 0.538293 -0.3 0.232162
15.7625 0.538695 -0.3 0.23222
15.8452 0.539064 -0.3 0.232207
15.9471 0.539521 -0.3 0.232239
16.0391 0.540032 -0.3 0.232279
16.1355 0.540556 -0.3 0.23228
16.2337 0.541108 -0.3 0.232281
16.34 0.541806 -0.3 0.232301
16.4313 0.542388 -0.3 0.232336
16.5412 0.543142 -0.3 0.232404
16.6282 0.543721 -0.3 0.232405
16.7237 0.544486 -0.3 0.23237
16.8306 0.545325 -0.3 0.232452
16.9108 0.545952 -0.3 0.232483
17.0124 0.546754 -0.3 0.232521
17.1043 0.547539 -0.3 0.232517
17.2079 0.548406 -0.3 0.232551
17.3005 0.549238 -0.3 0.232591
17.4039 0.550148 -0.3 0.232606
17.5116 0.551047 -0.3 0.232587
17.6149 0.552002 -0.3 0.232731
17.6996 0.55284 -0.3 0.232803
17.7994 0.55369 -0.3 0.232827
17.9024 0.554635 -0.3 0.232833
17.9935 0.55543 -0.3 0.232886
18.1005 0.556422 -0.3 0.232935
18.1931 0.55718 -0.3 0.232905
18.2886 0.558079 -0.3 0.233014
18.3789 0.558871 -0.3 0.233073
18.4783 0.559749 -0.3 0.233099
18.5822 0.560569 -0.3 0.233104
18.6751 0.561359 -0.3 0.233106
18.7747 0.562202 -0.3 0.233136
18.8707 0.563006 -0.3 0.233246
18.9735 0.563841 -0.3 0.233297
19.0766 0.564548 -0.3 0.233278
19.178 0.565286 -0.3 0.233289
19.2717 0.565944 -0.3 0.233312
19.3725 0.566633 -0.3 0.233395
19.5033 0.567567 -0.3 0.233523
19.6171 0.568191 -0.3 0.233502
19.7343 0.568846 -0.3 0.23342
19.8228 0.569337 -0.3 0.233461
19.9145 0.569784 -0.3 0.23361
20.0075 0.570181 -0.3 0.233614
20.1085 0.570596 -0.3 0.233615
20.207 0.570941 -0.3 0.233604
20.3036 0.571322 -0.3 0.233615
20.3974 0.571639 -0.3 0.23365
20.5046 0.571931 -0.3 0.233733
20.5978 0.57208 -0.3 0.233742
20.6949 0.572265 -0.3 0.233726
20.7867 0.572392 -0.3 0.233789
20.8893 0.572515 -0.3 0.233819
20.976 0.572571 -0.3 0.233738
21.071 0.572553 -0.3 0.233741
21.1706 0.572478 -0.3 0.233722
21.2732 0.572393 -0.3 0.233778
21.3756 0.57232 -0.3 0.233846
21.465 0.572142 -0.3 0.233865
21.5634 0.5719 -0.3 0.233845
21.6709 0.571587 -0.3 0.233738
21.7499 0.571402 -0.3 0.233789
21.8495 0.571097 -0.3 0.233915
21.9444 0.570723 -0.3 0.233895
22.0372 0.570347 -0.3 0.233833
22.1302 0.569895 -0.3 0.233808
22.2242 0.569414 -0.3 0.233798
22.3183 0.568974 -0.3 0.233856
22.4144 0.568457 -0.3 0.233834
22.5123 0.567835 -0.3 0.233809
22.6058 0.567246 -0.3 0.233795
22.7083 0.566526 -0.3 0.233748
22.8144 0.565863 -0.3 0.233812
22.9112 0.565168 -0.3 0.23383
23.0015 0.564463 -0.3 0.233752
23.0928 0.563733 -0.3 0.233713
23.1841 0.562959 -0.3 0.233698
23.2823 0.562156 -0.3 0.233736
23.3901 0.561371 -0.3 0.233805
23.4848 0.56054 -0.3 0.233741
23.5871 0.559611 -0.3 0.233731
23.679 0.558773 -0.3 0.233641
23.7731 0.557924 -0.3 0.233605
23.8609 0.557139 -0.3 0.233597
23.9574 0.556264 -0.3 0.233568
24.0583 0.555317 -0.3 0.233622
24.1384 0.554534 -0.3 0.233638
24.2305 0.553668 -0.3 0.233547
24.323 0.55279 -0.3 0.233549
24.4034 0.551967 -0.3 0.233456
24.5048 0.551028 -0.3 0.23351
24.6194 0.550106 -0.3 0.233501
24.7192 0.549151 -0.3 0.233474
24.8219 0.548196 -0.3 0.23341
24.9264 0.547277 -0.3 0.233412
25.0375 0.546364 -0.3 0.23334
25.1464 0.54546 -0.3 0.233347
25.2243 0.54472 -0.3 0.233368
25.3147 0.544096 -0.3 0.233377
25.3971 0.543516 -0.3 0.233396
25.4855 0.542807 -0.3 0.233399
25.5678 0.54223 -0.3 0.233382
25.6503 0.541636 -0.3 0.233332
25.7603 0.541001 -0.3 0.233338
25.8588 0.540388 -0.3 0.233322
25.9498 0.539808 -0.3 0.233301
26.0539 0.539291 -0.3 0.2333
26.1512 0.538858 -0.3 0.23329
26.2464 0.538451 -0.3 0.25
26.3451 0.538053 -0.298853 0.25
26.4389 0.537727 -0.299738 0.25
26.5412 0.537473 -0.300463 0.25
26.6346 0.537256 -0.301077 0.25
26.7277 0.537122 -0.301487 0.25
26.8233 0.53704 -0.301704 0.25
26.9258 0.537002 -0.301837 0.25
27.0421 0.536993 -0.301867 0.25
27.1494 0.537012 -0.301881 0.25
27.2413 0.537061 -0.301895 0.25
27.3195 0.537078 -0.301957 0.25
27.4 0.53709 -0.302023 0.25
27.4931 0.537068 -0.302106 0.25
27.5786 0.537078 -0.302205 0.25
27.6885 0.537076 -0.302319 0.25
27.7748 0.537083 -0.302433 0.25
27.875 0.537086 -0.30257 0.25
27.9633 0.537071 -0.302684 0.25
28.056 0.537072 -0.302815 0.25
28.1728 0.537108 -0.302994 0.25
28.2627 0.537103 -0.303112 0.25
28.3692 0.537098 -0.303246 0.25
28.4484 0.537056 -0.259 0.225
28.5438 0.537019 -0.259 0.225
28.6364 0.537016 -0.259 0.225
28.7433 0.53701 -0.259 0.225
28.8327 0.537017 -0.259 0.225
28.9245 0.537011 -0.259 0.225
29.0222 0.536992 -0.259 0.225
29.1415 0.536989 -0.259 0.225
29.243 0.536998 -0.259 0.225
29.3245 0.537009 -0.259 0.225
29.4119 0.537017 -0.259 0.225
29.5233 0.537216 -0.259 0.225
29.6148 0.537324 -0.259 0.225
29.713 0.537398 -0.259 0.225
29.8162 0.537558 -0.259 0.225
29.9159 0.537656 -0.259 0.225
30.017 0.537762 -0.259 0.225
30.1397 0.53777 -0.259 0.225
30.2348 0.537758 -0.259 0.225
30.3283 0.537766 -0.259 0.225
30.4139 0.537747 -0.259 0.225
30.5042 0.537721 -0.259 0.225
30.5945 0.53755 -0.259 0.225
30.6824 0.537517 -0.259 0.225
30.7909 0.537436 -0.259 0.225
30.8704 0.537329 -0.259 0.225
30.9668 0.543921 -0.266053 0.224475
31.0595 0.543618 -0.269026 0.225338
31.1609 0.544007 -0.269823 0.223396
31.27 0.543896 -0.269973 0.222453
31.3953 0.545501 -0.270191 0.220882
31.5101 0.546139 -0.269072 0.219952
31.6355 0.54666 -0.269205 0.219464
31.7349 0.546448 -0.268169 0.220544
31.8332 0.546749 -0.267807 0.221475
31.969 0.544879 -0.267137 0.221853
32.0792 0.544945 -0.267324 0.221986
32.1897 0.543735 -0.267368 0.222839
32.2713 0.543525 -0.267322 0.222124
32.3672 0.543013 -0.267454 0.222831
32.4873 0.543415 -0.267455 0.22236
32.5836 0.54341 -0.267474 0.223239
32.7045 0.543468 -0.267444 0.223585
32.8306 0.54325 -0.267663 0.222831
32.9346 0.543039 -0.267883 0.222946
33.0394 0.54316 -0.26721 0.223364
33.1543 0.543057 -0.267378 0.223161
33.2628 0.543342 -0.267381 0.223564
33.3682 0.543231 -0.267295 0.224253
33.4558 0.542988 -0.267386 0.22348
33.5576 0.543217 -0.267586 0.222945
33.6823 0.543007 -0.267647 0.223332
33.7863 0.543043 -0.267245 0.22355
33.9254 0.542518 -0.267168 0.222851
34.0428 0.543312 -0.267344 0.223854
34.1442 0.543084 -0.267403 0.223634
34.2543 0.543142 -0.267655 0.223657
34.342 0.542964 -0.267492 0.224033
34.4539 0.542991 -0.267517 0.223809
34.586 0.543251 -0.267498 0.222503
34.6765 0.54238 -0.267369 0.22326
34.7887 0.543086 -0.267939 0.223814
34.8919 0.542851 -0.268228 0.222955
34.9821 0.542756 -0.267871 0.223206
35.0987 0.543074 -0.267245 0.223137
35.2219 0.542628 -0.267225 0.223269
35.3266 0.54246 -0.267302 0.223254
35.4247 0.543424 -0.267211 0.223508
35.5294 0.54315 -0.267634 0.223653
35.648 0.542924 -0.267527 0.223413
35.7695 0.542921 -0.267138 0.223601
35.8569 0.542635 -0.267557 0.222551
35.9623 0.542885 -0.267431 0.223312
36.0748 0.543016 -0.267348 0.223581
36.1766 0.542813 -0.267331 0.222989
36.2769 0.542807 -0.267406 0.22425
36.3767 0.542901 -0.267757 0.224249
36.4792 0.543147 -0.267884 0.223808
36.5773 0.54273 -0.267279 0.224015
36.7026 0.542877 -0.26771 0.222778
36.8029 0.542697 -0.267853 0.223768
36.9182 0.542353 -0.267752 0.223344
37.0321 0.542972 -0.267299 0.223791
37.1537 0.543281 -0.267354 0.223348
37.2656 0.54297 -0.267708 0.223608
37.3734 0.542272 -0.267468 0.223936
37.4636 0.543007 -0.267539 0.22347
37.5565 0.5424 -0.267622 0.223317
37.6504 0.542662 -0.267054 0.223501
37.7692 0.543225 -0.267629 0.223724
37.8572 0.542834 -0.267993 0.223381
37.9528 0.542875 -0.267424 0.224237
38.0461 0.542891 -0.267151 0.223475
38.1471 0.543306 -0.267715 0.223914
38.2447 0.543208 -0.267678 0.223542
38.3313 0.543251 -0.267236 0.223265
38.43 0.543185 -0.267263 0.223656
38.5227 0.542942 -0.267106 0.224692
38.6159 0.542988 -0.268 0.222977
38.7116 0.542974 -0.267641 0.223446
38.8133 0.542916 -0.26715 0.222313
38.9065 0.54304 -0.267016 0.224139
39.0081 0.542952 -0.267679 0.222938
39.1038 0.542609 -0.267774 0.222647
39.2139 0.542944 -0.267805 0.223885
39.3003 0.543337 -0.267446 0.222989
39.3989 0.542494 -0.267569 0.223422
39.491 0.542982 -0.267572 0.223414
39.5824 0.543217 -0.267233 0.223529
39.6826 0.542612 -0.267677 0.224
39.7737 0.543106 -0.267658 0.222657
39.8572 0.542982 -0.267418 0.223298
39.9535 0.542276 -0.267553 0.223017
40.0602 0.543097 -0.267834 0.222935
40.158 0.542796 -0.266798 0.223463
40.2399 0.543092 -0.266944 0.224398
40.3269 0.543484 -0.267409 0.223558
40.4162 0.542287 -0.267916 0.223284
40.5073 0.542548 -0.26736 0.22379
40.5978 0.542617 -0.267062 0.223849
40.6863 0.542407 -0.267834 0.223578
40.7841 0.543289 -0.266891 0.224074
40.8801 0.543244 -0.267403 0.222786
40.9753 0.542842 -0.267496 0.222861
41.0663 0.542685 -0.267126 0.222952
41.1643 0.542669 -0.267096 0.223939
41.2501 0.542818 -0.267205 0.223421
41.3464 0.543002 -0.26718 0.223152
