5.19753e-05 0.454231 0.120015 -0.079773 0
0.0935776 0.454228 0.12005 -0.0795141 0
0.210437 0.454225 0.120006 -0.079776 0
0.322688 0.454365 0.12007 -0.0805776 0
0.410413 0.454218 0.119979 -0.0794552 0
0.502747 0.454302 0.120026 -0.0804273 0
0.61046 0.454176 0.119924 -0.0796371 0
0.725595 0.454211 0.119982 -0.0798947 0
0.819963 0.454331 0.120053 -0.0806404 0
0.928195 0.454227 0.11996 -0.0798898 0
1.01637 0.454306 0.120113 -0.0804446 0
1.12042 0.454282 0.120032 -0.0800199 0
1.21364 0.454315 0.120051 -0.0796499 0
1.3213 0.454296 0.120057 -0.0804454 0
1.41121 0.454198 0.120008 -0.0797627 0
1.53268 0.454258 0.119965 -0.0795825 0
1.6182 0.45426 0.120031 -0.0799483 0
1.72933 0.454261 0.119995 -0.0802624 0
1.83889 0.454274 0.120045 -0.0795943 0
1.92991 0.454231 0.120019 -0.0794214 0
2.0244 0.45431 0.12004 -0.0806889 0
2.13067 0.454268 0.119959 -0.0799576 0
2.22606 0.454269 0.12005 -0.0802073 0
2.32715 0.454221 0.120003 -0.0796905 0
2.44204 0.45429 0.120082 -0.0802474 0
2.53087 0.454267 0.120055 -0.079996 0
2.6153 0.454211 0.119888 -0.0795182 0
2.71907 0.454281 0.120045 -0.0804301 0
2.80815 0.454406 0.120308 -0.079492 0
2.8989 0.454614 0.120447 -0.0800103 0
3.00225 0.454715 0.120537 -0.0787405 0
3.09835 0.454778 0.120544 -0.0794234 0
3.19914 0.454953 0.12064 -0.0794712 0
3.29393 0.455156 0.120816 -0.0794068 0
3.39656 0.455257 0.121112 -0.0785529 0
3.49596 0.455235 0.12114 -0.0780229 0
3.5963 0.455464 0.121522 -0.0781625 0
3.70983 0.455578 0.121635 -0.077337 0
3.80337 0.455681 0.121991 -0.0767921 0
3.90912 0.455829 0.121999 -0.0757243 0
3.99786 0.456063 0.122378 -0.0760793 0
4.09512 0.456039 0.122655 -0.0750647 0
4.19739 0.456122 0.122859 -0.0737758 0
4.28384 0.456441 0.122799 -0.0714643 0
4.38568 0.456406 0.12295 -0.0711583 0
4.48563 0.456309 0.122963 -0.0695938 0
4.57359 0.456542 0.123314 -0.068399 0
4.67208 0.456569 0.123328 -0.0687862 0
4.77734 0.456807 0.123436 -0.0660282 0
4.87774 0.456837 0.123652 -0.0663851 0
4.98954 0.456671 0.12368 -0.0647959 0
5.07248 0.456765 0.123712 -0.0635523 0
5.17966 0.456503 0.123591 -0.0620141 0
5.2774 0.456838 0.12436 -0.0629679 0
5.3757 0.456703 0.124202 -0.061528 0
5.4714 0.456761 0.124253 -0.0604689 0
5.56588 0.456971 0.124052 -0.0579997 0
5.67364 0.456834 0.124178 -0.0575271 0
5.76675 0.457155 0.124121 -0.0542799 0
5.87433 0.457199 0.124677 -0.0542104 0
5.96635 0.457279 0.124803 -0.0540735 0
6.06138 0.457484 0.12493 -0.0531914 0
6.15064 0.457134 0.125188 -0.0542654 0
6.26429 0.457169 0.125029 -0.0523569 0
6.35428 0.4576 0.124938 -0.0495836 0
6.44912 0.457198 0.124986 -0.0490812 0
6.5515 0.457135 0.124735 -0.0476727 0
6.64362 0.457446 0.124773 -0.0463298 0
6.74009 0.457215 0.124814 -0.0460701 0
6.83557 0.457497 0.124659 -0.0445269 0
6.93042 0.457293 0.124716 -0.0450977 1
7.02142 0.457224 0.124778 -0.0448415 1
7.12443 0.45727 0.124905 -0.0443033 1
7.21635 0.457102 0.124746 -0.0443483 1
7.32484 0.457095 0.124791 -0.044591 1
7.42426 0.457071 0.124498 -0.0432011 1
7.54302 0.45698 0.124683 -0.0430564 1
7.60874 0.457134 0.124592 -0.0439557 1
7.70982 0.457453 0.124657 -0.0429745 1
7.80767 0.457701 0.124729 -0.0429132 1
7.90795 0.45845 0.124871 -0.0433067 1
8.00532 0.459378 0.124654 -0.0436779 1
8.1073 0.460637 0.124862 -0.0436487 1
8.20395 0.461916 0.124937 -0.043137 1
8.32439 0.463671 0.12469 -0.0427878 1
8.43809 0.465795 0.124751 -0.0430885 1
8.54359 0.469754 0.124469 -0.0410701 1
8.6234 0.471776 0.124964 -0.041008 1
8.729 0.474072 0.125274 -0.042434 1
8.81472 0.47788 0.125558 -0.0412961 1
8.92518 0.479796 0.12512 -0.0405401 1
9.01415 0.484116 0.125086 -0.040023 1
9.11771 0.488417 0.124988 -0.0380072 1
9.21506 0.491958 0.124759 -0.0378606 1
9.33117 0.49474 0.125207 -0.0409817 1
9.42141 0.499597 0.125203 -0.0371033 1
9.52309 0.50221 0.125247 -0.0361263 1
9.61948 0.507056 0.125493 -0.0362898 1
9.72897 0.511609 0.125586 -0.0366912 1
9.81213 0.516034 0.126072 -0.0373176 1
9.90505 0.519718 0.125787 -0.0375641 1
10.0009 0.525769 0.125838 -0.0364527 1
10.0949 0.529707 0.126016 -0.0372229 1
10.1976 0.532905 0.125597 -0.0364537 1
10.2965 0.538936 0.125302 -0.0349049 1
10.3975 0.542611 0.125294 -0.0340276 1
10.4901 0.547087 0.124838 -0.0351663 1
10.5931 0.55142 0.124809 -0.0350662 1
10.6938 0.55671 0.124287 -0.0331914 1
10.8043 0.561147 0.124192 -0.0332283 1
10.9028 0.565255 0.124113 -0.034361 1
11.0022 0.56844 0.123442 -0.033803 1
11.1254 0.573904 0.123271 -0.0349467 1
11.2378 0.57791 0.123109 -0.0336929 1
11.3445 0.582285 0.122562 -0.0336815 1
11.4204 0.584851 0.122758 -0.0331737 1
11.5358 0.58848 0.122273 -0.0322869 1
11.6321 0.591887 0.122142 -0.0335002 1
11.7197 0.593736 0.121659 -0.0329487 1
11.8167 0.596416 0.121518 -0.0329688 1
11.9276 0.598459 0.121144 -0.033614 1
12.0201 0.601273 0.120661 -0.0316268 1
12.1256 0.602981 0.120667 -0.0349336 1
12.2256 0.60406 0.120496 -0.0336886 2
12.3135 0.605048 0.120523 -0.0337714 2
12.4115 0.605655 0.120357 -0.0334298 2
12.5148 0.606444 0.120226 -0.0339065 2
12.612 0.606377 0.120222 -0.034002 2
12.7078 0.606335 0.120306 -0.0327328 2
12.8091 0.606344 0.120218 -0.0342785 2
12.9013 0.606261 0.120259 -0.0336453 2
13.0041 0.606545 0.119625 -0.0336977 2
13.1137 0.606622 0.119333 -0.0333865 2
13.2036 0.606562 0.118805 -0.0333592 2
13.3148 0.606432 0.118382 -0.0344581 2
13.4071 0.606497 0.117568 -0.0343591 2
13.5159 0.606774 0.116775 -0.0336299 2
13.6148 0.60716 0.11581 -0.032907 2
13.7246 0.607363 0.114506 -0.0331572 2
13.8132 0.608029 0.113647 -0.0330277 2
13.9262 0.607964 0.112317 -0.0335895 2
14.0103 0.608567 0.111097 -0.0334256 2
14.1221 0.60918 0.109785 -0.0339072 2
14.2194 0.609501 0.108011 -0.0313556 2
14.3139 0.610182 0.106074 -0.031903 2
14.419 0.610262 0.104406 -0.0327264 2
14.5218 0.610921 0.102581 -0.0331127 2
14.6147 0.61151 0.100921 -0.0316515 2
14.713 0.612141 0.09847 -0.0310243 2
14.8076 0.612442 0.0966531 -0.0308671 2
14.9107 0.613061 0.0944065 -0.0312944 2
15.0068 0.613457 0.0922887 -0.030872 2
15.1048 0.613985 0.0898969 -0.0314389 2
15.2229 0.61454 0.0872458 -0.0311694 2
15.3054 0.615604 0.084961 -0.0290541 2
15.41 0.615385 0.0821325 -0.0314832 2
15.5133 0.615624 0.0790363 -0.0315644 2
15.6128 0.616503 0.0763003 -0.0310326 2
15.7126 0.616928 0.0731547 -0.0296089 2
15.8117 0.617673 0.0703945 -0.0311094 2
15.9108 0.617961 0.0676499 -0.0318716 2
16.0178 0.618799 0.0637772 -0.0303738 2
16.1104 0.61969 0.0615614 -0.0298098 2
16.2094 0.620057 0.0582021 -0.0310631 2
16.3125 0.620345 0.0550488 -0.0315159 2
16.4099 0.62136 0.0513318 -0.0288705 2
16.511 0.621368 0.0481335 -0.0312791 2
16.623 0.622551 0.0432808 -0.0285048 2
16.7001 0.62198 0.0412112 -0.0315811 2
16.8127 0.622727 0.0374925 -0.0299903 2
16.9094 0.623594 0.0331171 -0.0307542 2
17.0084 0.623453 0.0301986 -0.0297068 2
17.1065 0.623882 0.0266283 -0.0322659 2
17.2139 0.624361 0.0222519 -0.0309336 2
17.3133 0.624151 0.0187798 -0.0319984 2
17.4098 0.624999 0.0150477 -0.0318418 2
17.5083 0.625209 0.0106982 -0.0319005 2
17.6149 0.625518 0.00675319 -0.0314069 2
17.7178 0.626193 0.00272039 -0.0303034 2
17.8097 0.627272 -0.000610933 -0.0270203 2
17.9056 0.626966 -0.00510955 -0.0297035 2
17.9991 0.626024 -0.00860922 -0.0308951 2
18.1004 0.627024 -0.0126292 -0.0315007 2
18.2064 0.627583 -0.0172659 -0.028156 2
18.3174 0.62693 -0.0214592 -0.0327601 2
18.4112 0.626822 -0.0256891 -0.0315262 2
18.5192 0.627284 -0.0298345 -0.0302607 2
18.6186 0.62707 -0.0337515 -0.031645 2
18.7163 0.627617 -0.0382399 -0.0300529 2
18.8148 0.626398 -0.0421117 -0.0321788 2
18.9119 0.627012 -0.0465752 -0.0316207 2
19.0139 0.626444 -0.0504773 -0.0315821 2
19.1126 0.626307 -0.0544922 -0.0319454 2
19.2072 0.626079 -0.0586924 -0.0320754 2
19.3097 0.626782 -0.062749 -0.0321519 2
19.4337 0.624739 -0.0688288 -0.0290828 2
19.5224 0.625962 -0.0723293 -0.0302059 2
19.6089 0.625318 -0.0762301 -0.0313109 2
19.7155 0.624722 -0.0803071 -0.0313832 2
19.8258 0.62459 -0.0845213 -0.0300831 2
19.9192 0.624455 -0.0885203 -0.0291015 2
20.0203 0.623461 -0.0927767 -0.0276706 2
20.1197 0.62279 -0.0964588 -0.0271552 2
20.2261 0.622651 -0.100423 -0.0271108 2
20.3166 0.622351 -0.10372 -0.0251221 2
20.4196 0.621508 -0.107329 -0.0251071 2
20.5314 0.620259 -0.111384 -0.0235398 2
20.6359 0.620158 -0.115311 -0.0232546 2
20.7371 0.619245 -0.118947 -0.0221831 2
20.8361 0.618852 -0.122297 -0.0221461 2
20.9348 0.618135 -0.126053 -0.0223166 2
21.022 0.617577 -0.129062 -0.0205335 2
21.1151 0.617162 -0.131983 -0.0214561 2
21.2209 0.616578 -0.13588 -0.0207305 2
21.3148 0.615701 -0.139057 -0.0218081 2
21.4269 0.614876 -0.142863 -0.0215851 2
21.525 0.614026 -0.146299 -0.0217678 2
21.6281 0.613253 -0.149455 -0.0222356 2
21.7286 0.612406 -0.152708 -0.0220423 2
21.8252 0.611957 -0.155871 -0.022698 2
21.9272 0.611431 -0.158396 -0.0226842 2
22.0231 0.61098 -0.161613 -0.0215865 2
22.131 0.610274 -0.164438 -0.0223458 2
22.2415 0.609808 -0.16752 -0.0237349 2
22.3437 0.608949 -0.17049 -0.0248985 2
22.4357 0.608843 -0.172719 -0.024964 2
22.5259 0.608589 -0.174956 -0.0241984 2
22.6322 0.607963 -0.1778 -0.0245648 2
22.724 0.607074 -0.179861 -0.0255244 2
22.8327 0.60679 -0.182895 -0.0250412 2
22.9253 0.606095 -0.184323 -0.0252565 2
23.0262 0.605368 -0.186768 -0.0257898 2
23.1218 0.604121 -0.188785 -0.0262764 2
23.2212 0.603085 -0.190337 -0.0261087 2
23.3171 0.602628 -0.191824 -0.0257507 2
23.4211 0.602202 -0.193665 -0.0254789 2
23.5209 0.601837 -0.195272 -0.026025 2
23.6148 0.600696 -0.196415 -0.025235 2
23.722 0.600691 -0.197572 -0.0252947 2
23.8166 0.600237 -0.198869 -0.0253375 2
23.9136 0.599753 -0.199434 -0.0248514 2
24.0264 0.599446 -0.201 -0.0250295 3
24.1231 0.599993 -0.201365 -0.022664 3
24.2243 0.599639 -0.202554 -0.0232669 3
24.3265 0.59938 -0.203098 -0.0232414 3
24.4218 0.599453 -0.203498 -0.0225227 3
24.5198 0.599263 -0.203765 -0.0224921 3
24.625 0.599072 -0.203549 -0.02215 3
24.7198 0.599216 -0.203568 -0.0222351 3
24.835 0.599146 -0.203537 -0.0223178 3
24.9328 0.598978 -0.203116 -0.0221365 3
25.0331 0.598884 -0.203354 -0.0226504 3
25.1339 0.599166 -0.203546 -0.0215201 3
25.2318 0.599126 -0.203451 -0.0220238 3
25.3323 0.598957 -0.203055 -0.0220227 3
25.4403 0.598933 -0.203081 -0.0223176 3
25.5389 0.59882 -0.203504 -0.0231086 3
25.6433 0.598902 -0.203506 -0.022131 3
25.7311 0.599287 -0.203653 -0.0212974 3
25.8372 0.599007 -0.204358 -0.022305 3
25.9797 0.599298 -0.204863 -0.0220634 3
26.0998 0.599192 -0.205375 -0.021089 3
26.1933 0.599054 -0.205205 -0.0214112 3
26.2876 0.599498 -0.205828 -0.0210667 3
26.3862 0.599504 -0.205873 -0.0205739 3
26.4862 0.59938 -0.206097 -0.0192627 3
26.5884 0.599836 -0.206052 -0.0193177 3
26.6756 0.599254 -0.206505 -0.0190582 3
26.7655 0.599382 -0.206528 -0.0189777 3
26.8609 0.599667 -0.206859 -0.0178128 3
26.9698 0.599601 -0.20697 -0.0169639 3
27.0601 0.599128 -0.207019 -0.0174525 4
27.164 0.600065 -0.207223 -0.0160613 4
27.2559 0.59974 -0.207073 -0.0163614 4
27.3522 0.599885 -0.207223 -0.0165808 4
27.4443 0.599663 -0.20737 -0.0151236 4
27.5541 0.599277 -0.207393 -0.0147342 4
27.6574 0.599078 -0.20719 -0.0153265 4
27.7628 0.599459 -0.207677 -0.0155263 4
27.8489 0.599194 -0.207694 -0.0145252 4
27.9648 0.599618 -0.207468 -0.013785 4
28.0553 0.599964 -0.207293 -0.0139846 4
28.1572 0.599335 -0.206945 -0.0157272 4
28.2495 0.599841 -0.206437 -0.0138369 4
28.3493 0.599232 -0.205307 -0.0155744 4
28.443 0.599158 -0.204149 -0.0149265 4
28.5459 0.599498 -0.202669 -0.0163461 4
28.6398 0.599236 -0.20144 -0.0157798 4
28.7487 0.599898 -0.199513 -0.0173417 4
28.8388 0.599947 -0.197987 -0.0171799 4
28.9371 0.600126 -0.195011 -0.0158685 4
29.0613 0.600083 -0.192065 -0.0168765 4
29.1728 0.599578 -0.189691 -0.0186434 4
29.2777 0.599756 -0.187307 -0.019426 4
29.3679 0.600055 -0.18523 -0.0194474 4
29.4527 0.59949 -0.183375 -0.0207683 4
29.548 0.600444 -0.181374 -0.021749 4
29.6544 0.599832 -0.179312 -0.0222542 4
29.7557 0.599927 -0.17712 -0.0234402 4
29.857 0.599698 -0.175324 -0.0253253 4
29.9697 0.600197 -0.173 -0.0253997 4
30.0656 0.600086 -0.171142 -0.0263161 4
30.1714 0.600485 -0.168642 -0.0247698 4
30.2691 0.600378 -0.166912 -0.0248818 4
30.3563 0.600306 -0.165663 -0.0235564 4
30.4653 0.599892 -0.164074 -0.0238669 4
30.5655 0.599671 -0.162675 -0.0233936 4
30.6689 0.599358 -0.161462 -0.0232213 4
30.7782 0.599038 -0.161376 -0.0234394 5
30.8784 0.598937 -0.160808 -0.0232358 5
30.9981 0.5988 -0.160469 -0.0240832 5
31.0751 0.598951 -0.160914 -0.0242044 5
31.1803 0.599241 -0.162186 -0.0225145 5
31.2763 0.599325 -0.16252 -0.0219596 5
31.3808 0.599589 -0.163406 -0.0222384 5
31.4846 0.599467 -0.163582 -0.0231544 5
31.584 0.599781 -0.164182 -0.021699 5
31.6962 0.60012 -0.164022 -0.0214582 5
31.791 0.59985 -0.163986 -0.0225177 5
31.9015 0.599933 -0.164201 -0.022692 5
31.9832 0.599788 -0.16479 -0.0225089 5
32.0926 0.599864 -0.164695 -0.0222835 5
32.1906 0.599998 -0.165113 -0.0223878 5
32.3054 0.599935 -0.165234 -0.023199 5
32.3892 0.600123 -0.165173 -0.0224642 5
32.5059 0.600068 -0.165714 -0.0227161 5
32.6141 0.600268 -0.166402 -0.0227055 5
32.6889 0.600059 -0.166519 -0.0228926 5
32.8132 0.60023 -0.166965 -0.0230951 5
32.9071 0.600697 -0.167805 -0.0232186 5
33.019 0.600481 -0.167755 -0.0239979 5
33.1091 0.600827 -0.168375 -0.0244793 5
33.2344 0.600834 -0.168354 -0.024375 5
33.3248 0.600902 -0.168694 -0.0255445 5
33.4278 0.600972 -0.1691 -0.0250586 5
33.5176 0.601309 -0.169967 -0.0254868 5
33.6368 0.601282 -0.170513 -0.0255713 5
33.7237 0.601867 -0.171704 -0.0252522 5
33.8252 0.601529 -0.171402 -0.0269593 5
33.9082 0.602047 -0.172444 -0.0268663 5
34.035 0.602102 -0.172385 -0.0263716 5
34.1183 0.602165 -0.172533 -0.0269013 5
34.2308 0.602292 -0.172784 -0.0269092 5
34.3236 0.602399 -0.173653 -0.0260484 5
34.4359 0.602313 -0.173408 -0.0266378 5
34.5192 0.602505 -0.173975 -0.0279503 5
34.6494 0.602404 -0.173677 -0.0278388 5
34.7461 0.602642 -0.174414 -0.0277194 5
34.8651 0.602846 -0.174119 -0.0279987 5
34.9666 0.602941 -0.174736 -0.0284901 5
35.0646 0.602973 -0.175541 -0.0288379 5
35.2002 0.603152 -0.17572 -0.0295534 5
35.3056 0.603086 -0.176352 -0.0291591 5
35.4071 0.603076 -0.176231 -0.0295832 5
35.5145 0.603193 -0.176572 -0.0296593 5
35.6408 0.603144 -0.176197 -0.0299986 5
35.7397 0.603823 -0.176697 -0.0298865 5
35.8604 0.603148 -0.17602 -0.0299272 6
35.9477 0.603217 -0.1767 -0.0297173 6
36.0951 0.603284 -0.176441 -0.0295863 6
36.1839 0.602943 -0.176462 -0.0296939 6
36.2996 0.603193 -0.176819 -0.0295341 6
36.3918 0.603028 -0.1765 -0.0293975 6
36.5062 0.602895 -0.177177 -0.0293935 6
36.6042 0.602926 -0.177181 -0.0295849 6
36.7489 0.602975 -0.17725 -0.0295728 6
36.8549 0.603006 -0.177223 -0.0296472 6
36.9556 0.602833 -0.177378 -0.02959 6
37.0478 0.602933 -0.177233 -0.0295501 6
37.1316 0.602804 -0.17728 -0.0297947 6
37.2195 0.602892 -0.177347 -0.0291887 6
37.3274 0.602907 -0.177268 -0.0295266 6
