5.19753e-05 0.322477 0.115489 -0.0885312 0
0.0935776 0.32251 0.115508 -0.088448 0
0.210437 0.322518 0.115453 -0.0883728 0
0.322688 0.322597 0.11559 -0.0901564 0
0.410413 0.322565 0.115425 -0.0882303 0
0.502747 0.322504 0.115468 -0.0887681 0
0.61046 0.322441 0.115391 -0.0883887 0
0.725595 0.322501 0.115488 -0.0892614 0
0.819963 0.32256 0.115489 -0.0889819 0
0.928195 0.32256 0.115416 -0.088946 0
1.01637 0.322568 0.115538 -0.0887793 0
1.12042 0.322506 0.115439 -0.0880023 0
1.21364 0.32257 0.115528 -0.0885284 0
1.3213 0.322568 0.115554 -0.0895304 0
1.41121 0.322472 0.115466 -0.0887569 0
1.53268 0.322516 0.11541 -0.0880683 0
1.6182 0.322477 0.115463 -0.0887449 0
1.72933 0.322529 0.115476 -0.08904 0
1.83889 0.322652 0.11559 -0.089559 0
1.92991 0.32252 0.115526 -0.0888013 0
2.0244 0.322512 0.115503 -0.0894411 0
2.13067 0.322521 0.115433 -0.0893253 0
2.22606 0.322517 0.115562 -0.0894391 0
2.32715 0.322554 0.115428 -0.0888459 0
2.44204 0.322536 0.115515 -0.088309 0
2.53087 0.32255 0.115505 -0.0890888 0
2.6153 0.322454 0.115339 -0.0879733 0
2.71907 0.322543 0.115526 -0.0891707 0
2.80815 0.32276 0.115775 -0.0880258 0
2.8989 0.322832 0.115915 -0.0887436 0
3.00225 0.323003 0.116046 -0.087937 0
3.09835 0.323001 0.116014 -0.0881825 0
3.19914 0.323106 0.116143 -0.0883044 0
3.29393 0.323329 0.116242 -0.0872416 0
3.39656 0.32356 0.116517 -0.0870689 0
3.49596 0.322249 0.116496 -0.0866755 0
3.5963 0.321501 0.116854 -0.0874641 0
3.70983 0.320691 0.117074 -0.0876821 0
3.80337 0.320971 0.117302 -0.0861733 0
3.90912 0.320903 0.117252 -0.084708 0
3.99786 0.320873 0.117579 -0.0853377 0
4.09512 0.320789 0.11777 -0.0836872 0
4.19739 0.320498 0.117886 -0.0831514 0
4.28384 0.320765 0.118058 -0.0836153 0
4.38568 0.320903 0.118365 -0.0820653 0
4.48563 0.320988 0.118138 -0.0805169 0
4.57359 0.321592 0.118094 -0.0785403 0
4.67208 0.321562 0.118159 -0.0782171 0
4.77734 0.321806 0.118763 -0.0767124 0
4.87774 0.32147 0.11829 -0.0756411 0
4.98954 0.322622 0.117911 -0.07163 0
5.07248 0.323136 0.117764 -0.0706391 0
5.17966 0.32356 0.117685 -0.0682029 0
5.2774 0.32351 0.118511 -0.068667 0
5.3757 0.323862 0.118075 -0.0658524 0
5.4714 0.323449 0.118888 -0.0661078 0
5.56588 0.323263 0.119034 -0.0650855 0
5.67364 0.322985 0.118448 -0.0633454 0
5.76675 0.32405 0.11909 -0.0612879 0
5.87433 0.323895 0.11958 -0.0613649 0
5.96635 0.323363 0.120029 -0.0605121 0
6.06138 0.323652 0.120886 -0.0619951 0
6.15064 0.323628 0.121076 -0.0616301 0
6.26429 0.323301 0.121165 -0.060975 0
6.35428 0.323862 0.121207 -0.0587978 0
6.44912 0.322075 0.121303 -0.0594367 0
6.5515 0.321129 0.121265 -0.0588381 0
6.64362 0.322725 0.121326 -0.0566083 0
6.74009 0.322645 0.121234 -0.0546364 0
6.83557 0.322673 0.121236 -0.0539647 0
6.93042 0.322937 0.121247 -0.054179 1
7.02142 0.322493 0.12132 -0.0533401 1
7.12443 0.323154 0.12143 -0.0525187 1
7.21635 0.323303 0.121177 -0.0517287 1
7.32484 0.323361 0.12142 -0.05189 1
7.42426 0.322297 0.121012 -0.0518473 1
7.54302 0.321987 0.121193 -0.0518155 1
7.60874 0.322197 0.121138 -0.0515643 1
7.70982 0.322318 0.121243 -0.0513174 1
7.80767 0.322893 0.121201 -0.0510724 1
7.90795 0.323289 0.12113 -0.0499638 1
8.00532 0.323106 0.121193 -0.0522582 1
8.1073 0.324177 0.121418 -0.0510324 1
8.20395 0.325001 0.121321 -0.0503429 1
8.32439 0.328089 0.121664 -0.0489767 1
8.43809 0.329457 0.121686 -0.049581 1
8.54359 0.333399 0.121595 -0.0487035 1
8.6234 0.335605 0.121573 -0.0483321 1
8.729 0.338228 0.121788 -0.0464733 1
8.81472 0.341066 0.121921 -0.0462818 1
8.92518 0.342714 0.121861 -0.0457576 1
9.01415 0.348536 0.122046 -0.0440204 1
9.11771 0.350651 0.121996 -0.0439768 1
9.21506 0.354189 0.12224 -0.0443203 1
9.33117 0.359044 0.1221 -0.0410914 1
9.42141 0.364361 0.12206 -0.0396712 1
9.52309 0.366895 0.121629 -0.0390771 1
9.61948 0.372878 0.121571 -0.0369242 1
9.72897 0.378028 0.121759 -0.0362638 1
9.81213 0.382486 0.121797 -0.0355621 1
9.90505 0.383948 0.12157 -0.0371505 1
10.0009 0.390677 0.122065 -0.0357601 1
10.0949 0.39502 0.122074 -0.0354243 1
10.1976 0.398002 0.121905 -0.0346008 1
10.2965 0.404898 0.12157 -0.0328671 1
10.3975 0.408043 0.121151 -0.0332662 1
10.4901 0.41336 0.121196 -0.0340208 1
10.5931 0.417997 0.12099 -0.0326444 1
10.6938 0.423092 0.120395 -0.031612 1
10.8043 0.426703 0.120308 -0.0319712 1
10.9028 0.431255 0.120221 -0.0335843 1
11.0022 0.433935 0.1198 -0.0325507 1
11.1254 0.43953 0.119378 -0.0336448 1
11.2378 0.443447 0.119358 -0.033739 1
11.3445 0.447628 0.118989 -0.0332949 1
11.4204 0.451394 0.118887 -0.0340414 1
11.5358 0.455137 0.118576 -0.0340475 1
11.6321 0.458785 0.118616 -0.035358 1
11.7197 0.461016 0.118033 -0.0345749 1
11.8167 0.463785 0.117812 -0.0357725 1
11.9276 0.466038 0.11736 -0.0360814 1
12.0201 0.468832 0.117403 -0.0372462 1
12.1256 0.470138 0.117261 -0.0396756 1
12.2256 0.471999 0.116603 -0.0384859 2
12.3135 0.472295 0.116832 -0.0386464 2
12.4115 0.473846 0.116692 -0.0385437 2
12.5148 0.474434 0.11694 -0.0396558 2
12.612 0.474459 0.116663 -0.0402654 2
12.7078 0.474811 0.116541 -0.038872 2
12.8091 0.474799 0.116436 -0.0397719 2
12.9013 0.474687 0.116388 -0.0386008 2
13.0041 0.47498 0.116287 -0.0404028 2
13.1137 0.475062 0.115797 -0.0390116 2
13.2036 0.475067 0.115192 -0.0403381 2
13.3148 0.474669 0.113709 -0.0386556 2
13.4071 0.47519 0.113255 -0.0385078 2
13.5159 0.47524 0.112416 -0.0369652 2
13.6148 0.475601 0.111473 -0.0365164 2
13.7246 0.475772 0.110457 -0.0374678 2
13.8132 0.47696 0.109456 -0.0369157 2
13.9262 0.476535 0.10812 -0.0377939 2
14.0103 0.477299 0.107148 -0.0370726 2
14.1221 0.477588 0.105428 -0.036399 2
14.2194 0.478192 0.10383 -0.034292 2
14.3139 0.478357 0.102379 -0.0387793 2
14.419 0.478738 0.100127 -0.0363571 2
14.5218 0.479273 0.0983601 -0.036716 2
14.6147 0.479948 0.0968032 -0.0362557 2
14.713 0.479703 0.0949595 -0.0370666 2
14.8076 0.480857 0.0928828 -0.0358263 2
14.9107 0.481487 0.0906441 -0.035792 2
15.0068 0.48234 0.0880954 -0.0343692 2
15.1048 0.482809 0.0859111 -0.0359295 2
15.2229 0.483397 0.0832707 -0.0353799 2
15.3054 0.484335 0.0812183 -0.0355953 2
15.41 0.484496 0.077736 -0.0354657 2
15.5133 0.48483 0.0750403 -0.0361108 2
15.6128 0.485557 0.0721738 -0.0340883 2
15.7126 0.485976 0.06903 -0.0337053 2
15.8117 0.486069 0.0663527 -0.0354484 2
15.9108 0.48621 0.0630391 -0.0343835 2
16.0178 0.486843 0.0601975 -0.035763 2
16.1104 0.488434 0.0575549 -0.0334562 2
16.2094 0.488325 0.0543786 -0.0349176 2
16.3125 0.4892 0.051031 -0.0330177 2
16.4099 0.490238 0.0475703 -0.0325069 2
16.511 0.490252 0.0439647 -0.0343914 2
16.623 0.491012 0.0398783 -0.0337989 2
16.7001 0.490967 0.036961 -0.0354191 2
16.8127 0.491672 0.0332073 -0.0335313 2
16.9094 0.491935 0.029917 -0.0363299 2
17.0084 0.492909 0.0259688 -0.0341856 2
17.1065 0.492862 0.0228058 -0.0355164 2
17.2139 0.493013 0.0186509 -0.0360274 2
17.3133 0.493421 0.0147101 -0.0358812 2
17.4098 0.4938 0.0113808 -0.03687 2
17.5083 0.494311 0.00690266 -0.0357568 2
17.6149 0.494733 0.00308774 -0.0361778 2
17.7178 0.495109 -0.00112712 -0.0361915 2
17.8097 0.49615 -0.00438756 -0.0322114 2
17.9056 0.495679 -0.0084953 -0.0365754 2
17.9991 0.495642 -0.0132873 -0.0322978 2
18.1004 0.496316 -0.0166 -0.0369736 2
18.2064 0.496625 -0.0210341 -0.0338951 2
18.3174 0.495892 -0.0253025 -0.038303 2
18.4112 0.495953 -0.029597 -0.0374816 2
18.5192 0.496103 -0.0338424 -0.0386571 2
18.6186 0.496384 -0.0375982 -0.0359896 2
18.7163 0.497141 -0.0424673 -0.0352494 2
18.8148 0.495998 -0.0465466 -0.0356691 2
18.9119 0.496166 -0.0501007 -0.0360062 2
19.0139 0.496371 -0.0545967 -0.0362761 2
19.1126 0.495656 -0.0583963 -0.0341687 2
19.2072 0.49566 -0.0627847 -0.0367236 2
19.3097 0.495644 -0.0663491 -0.0379747 2
19.4337 0.495362 -0.0749935 -0.03113 2
19.5224 0.495586 -0.0764409 -0.0373087 2
19.6089 0.49498 -0.0810927 -0.03601 2
19.7155 0.494395 -0.0851015 -0.036731 2
19.8258 0.493992 -0.0892274 -0.03738 2
19.9192 0.494184 -0.0928466 -0.040039 2
20.0203 0.493447 -0.0977393 -0.0351299 2
20.1197 0.492778 -0.101862 -0.0337446 2
20.2261 0.491682 -0.105267 -0.0354603 2
20.3166 0.491368 -0.108353 -0.0340497 2
20.4196 0.490744 -0.112635 -0.034377 2
20.5314 0.48985 -0.117026 -0.0340366 2
20.6359 0.489289 -0.120752 -0.0329343 2
20.7371 0.488848 -0.124708 -0.0330981 2
20.8361 0.488609 -0.127828 -0.0321606 2
20.9348 0.488197 -0.131477 -0.033081 2
21.022 0.48755 -0.134046 -0.0301807 2
21.1151 0.487065 -0.137378 -0.0322555 2
21.2209 0.486623 -0.1415 -0.0311658 2
21.3148 0.484656 -0.143485 -0.0371056 2
21.4269 0.482459 -0.14743 -0.0360929 2
21.525 0.482537 -0.150953 -0.035742 2
21.6281 0.482081 -0.153873 -0.0373276 2
21.7286 0.481184 -0.157707 -0.0382645 2
21.8252 0.480423 -0.160387 -0.0398156 2
21.9272 0.479897 -0.163366 -0.0404488 2
22.0231 0.479925 -0.166538 -0.0385446 2
22.131 0.479029 -0.169536 -0.0388518 2
22.2415 0.478349 -0.172398 -0.038698 2
22.3437 0.477416 -0.175245 -0.0381008 2
22.4357 0.476474 -0.177742 -0.0375678 2
22.5259 0.476201 -0.179811 -0.0375084 2
22.6322 0.475701 -0.182601 -0.0365718 2
22.724 0.475254 -0.184944 -0.0368417 2
22.8327 0.474436 -0.187559 -0.0362877 2
22.9253 0.474022 -0.189288 -0.0355019 2
23.0262 0.473061 -0.191484 -0.0356227 2
23.1218 0.472059 -0.1936 -0.036246 2
23.2212 0.471641 -0.195483 -0.0364052 2
23.3171 0.470867 -0.197089 -0.0356917 2
23.4211 0.470713 -0.198671 -0.0354295 2
23.5209 0.469833 -0.200321 -0.0350787 2
23.6148 0.469535 -0.201991 -0.0356777 2
23.722 0.468797 -0.202774 -0.0355215 2
23.8166 0.46794 -0.204379 -0.0365676 2
23.9136 0.468377 -0.204695 -0.0358752 2
24.0264 0.46778 -0.20618 -0.0350332 3
24.1231 0.467395 -0.206779 -0.0344441 3
24.2243 0.467114 -0.207525 -0.0344717 3
24.3265 0.46681 -0.208288 -0.0342191 3
24.4218 0.466647 -0.20883 -0.0346274 3
24.5198 0.466396 -0.209018 -0.0343896 3
24.625 0.466544 -0.208978 -0.0335376 3
24.7198 0.466225 -0.209017 -0.0336361 3
24.835 0.466456 -0.208812 -0.0340935 3
24.9328 0.466338 -0.208788 -0.0344162 3
25.0331 0.466517 -0.208631 -0.0340963 3
25.1339 0.466631 -0.209022 -0.0337038 3
25.2318 0.466384 -0.208913 -0.0342534 3
25.3323 0.466635 -0.208619 -0.0337579 3
25.4403 0.466405 -0.208886 -0.0346893 3
25.5389 0.46589 -0.209258 -0.0357064 3
25.6433 0.466228 -0.209184 -0.0341391 3
25.7311 0.46616 -0.209319 -0.0338121 3
25.8372 0.466218 -0.209796 -0.034732 3
25.9797 0.466147 -0.21013 -0.0342354 3
26.0998 0.466582 -0.210272 -0.0336868 3
26.1933 0.466213 -0.210359 -0.0343459 3
26.2876 0.466054 -0.210587 -0.033308 3
26.3862 0.466186 -0.210659 -0.0331407 3
26.4862 0.466492 -0.210992 -0.0316984 3
26.5884 0.466047 -0.211462 -0.0324774 3
26.6756 0.466201 -0.211373 -0.0308091 3
26.7655 0.466054 -0.211148 -0.031616 3
26.8609 0.465995 -0.211829 -0.0310688 3
26.9698 0.465917 -0.211911 -0.0301642 3
27.0601 0.465965 -0.211854 -0.0305657 4
27.164 0.466672 -0.212624 -0.0283789 4
27.2559 0.466611 -0.212713 -0.0277937 4
27.3522 0.466279 -0.212876 -0.0289306 4
27.4443 0.466313 -0.212805 -0.0277138 4
27.5541 0.466478 -0.212959 -0.0271647 4
27.6574 0.466596 -0.212875 -0.0271111 4
27.7628 0.465772 -0.2131 -0.0279745 4
27.8489 0.466826 -0.213257 -0.0262385 4
27.9648 0.466895 -0.213214 -0.0239334 4
28.0553 0.466516 -0.212969 -0.0262591 4
28.1572 0.466277 -0.212864 -0.0255809 4
28.2495 0.466527 -0.21212 -0.0259697 4
28.3493 0.466363 -0.21106 -0.0262887 4
28.443 0.466022 -0.210038 -0.0278748 4
28.5459 0.466355 -0.208366 -0.0273295 4
28.6398 0.465871 -0.206428 -0.0283903 4
28.7487 0.466694 -0.204931 -0.0281099 4
28.8388 0.466723 -0.203319 -0.0285955 4
28.9371 0.46665 -0.200833 -0.029067 4
29.0613 0.46715 -0.197632 -0.030121 4
29.1728 0.466924 -0.194994 -0.0312008 4
29.2777 0.466831 -0.192808 -0.0315027 4
29.3679 0.467296 -0.19074 -0.0322056 4
29.4527 0.467103 -0.188873 -0.034025 4
29.548 0.46753 -0.186308 -0.0337363 4
29.6544 0.467434 -0.184228 -0.0336377 4
29.7557 0.467155 -0.18229 -0.0352595 4
29.857 0.4671 -0.179828 -0.0360221 4
29.9697 0.467649 -0.177386 -0.0357026 4
30.0656 0.467445 -0.174461 -0.0351447 4
30.1714 0.467556 -0.172185 -0.0341644 4
30.2691 0.467029 -0.170588 -0.0343728 4
30.3563 0.467171 -0.169202 -0.0326774 4
30.4653 0.466539 -0.167495 -0.0334371 4
30.5655 0.466224 -0.167226 -0.0331379 4
30.6689 0.466199 -0.166122 -0.0323145 4
30.7782 0.466178 -0.165547 -0.0320829 5
30.8784 0.466053 -0.16482 -0.0317164 5
30.9981 0.466007 -0.164793 -0.0326409 5
31.0751 0.465467 -0.165526 -0.033014 5
31.1803 0.46592 -0.167434 -0.0323788 5
31.2763 0.465984 -0.166991 -0.0306635 5
31.3808 0.466211 -0.167862 -0.0311993 5
31.4846 0.466206 -0.167719 -0.0314847 5
31.584 0.46625 -0.169094 -0.0320778 5
31.6962 0.466383 -0.168932 -0.0313934 5
31.791 0.466399 -0.168842 -0.0314482 5
31.9015 0.466555 -0.168965 -0.032086 5
31.9832 0.466244 -0.16964 -0.0318683 5
32.0926 0.466595 -0.169352 -0.0311451 5
32.1906 0.466281 -0.169786 -0.0319566 5
32.3054 0.466499 -0.169743 -0.0318145 5
32.3892 0.466544 -0.169844 -0.0312433 5
32.5059 0.466434 -0.17076 -0.0326751 5
32.6141 0.46646 -0.171383 -0.0320695 5
32.6889 0.46643 -0.171629 -0.0326664 5
32.8132 0.467154 -0.171644 -0.0317918 5
32.9071 0.467087 -0.172773 -0.0319771 5
33.019 0.467041 -0.172472 -0.0324489 5
33.1091 0.467485 -0.173295 -0.0333121 5
33.2344 0.467382 -0.173337 -0.0332556 5
33.3248 0.467843 -0.173388 -0.0329648 5
33.4278 0.46812 -0.173897 -0.0330331 5
33.5176 0.467839 -0.174945 -0.033927 5
33.6368 0.468149 -0.175321 -0.0337864 5
33.7237 0.468205 -0.176493 -0.0338964 5
33.8252 0.468506 -0.176288 -0.0349273 5
33.9082 0.468792 -0.176901 -0.0348507 5
34.035 0.469181 -0.177025 -0.0348212 5
34.1183 0.469583 -0.177309 -0.0346044 5
34.2308 0.469397 -0.177601 -0.035284 5
34.3236 0.470512 -0.178561 -0.0343121 5
34.4359 0.46958 -0.178067 -0.0333135 5
34.5192 0.470666 -0.178637 -0.0345304 5
34.6494 0.471043 -0.178501 -0.0338357 5
34.7461 0.471387 -0.179245 -0.0349511 5
34.8651 0.471196 -0.179503 -0.0346057 5
34.9666 0.47121 -0.179686 -0.0351761 5
35.0646 0.471076 -0.180013 -0.035337 5
35.2002 0.471027 -0.180382 -0.034924 5
35.3056 0.471373 -0.18088 -0.0357503 5
35.4071 0.471266 -0.180789 -0.035207 5
35.5145 0.471314 -0.181375 -0.0343304 5
35.6408 0.471526 -0.181019 -0.0351321 5
35.7397 0.471459 -0.18077 -0.0348765 5
35.8604 0.471394 -0.181241 -0.0344407 6
35.9477 0.471489 -0.181733 -0.0341225 6
36.0951 0.471524 -0.181992 -0.0350845 6
36.1839 0.471224 -0.181497 -0.0349801 6
36.2996 0.471398 -0.18199 -0.0342204 6
36.3918 0.471209 -0.181784 -0.0354074 6
36.5062 0.471348 -0.181987 -0.0349014 6
36.6042 0.471265 -0.182018 -0.0342441 6
36.7489 0.471318 -0.181741 -0.0361152 6
36.8549 0.471234 -0.18202 -0.034415 6
36.9556 0.471267 -0.182378 -0.0350209 6
37.0478 0.471095 -0.18176 -0.0348793 6
37.1316 0.47134 -0.181822 -0.0352444 6
37.2195 0.471317 -0.182246 -0.0347597 6
37.3274 0.471214 -0.181719 -0.0345205 6
