5.19753e-05 0.386473 0.0252979 0.170393 0 0
0.0935776 0.386471 0.0252994 0.170409 0 0
0.210437 0.38646 0.025302 0.170385 0 0
0.322688 0.386467 0.0253131 0.170394 0 0
0.410413 0.386466 0.025297 0.170393 0 0
0.502747 0.386464 0.0253047 0.170385 0 0
0.61046 0.386464 0.0252776 0.170376 0 0
0.725595 0.386458 0.0253041 0.170383 0 0
0.819963 0.386471 0.0253062 0.170399 0 0
0.928195 0.386474 0.0252988 0.170374 0 0
1.01637 0.386495 0.0252949 0.17042 0 0
1.12042 0.386486 0.0253046 0.170398 0 0
1.21364 0.386482 0.0253055 0.170406 0 0
1.3213 0.386478 0.0253028 0.1704 0 0
1.41121 0.38647 0.0252968 0.17039 0 0
1.53268 0.386482 0.0253008 0.170389 0 0
1.6182 0.386473 0.0252964 0.1704 0 0
1.72933 0.386462 0.0252912 0.170392 0 0
1.83889 0.386471 0.0253155 0.170404 0 0
1.92991 0.386466 0.0253 0.170391 0 0
2.0244 0.386473 0.0252918 0.170394 0 0
2.13067 0.386455 0.0253001 0.170368 0 0
2.22606 0.386469 0.025307 0.170395 0 0
2.32715 0.386469 0.0252971 0.170385 0 0
2.44204 0.386486 0.0253152 0.170405 0 0
2.53087 0.38647 0.0253227 0.170392 0 0
2.6153 0.386462 0.0252939 0.170486 0 0
2.71907 0.386494 0.025311 0.170816 0 0
2.80815 0.386572 0.0253093 0.171261 0 0
2.8989 0.386613 0.0253391 0.171733 0 0
3.00225 0.386708 0.0253513 0.172408 0 0
3.09835 0.386754 0.025343 0.173108 0 0
3.19914 0.38684 0.0253845 0.173987 0 0
3.29393 0.386948 0.0253848 0.174892 0 0
3.39656 0.387066 0.0254029 0.176032 0 0
3.49596 0.387172 0.0254163 0.177077 0 0
3.5963 0.387271 0.025437 0.178364 0 0
3.70983 0.387395 0.0254509 0.179834 0 0
3.80337 0.387521 0.0254881 0.181073 0 0
3.90912 0.387615 0.0254931 0.18253 0 0
3.99786 0.387741 0.0255054 0.183984 0 0
4.09512 0.38784 0.0255244 0.18551 0 0
4.19739 0.387922 0.0255055 0.187195 0 0
4.28384 0.387993 0.0255264 0.188496 0 0
4.38568 0.388082 0.0255256 0.190142 0 0
4.48563 0.388184 0.0255454 0.192054 0 0
4.57359 0.388254 0.0255356 0.193629 0 0
4.67208 0.388284 0.0255079 0.195292 0 0
4.77734 0.388378 0.0254939 0.197255 0 0
4.87774 0.388401 0.0254972 0.199103 0 0
4.98954 0.388452 0.0254702 0.201168 0 0
5.07248 0.388433 0.0254371 0.202569 0 0
5.17966 0.388466 0.0254187 0.204521 0 0
5.2774 0.388461 0.0253808 0.206392 0 0
5.3757 0.388444 0.025338 0.208102 0 0
5.4714 0.388424 0.0252893 0.209791 0 0
5.56588 0.388384 0.0252445 0.211425 0 0
5.67364 0.388349 0.0252136 0.213232 0 0
5.76675 0.3883 0.0251612 0.214834 0 0
5.87433 0.388261 0.0251243 0.216542 0 0
5.96635 0.388189 0.0250669 0.218042 0 0
6.06138 0.388126 0.0250243 0.219506 0 0
6.15064 0.388084 0.0249839 0.220827 0 0
6.26429 0.387988 0.0249209 0.222367 0 0
6.35428 0.387938 0.0248869 0.223507 0 0
6.44912 0.387885 0.0248549 0.224753 0 0
6.5515 0.387797 0.0247987 0.225906 0 0
6.64362 0.387728 0.0247531 0.226808 0 0
6.74009 0.387659 0.0247136 0.227744 0 0
6.83557 0.387612 0.0246711 0.228561 0 0
6.93042 0.387576 0.0246403 0.229284 0 1
7.02142 0.387509 0.0246425 0.229871 0 1
7.12443 0.387482 0.0245928 0.230358 0 1
7.21635 0.387442 0.0245844 0.230693 0 1
7.32484 0.387429 0.0245682 0.230979 0 1
7.42426 0.387409 0.0245515 0.231046 0 1
7.54302 0.38742 0.0245366 0.231064 0 1
7.60874 0.387418 0.0245442 0.231053 0 1
7.70982 0.387572 0.0245576 0.231107 0 1
7.80767 0.388202 0.0246132 0.231259 0 1
7.90795 0.389119 0.0247129 0.23141 0 1
8.00532 0.390385 0.0247899 0.231595 0 1
8.1073 0.391854 0.0249391 0.231898 0 1
8.20395 0.39357 0.0250798 0.232181 0 1
8.32439 0.394925 0.0251992 0.232426 0 1
8.43809 0.3993 0.0255204 0.233172 0 1
8.54359 0.40205 0.0257508 0.233513 0 1
8.6234 0.403854 0.0258776 0.233809 0 1
8.729 0.407032 0.0261276 0.234258 0 1
8.81472 0.410112 0.0263286 0.234706 0 1
8.92518 0.413585 0.0264924 0.235134 0 1
9.01415 0.416987 0.0266555 0.235538 0 1
9.11771 0.420923 0.0269114 0.23601 0 1
9.21506 0.42464 0.0270691 0.236395 0 1
9.33117 0.429073 0.0272594 0.236746 0 1
9.42141 0.433113 0.0273727 0.237094 0 1
9.52309 0.437139 0.0274668 0.237352 0 1
9.61948 0.441248 0.027567 0.237567 0 1
9.72897 0.446204 0.0277364 0.237877 0 1
9.81213 0.450099 0.0277445 0.238052 0 1
9.90505 0.454014 0.0277503 0.238181 0 1
10.0009 0.458396 0.0277857 0.2383 0 1
10.0949 0.462674 0.0277449 0.238316 0 1
10.1976 0.467356 0.0277205 0.238308 0 1
10.2965 0.47171 0.0276052 0.238229 0 1
10.3975 0.476311 0.0274989 0.238117 0 1
10.4901 0.480199 0.0273918 0.238001 0 1
10.5931 0.484806 0.0272643 0.237872 0 1
10.6938 0.489197 0.0270178 0.23757 0 1
10.8043 0.493922 0.0268105 0.237309 0 1
10.9028 0.497858 0.0266223 0.237023 0 1
11.0022 0.501592 0.0264286 0.236611 0 1
11.1254 0.506481 0.0260538 0.23622 0 1
11.2378 0.51057 0.0257462 0.23579 0 1
11.3445 0.5141 0.0254929 0.235348 0 1
11.4204 0.516699 0.0252989 0.235111 0 1
11.5358 0.52017 0.025056 0.234612 0 1
11.6321 0.52295 0.0247466 0.234322 0 1
11.7197 0.525267 0.0244778 0.233906 0 1
11.8167 0.527598 0.0242418 0.233603 0 1
11.9276 0.52999 0.02403 0.233195 0 1
12.0201 0.531831 0.0238764 0.232968 0 1
12.1256 0.53355 0.0237061 0.232667 0 1
12.2256 0.534773 0.0235786 0.232408 0 2
12.3135 0.535701 0.0234941 0.232294 0 2
12.4115 0.536426 0.0234199 0.232182 0 2
12.5148 0.536827 0.0233992 0.232118 0 2
12.612 0.536833 0.0233564 0.232099 0 2
12.7078 0.536857 0.0233333 0.232101 0 2
12.8091 0.536832 0.0233246 0.232088 0 2
12.9013 0.536858 0.0232066 0.232111 0 2
13.0041 0.536951 0.0228688 0.232104 0 2
13.1137 0.537107 0.0224541 0.232101 0 2
13.2036 0.537259 0.0219628 0.23212 0 2
13.3148 0.537484 0.0212994 0.23215 0 2
13.4071 0.537698 0.0206055 0.232154 0 2
13.5159 0.537976 0.0197501 0.232181 0 2
13.6148 0.538273 0.0187841 0.2322 0 2
13.7246 0.538654 0.0175955 0.232235 0 2
13.8132 0.538954 0.0165782 0.232239 0 2
13.9262 0.539401 0.0150679 0.232296 0 2
14.0103 0.53973 0.0139848 0.232292 0 2
14.1221 0.540248 0.0123438 0.232359 0 2
14.2194 0.540685 0.010863 0.232398 0 2
14.3139 0.54114 0.00927722 0.232404 0 2
14.419 0.541664 0.00736979 0.232442 0 2
14.5218 0.542199 0.00546427 0.232492 0 2
14.6147 0.542726 0.00367695 0.232563 0 2
14.713 0.543246 0.00165902 0.232561 0 2
14.8076 0.543779 -0.000397943 0.232576 0 2
14.9107 0.544385 -0.00258954 0.23265 0 2
15.0068 0.544995 -0.00484864 0.232702 0 2
15.1048 0.54558 -0.00713504 0.232773 0 2
15.2229 0.546307 -0.00996334 0.232808 0 2
15.3054 0.546795 -0.0120869 0.232828 0 2
15.41 0.547426 -0.0147455 0.232851 0 2
15.5133 0.548061 -0.0175653 0.232923 0 2
15.6128 0.548704 -0.0204501 0.232953 0 2
15.7126 0.549346 -0.0231674 0.233021 0 2
15.8117 0.549992 -0.0262441 0.233049 0 2
15.9108 0.550593 -0.029015 0.233046 0 2
16.0178 0.551216 -0.0322275 0.233093 0 2
16.1104 0.551823 -0.0351364 0.233109 0 2
16.2094 0.552423 -0.0382674 0.233229 0 2
16.3125 0.553046 -0.0415401 0.233277 0 2
16.4099 0.5536 -0.0447673 0.233298 0 2
16.511 0.554207 -0.0482184 0.233357 0 2
16.623 0.55479 -0.0521381 0.233419 0 2
16.7001 0.555277 -0.0549083 0.233465 0 2
16.8127 0.555852 -0.0589219 0.233504 0 2
16.9094 0.556345 -0.0622361 0.233554 0 2
17.0084 0.556793 -0.0657528 0.233551 0 2
17.1065 0.55728 -0.069198 0.233552 0 2
17.2139 0.557797 -0.0734557 0.233636 0 2
17.3133 0.558228 -0.0769935 0.233713 0 2
17.4098 0.558615 -0.0807007 0.233723 0 2
17.5083 0.559009 -0.0846313 0.233711 0 2
17.6149 0.559417 -0.088702 0.233758 0 2
17.7178 0.559771 -0.0928055 0.233841 0 2
17.8097 0.560045 -0.096249 0.233827 0 2
17.9056 0.560315 -0.100064 0.233843 0 2
17.9991 0.56055 -0.103848 0.23382 0 2
18.1004 0.560799 -0.108144 0.233892 0 2
18.2064 0.560998 -0.112322 0.233972 0 2
18.3174 0.561195 -0.116824 0.233979 0 2
18.4112 0.561283 -0.120829 0.23395 0 2
18.5192 0.561446 -0.125046 0.234036 0 2
18.6186 0.561523 -0.129045 0.234005 0 2
18.7163 0.561569 -0.133256 0.234002 0 2
18.8148 0.561564 -0.137252 0.234071 0 2
18.9119 0.56157 -0.141248 0.234058 0 2
19.0139 0.561544 -0.145501 0.234082 0 2
19.1126 0.561453 -0.149557 0.234057 0 2
19.2072 0.561368 -0.153421 0.234026 0 2
19.3097 0.561172 -0.157495 0.234022 0 2
19.4337 0.560993 -0.162756 0.234098 0 2
19.5224 0.560821 -0.166369 0.234093 0 2
19.6089 0.560593 -0.169987 0.234032 0 2
19.7155 0.560305 -0.174471 0.234045 0 2
19.8258 0.560024 -0.178805 0.234135 0 2
19.9192 0.559743 -0.182639 0.234129 0 2
20.0203 0.559334 -0.18685 0.23413 0 2
20.1197 0.558991 -0.190631 0.234034 0 2
20.2261 0.558575 -0.19478 0.234028 0 2
20.3166 0.558184 -0.198568 0.234071 0 2
20.4196 0.557748 -0.202301 0.234036 0 2
20.5314 0.557206 -0.206671 0.233998 0 2
20.6359 0.556717 -0.210552 0.23394 0 2
20.7371 0.556143 -0.214595 0.233978 0 2
20.8361 0.55569 -0.218083 0.233911 0 2
20.9348 0.555089 -0.221972 0.233942 0 2
21.022 0.554606 -0.225092 0.233893 0 2
21.1151 0.554074 -0.228332 0.233864 0 2
21.2209 0.553406 -0.2322 0.233883 0 2
21.3148 0.552864 -0.235371 0.233914 0 2
21.4269 0.552202 -0.239088 0.23386 0 2
21.525 0.551483 -0.242648 0.233836 0 2
21.6281 0.550893 -0.24572 0.233732 0 2
21.7286 0.550208 -0.249144 0.233714 0 2
21.8252 0.549625 -0.25213 0.23371 0 2
21.9272 0.54897 -0.255297 0.233694 0 2
22.0231 0.548307 -0.258239 0.233681 0 2
22.131 0.547648 -0.26113 0.233645 0 2
22.2415 0.546911 -0.264199 0.233587 0 2
22.3437 0.546232 -0.267225 0.233622 0 2
22.4357 0.545698 -0.269579 0.233577 0 2
22.5259 0.545108 -0.271938 0.233578 0 2
22.6322 0.544443 -0.274637 0.233504 0 2
22.724 0.54389 -0.27677 0.233466 0 2
22.8327 0.543215 -0.279388 0.233437 0 2
22.9253 0.542714 -0.28125 0.23343 0 2
23.0262 0.542116 -0.283458 0.233375 0 2
23.1218 0.541561 -0.28543 0.233373 0 2
23.2212 0.541118 -0.287259 0.233422 0 2
23.3171 0.540643 -0.289039 0.233344 0 2
23.4211 0.540131 -0.290716 0.233309 0 2
23.5209 0.539607 -0.292438 0.233307 0 2
23.6148 0.539222 -0.293833 0.233301 0 2
23.722 0.53884 -0.295176 0.233295 0 2
23.8166 0.538515 -0.296331 0.233295 0 2
23.9136 0.538184 -0.297453 0.233295 0 2
24.0264 0.537802 -0.298615 0.233223 0 3
24.1231 0.537556 -0.299471 0.233247 0 3
24.2243 0.537354 -0.300179 0.23322 0 3
24.3265 0.537146 -0.300836 0.2332 0 3
24.4218 0.537046 -0.301212 0.2332 0 3
24.5198 0.53693 -0.301571 0.233192 0 3
24.625 0.53688 -0.301786 0.233193 0 3
24.7198 0.536862 -0.301872 0.233183 0 3
24.835 0.536873 -0.301899 0.233203 0 3
24.9328 0.536901 -0.301907 0.233233 0 3
25.0331 0.536923 -0.301894 0.233319 0 3
25.1339 0.536938 -0.301937 0.233575 0 3
25.2318 0.536933 -0.302008 0.234022 0 3
25.3323 0.536949 -0.302052 0.234466 0 3
25.4403 0.536967 -0.302109 0.235056 0 3
25.5389 0.53696 -0.302161 0.235675 0 3
25.6433 0.536951 -0.302246 0.236341 0 3
25.7311 0.536962 -0.302326 0.236965 0 3
25.8372 0.536953 -0.302412 0.237771 0 3
25.9797 0.536961 -0.302525 0.238944 0 3
26.0998 0.536968 -0.302639 0.239968 0 3
26.1933 0.536957 -0.302723 0.24087 0 3
26.2876 0.53696 -0.302808 0.241705 0 3
26.3862 0.536968 -0.302931 0.242556 0 3
26.4862 0.536981 -0.302966 0.243452 0 3
26.5884 0.536979 -0.303107 0.244353 0 3
26.6756 0.536938 -0.303202 0.245091 0 3
26.7655 0.536976 -0.303238 0.245893 0 3
26.8609 0.536941 -0.30332 0.246623 0 3
26.9698 0.536915 -0.303405 0.247499 0 3
27.0601 0.536899 -0.303489 0.248104 0 4
27.164 0.536888 -0.303558 0.248797 0 4
27.2559 0.536893 -0.303613 0.249374 0 4
27.3522 0.536883 -0.303655 0.24986 0 4
27.4443 0.53688 -0.30369 0.250288 0 4
27.5541 0.536872 -0.303743 0.25067 0 4
27.6574 0.536853 -0.30375 0.25093 0 4
27.7628 0.536832 -0.303789 0.25104 0 4
27.8489 0.536824 -0.303821 0.251131 0 4
27.9648 0.536839 -0.303798 0.251113 0 4
28.0553 0.536839 -0.303782 0.251103 0 4
28.1572 0.536828 -0.303335 0.25089 0 4
28.2495 0.536843 -0.302669 0.250522 0 4
28.3493 0.536909 -0.301746 0.250054 0 4
28.443 0.536996 -0.300667 0.249601 0 4
28.5459 0.537105 -0.299229 0.248956 0 4
28.6398 0.53717 -0.297761 0.248264 0 4
28.7487 0.537216 -0.296052 0.247458 0 4
28.8388 0.537267 -0.294546 0.246738 0 4
28.9371 0.537332 -0.292653 0.245898 0 4
29.0613 0.537456 -0.290197 0.244753 0 4
29.1728 0.537514 -0.287889 0.243692 0 4
29.2777 0.537507 -0.285777 0.242729 0 4
29.3679 0.537465 -0.283888 0.241819 0 4
29.4527 0.537543 -0.281894 0.240908 0 4
29.548 0.537551 -0.279826 0.239972 0 4
29.6544 0.537484 -0.277695 0.238825 0 4
29.7557 0.537512 -0.275534 0.237918 0 4
29.857 0.537535 -0.273319 0.236973 0 4
29.9697 0.537443 -0.2712 0.235925 0 4
30.0656 0.537398 -0.269466 0.235112 0 4
30.1714 0.537318 -0.26769 0.234229 0 4
30.2691 0.53728 -0.266147 0.233504 0 4
30.3563 0.537233 -0.264921 0.232964 0 4
30.4653 0.537157 -0.263582 0.232308 0 4
30.5655 0.537078 -0.262588 0.231829 0 4
30.6689 0.537027 -0.261722 0.231463 0 4
30.7782 0.536969 -0.261132 0.23116 0 5
30.8784 0.537003 -0.260822 0.231062 0 5
30.9981 0.537025 -0.260761 0.231076 0 5
31.0751 0.537219 -0.261387 0.231332 0 5
31.1803 0.53759 -0.262945 0.232017 0 5
31.2763 0.537641 -0.263036 0.232141 0 5
31.3808 0.537786 -0.263493 0.232746 0 5
31.4846 0.537812 -0.263509 0.232722 0 5
31.584 0.53794 -0.263938 0.231822 0 5
31.6962 0.537948 -0.263929 0.231956 0 5
31.791 0.538108 -0.263964 0.232617 0 5
31.9015 0.5381 -0.263978 0.232555 0 5
31.9832 0.538159 -0.264443 0.232128 0 5
32.0926 0.53814 -0.264395 0.232235 0 5
32.1906 0.538292 -0.264647 0.231729 0 5
32.3054 0.538356 -0.264696 0.231659 0 5
32.3892 0.538496 -0.265059 0.23103 0 5
32.5059 0.538589 -0.265361 0.230564 0 5
32.6141 0.538805 -0.266165 0.229852 0 5
32.6889 0.538801 -0.266254 0.229737 0 5
32.8132 0.538982 -0.266643 0.22914 0 5
32.9071 0.539301 -0.267449 0.227857 0 5
33.019 0.539335 -0.267467 0.227879 0 5
33.1091 0.539765 -0.268215 0.22717 0 5
33.2344 0.539753 -0.268218 0.227164 0 5
33.3248 0.539952 -0.268617 0.226867 0 5
33.4278 0.540117 -0.26914 0.226529 0 5
33.5176 0.540314 -0.269684 0.226364 0 5
33.6368 0.540486 -0.270225 0.2263 0 5
33.7237 0.540637 -0.270693 0.225604 0 5
33.8252 0.540669 -0.270711 0.225704 0 5
33.9082 0.541089 -0.271471 0.225246 0 5
34.035 0.541104 -0.271556 0.225205 0 5
34.1183 0.541215 -0.271753 0.225079 0 5
34.2308 0.541279 -0.271989 0.22479 0 5
34.3236 0.541384 -0.272582 0.224097 0 5
34.4359 0.541376 -0.272579 0.224169 0 5
34.5192 0.541577 -0.273052 0.222956 0 5
34.6494 0.541622 -0.273144 0.222865 0 5
34.7461 0.541823 -0.273747 0.222741 0 5
34.8651 0.541779 -0.273722 0.222713 0 5
34.9666 0.541906 -0.274155 0.22248 0 5
35.0646 0.541991 -0.274662 0.222183 0 5
35.2002 0.542047 -0.274903 0.22214 0 5
35.3056 0.542052 -0.275288 0.222164 0 5
35.4071 0.542051 -0.275334 0.222214 0 5
35.5145 0.542069 -0.275907 0.22278 0 5
35.6408 0.542094 -0.275869 0.222774 0 5
35.7397 0.542167 -0.276184 0.223231 0 5
35.8604 0.542173 -0.276166 0.223211 0 6
35.9477 0.542274 -0.276634 0.223788 0 6
36.0951 0.54228 -0.276599 0.22377 0 6
36.1839 0.541944 -0.276568 0.224029 0 6
36.2996 0.541923 -0.276565 0.224019 0 6
36.3918 0.541785 -0.276503 0.224174 0 6
36.5062 0.541763 -0.276527 0.224121 0 6
36.6042 0.541683 -0.276472 0.224071 0 6
36.7489 0.541694 -0.276501 0.224089 0 6
36.8549 0.541691 -0.276484 0.224082 0 6
36.9556 0.541695 -0.276472 0.224088 0 6
37.0478 0.541703 -0.27647 0.2241 0 6
37.1316 0.541699 -0.276486 0.224105 0 6
37.2195 0.541694 -0.276483 0.224097 0 6
37.3274 0.541684 -0.276486 0.224086 0 6
