30.6689 30.6689 0 0 5
30.7782 30.6689 0 0.109245 5
30.8784 30.6689 0.109245 0.209466 5
30.9981 30.6689 0.209466 0.329197 5
31.0751 30.6689 0.329197 0.406164 5
31.1803 30.6689 0.406164 0.511374 5
31.2763 30.6689 0.511374 0.607378 5
31.3808 30.6689 0.607378 0.711892 5
31.4846 30.6689 0.711892 0.815712 5
31.584 30.6689 0.815712 0.915089 5
31.6962 30.6689 0.915089 1.02731 5
31.791 30.6689 1.02731 1.12203 5
31.9015 30.6689 1.12203 1.23252 5
31.9832 30.6689 1.23252 1.31428 5
32.0926 30.6689 1.31428 1.42364 5
32.1906 30.6689 1.42364 1.52168 5
32.3054 30.6689 1.52168 1.63646 5
32.3892 30.6689 1.63646 1.72026 5
32.5059 30.6689 1.72026 1.83696 5
32.6141 30.6689 1.83696 1.94519 5
32.6889 30.6689 1.94519 2.01995 5
32.8132 30.6689 2.01995 2.14429 5
32.9071 30.6689 2.14429 2.23817 5
33.019 30.6689 2.23817 2.35012 5
33.1091 30.6689 2.35012 2.44015 5
33.2344 30.6689 2.44015 2.56543 5
33.3248 30.6689 2.56543 2.65585 5
33.4278 30.6689 2.65585 2.75887 5
33.5176 30.6689 2.75887 2.84868 5
33.6368 30.6689 2.84868 2.96785 5
33.7237 30.6689 2.96785 3.05477 5
33.8252 30.6689 3.05477 3.15629 5
33.9082 30.6689 3.15629 3.23925 5
34.035 30.6689 3.23925 3.36611 5
34.1183 30.6689 3.36611 3.44935 5
34.2308 30.6689 3.44935 3.56186 5
34.3236 30.6689 3.56186 3.65472 5
34.4359 30.6689 3.65472 3.76695 5
34.5192 30.6689 3.76695 3.85024 5
34.6494 30.6689 3.85024 3.98044 5
34.7461 30.6689 3.98044 4.07722 5
34.8651 30.6689 4.07722 4.19617 5
34.9666 30.6689 4.19617 4.29763 5
35.0646 30.6689 4.29763 4.39572 5
35.2002 30.6689 4.39572 4.53125 5
35.3056 30.6689 4.53125 4.6367 5
35.4071 30.6689 4.6367 4.73818 5
35.5145 30.6689 4.73818 4.8456 5
35.6408 30.6689 4.8456 4.97191 5
35.7397 30.6689 4.97191 5.07077 5
