0.000189304 0.251659 0.195781 -0.0736641 0
0.0921493 0.251615 0.195771 -0.0745258 0
0.202148 0.251732 0.19579 -0.0745092 0
0.316989 0.251662 0.195646 -0.0738185 0
0.409911 0.251645 0.19569 -0.0732198 0
0.512363 0.251578 0.195815 -0.0740297 0
0.607368 0.251597 0.19575 -0.0728695 0
0.71196 0.251637 0.195813 -0.0736807 0
0.786476 0.251537 0.19564 -0.0735137 0
0.88822 0.251541 0.195688 -0.0735443 0
0.986168 0.251634 0.195725 -0.0743115 0
1.08124 0.251609 0.195748 -0.074785 0
1.16901 0.25162 0.195732 -0.0741599 0
1.28354 0.251629 0.195764 -0.0748835 0
1.38554 0.251652 0.19582 -0.075495 0
1.47292 0.25165 0.195768 -0.0739895 0
1.58735 0.251579 0.195654 -0.0737035 0
1.71034 0.251577 0.195672 -0.0743053 0
1.81595 0.251588 0.1957 -0.0745969 0
1.95867 0.251708 0.195699 -0.0740088 0
2.09426 0.251601 0.195731 -0.0747112 0
2.249 0.251601 0.195695 -0.0741356 0
2.35748 0.251689 0.195783 -0.0747839 0
2.48016 0.25165 0.195714 -0.0738904 0
2.60801 0.251662 0.195812 -0.0754134 0
2.73173 0.251635 0.195709 -0.073542 0
2.8524 0.251577 0.195782 -0.074077 0
2.97343 0.251601 0.19576 -0.0738862 0
3.09208 0.251674 0.195803 -0.0740787 0
3.21843 0.251647 0.195744 -0.0751081 0
3.34827 0.251659 0.195667 -0.0743106 0
3.48969 0.251596 0.195791 -0.074435 0
3.61453 0.251625 0.195689 -0.074471 0
3.7283 0.251663 0.195798 -0.0745995 0
3.83221 0.251682 0.195689 -0.0736871 0
3.95102 0.251596 0.195648 -0.0735138 0
4.08183 0.251626 0.195771 -0.0745759 0
4.20511 0.251668 0.195798 -0.0744989 0
4.32329 0.25168 0.195787 -0.0747414 0
4.45029 0.251695 0.195743 -0.0747832 0
4.56291 0.251677 0.195773 -0.074849 0
4.6995 0.251687 0.195786 -0.0742585 0
4.84331 0.251626 0.195706 -0.0739844 0
4.96571 0.251629 0.195723 -0.0743062 0
5.11656 0.251606 0.195801 -0.0754715 0
5.23889 0.25164 0.195764 -0.0750579 0
5.38618 0.251511 0.195632 -0.0739618 0
5.50912 0.251668 0.195763 -0.0753644 0
5.65132 0.251619 0.195729 -0.0754292 0
5.80401 0.251657 0.195756 -0.0744405 0
5.93992 0.251619 0.19575 -0.0746141 0
6.08401 0.251607 0.195782 -0.0741116 0
6.2047 0.251608 0.195726 -0.0744926 0
6.30887 0.251578 0.195722 -0.0747478 0
6.45038 0.251553 0.195755 -0.0740843 0
6.57738 0.251613 0.195793 -0.0747075 0
6.71611 0.251674 0.195848 -0.0750094 0
6.79578 0.251674 0.195785 -0.074726 0
6.92953 0.252016 0.196108 -0.0742864 0
7.06043 0.252005 0.196264 -0.0740632 0
7.18667 0.252285 0.196548 -0.0745436 0
7.31082 0.252154 0.19659 -0.0739718 0
7.41599 0.252106 0.196804 -0.0742589 0
7.54003 0.252438 0.197185 -0.0733595 0
7.65157 0.252618 0.197417 -0.0734512 0
7.79062 0.252972 0.197815 -0.0724611 0
7.91087 0.253341 0.198338 -0.0720754 0
8.02133 0.253293 0.19847 -0.0702941 0
8.15277 0.253567 0.199017 -0.069902 0
8.26304 0.253559 0.199234 -0.0697395 0
8.3821 0.253113 0.199521 -0.0678268 0
8.50875 0.253454 0.199723 -0.0658286 0
8.6602 0.251932 0.200201 -0.0668915 0
8.75296 0.254891 0.199873 -0.0621878 0
8.87959 0.253774 0.200228 -0.0609698 0
8.97283 0.253215 0.200345 -0.0596244 0
9.10595 0.252241 0.200109 -0.0592484 0
9.22742 0.25211 0.2006 -0.0589553 0
9.33688 0.253745 0.201134 -0.0559791 0
9.4699 0.251975 0.202032 -0.0609818 0
9.58523 0.254187 0.202941 -0.0613048 0
9.70471 0.25351 0.203038 -0.060935 0
9.80077 0.253886 0.203307 -0.0594471 0
9.92376 0.254465 0.203135 -0.057924 0
10.0822 0.254961 0.203142 -0.0544561 0
10.1728 0.254451 0.203362 -0.0535468 0
10.2999 0.254107 0.203342 -0.0522029 0
10.4214 0.254691 0.203481 -0.0500641 0
10.5576 0.253612 0.203405 -0.0495565 0
10.6651 0.254331 0.20345 -0.0488652 0
10.7995 0.25358 0.203291 -0.0472442 0
10.925 0.25504 0.20348 -0.044738 0
11.0596 0.254296 0.203277 -0.04425 0
11.184 0.255043 0.203679 -0.044542 1
11.3011 0.254489 0.203225 -0.0422941 1
11.4364 0.254464 0.203472 -0.0425907 1
11.5511 0.254939 0.203645 -0.0419994 1
11.6763 0.255029 0.203347 -0.0408233 1
11.8143 0.255065 0.203122 -0.0397124 1
11.9181 0.25486 0.203423 -0.0404544 1
12.0312 0.254917 0.203283 -0.0404315 1
12.1508 0.256788 0.203569 -0.0393183 1
12.2819 0.257424 0.204034 -0.0395202 1
12.3878 0.259338 0.204742 -0.038314 1
12.5004 0.262355 0.204811 -0.0367647 1
12.6336 0.264025 0.205438 -0.0379084 1
12.7582 0.269093 0.20662 -0.0366823 1
12.8672 0.272901 0.206728 -0.0348697 1
12.975 0.277003 0.207661 -0.0342988 1
13.1003 0.281194 0.208687 -0.0326415 1
13.2216 0.286615 0.20899 -0.0305306 1
13.3356 0.292084 0.209745 -0.0305176 1
13.4659 0.299463 0.210464 -0.0270592 1
13.5846 0.306949 0.211288 -0.0258846 1
13.7115 0.31428 0.211906 -0.0248398 1
13.8267 0.321103 0.211957 -0.0232386 1
13.9576 0.32676 0.21256 -0.0241519 1
14.0865 0.336037 0.212431 -0.0222149 1
14.1984 0.3458 0.213027 -0.0212116 1
14.3332 0.355461 0.213093 -0.0193288 1
14.4471 0.36277 0.212822 -0.0180593 1
14.5639 0.370331 0.212253 -0.0177735 1
14.685 0.37729 0.211928 -0.0176262 1
14.8083 0.38517 0.211868 -0.0174954 1
14.9537 0.395222 0.210809 -0.0154891 1
15.0781 0.405909 0.209014 -0.0151906 1
15.2151 0.407788 0.208811 -0.0170107 1
15.3282 0.423805 0.207362 -0.0189057 1
15.4546 0.431589 0.206539 -0.0178213 1
15.5851 0.436577 0.205234 -0.0178859 1
15.7103 0.444862 0.204051 -0.0195552 1
15.8356 0.452722 0.202506 -0.0185956 1
15.9606 0.45933 0.20137 -0.0201722 1
16.0847 0.46285 0.200085 -0.0198638 1
16.1919 0.467602 0.199397 -0.0224424 1
16.3285 0.471986 0.19819 -0.0227769 1
16.4502 0.474656 0.197717 -0.0243341 1
16.5748 0.477161 0.19702 -0.0255527 2
16.7039 0.479024 0.196533 -0.0276356 2
16.8349 0.480036 0.196318 -0.0281904 2
16.9574 0.480493 0.196196 -0.0276718 2
17.0858 0.481018 0.195918 -0.0288402 2
17.2249 0.480664 0.195565 -0.0259164 2
17.3321 0.480774 0.194932 -0.0276013 2
17.4471 0.481059 0.194202 -0.0278458 2
17.5744 0.481484 0.193398 -0.0264323 2
17.7046 0.481919 0.191696 -0.0244187 2
17.829 0.482752 0.190166 -0.0254945 2
17.948 0.483018 0.188279 -0.0240765 2
18.0787 0.483715 0.186515 -0.026207 2
18.2044 0.48453 0.18463 -0.0251692 2
18.3298 0.485051 0.18253 -0.0272718 2
18.4623 0.486285 0.179888 -0.0253175 2
18.5916 0.48669 0.176785 -0.025822 2
18.7002 0.487068 0.174085 -0.0265111 2
18.8276 0.488236 0.171135 -0.0243503 2
18.9501 0.489102 0.167729 -0.0238978 2
19.0725 0.490001 0.164206 -0.0235475 2
19.1941 0.490962 0.160957 -0.0223205 2
19.3081 0.491868 0.158063 -0.0259612 2
19.4434 0.49272 0.153188 -0.0241347 2
19.5499 0.494033 0.149846 -0.0231839 2
19.6854 0.495239 0.146067 -0.0229796 2
19.8041 0.495426 0.140857 -0.0239398 2
19.9198 0.496588 0.137156 -0.0252666 2
20.0477 0.497988 0.132177 -0.0243596 2
20.1718 0.49953 0.127915 -0.0221047 2
20.3091 0.499719 0.122206 -0.0255423 2
20.4713 0.501123 0.115656 -0.0236697 2
20.6031 0.50254 0.110426 -0.0236708 2
20.7307 0.501944 0.104906 -0.0258236 2
20.8565 0.503661 0.0989882 -0.0238808 2
20.985 0.505293 0.0935381 -0.0264715 2
21.11 0.506491 0.0878831 -0.023475 2
21.2476 0.507597 0.0812901 -0.0227745 2
21.3837 0.507817 0.0747943 -0.0218135 2
21.4911 0.508277 0.0696677 -0.0221671 2
21.6261 0.510154 0.0631196 -0.0202783 2
21.743 0.509526 0.0567243 -0.0244103 2
21.8511 0.511699 0.0525934 -0.0193332 2
21.9748 0.510634 0.0455168 -0.0207494 2
22.0824 0.511909 0.0404606 -0.0189454 2
22.2262 0.511703 0.0331497 -0.0226266 2
22.3422 0.512792 0.0265408 -0.0171709 2
22.4777 0.512718 0.0206312 -0.020363 2
22.6251 0.512304 0.01248 -0.0199573 2
22.7577 0.51231 0.00566244 -0.0207186 2
22.8824 0.513019 -0.000859469 -0.0197567 2
23.0189 0.512697 -0.00863221 -0.0228741 2
23.1458 0.514853 -0.0147003 -0.0177719 2
23.2747 0.512809 -0.0213932 -0.0220264 2
23.4031 0.512639 -0.0286722 -0.0219333 2
23.5423 0.512215 -0.0358985 -0.0231865 2
23.6694 0.513242 -0.0426842 -0.0221921 2
23.8072 0.511801 -0.0501634 -0.0213206 2
23.9243 0.511066 -0.0561988 -0.025419 2
24.0403 0.511177 -0.0617553 -0.0255376 2
24.1665 0.509499 -0.0682165 -0.0290281 2
24.2561 0.509388 -0.0725282 -0.030078 2
24.3911 0.509132 -0.0797756 -0.028702 2
24.5599 0.50721 -0.0903259 -0.0269073 2
24.6889 0.506811 -0.0960179 -0.0270404 2
24.8153 0.504997 -0.10175 -0.0277731 2
24.9392 0.503755 -0.107783 -0.0247575 2
25.0383 0.502686 -0.112017 -0.0208451 2
25.1853 0.501383 -0.117713 -0.0192327 2
25.2982 0.499626 -0.122659 -0.0195146 2
25.4426 0.498956 -0.130342 -0.0217725 2
25.5695 0.497638 -0.134753 -0.0199527 2
25.6613 0.496682 -0.137325 -0.0228432 2
25.7938 0.495128 -0.142752 -0.0248561 2
25.9072 0.494478 -0.147559 -0.0261459 2
26.0345 0.493285 -0.15275 -0.027612 2
26.1556 0.491737 -0.157039 -0.0271394 2
26.282 0.489977 -0.161677 -0.029053 2
26.4098 0.488419 -0.16567 -0.0266466 2
26.5349 0.487387 -0.170392 -0.0254338 2
26.6661 0.486094 -0.174966 -0.0251078 2
26.7952 0.484485 -0.178074 -0.0264392 2
26.9189 0.483662 -0.182369 -0.0276955 2
27.0116 0.483158 -0.185438 -0.0302612 2
27.1488 0.481173 -0.18894 -0.030069 2
27.2741 0.480268 -0.192668 -0.0307964 2
27.3974 0.478576 -0.19469 -0.0325702 2
27.5064 0.477259 -0.197519 -0.0303876 2
27.6281 0.476783 -0.199193 -0.0307316 2
27.7589 0.475296 -0.201618 -0.0308409 2
27.8831 0.474195 -0.203555 -0.0306553 2
28.0015 0.473379 -0.204719 -0.0291343 2
28.1162 0.472597 -0.206545 -0.0276331 2
28.252 0.472182 -0.208436 -0.0273302 2
28.3702 0.47177 -0.209731 -0.0277597 3
28.4987 0.471692 -0.210902 -0.028846 3
28.6082 0.471275 -0.210955 -0.0279784 3
28.7253 0.470983 -0.211314 -0.0276503 3
28.8484 0.471003 -0.211303 -0.0288033 3
29.0266 0.470405 -0.2115 -0.0290838 3
29.1406 0.470086 -0.211681 -0.0296839 3
29.2618 0.470428 -0.211712 -0.0291799 3
29.3754 0.470125 -0.211419 -0.0298633 3
29.4933 0.470485 -0.211555 -0.0293278 3
29.604 0.47041 -0.21153 -0.0295442 3
29.7172 0.470368 -0.21177 -0.0290242 3
29.8557 0.470005 -0.211882 -0.0290819 3
29.9666 0.470411 -0.212208 -0.0293451 3
30.1199 0.470118 -0.212477 -0.0291603 3
30.232 0.469964 -0.212946 -0.029443 3
30.3771 0.470152 -0.212985 -0.029066 3
30.4837 0.469887 -0.212735 -0.0283642 3
30.5812 0.469943 -0.212709 -0.027563 3
30.6872 0.469759 -0.213228 -0.0278239 3
30.8169 0.469877 -0.213404 -0.0278088 3
30.94 0.469505 -0.214076 -0.0255562 3
31.0501 0.469595 -0.214201 -0.0261672 3
31.1818 0.469908 -0.214354 -0.0254387 3
31.3159 0.470299 -0.21433 -0.0221769 4
31.4294 0.470176 -0.214681 -0.0212112 4
31.5506 0.469425 -0.21455 -0.0233324 4
31.6752 0.46972 -0.215058 -0.0224098 4
31.8176 0.470201 -0.215131 -0.0211163 4
31.9398 0.470337 -0.215344 -0.0196148 4
32.0611 0.470197 -0.215946 -0.0191822 4
32.1885 0.469635 -0.215775 -0.0200963 4
32.2827 0.469983 -0.216161 -0.0174205 4
32.3762 0.469393 -0.215922 -0.0198613 4
32.4859 0.4705 -0.215007 -0.017944 4
32.6368 0.469384 -0.213765 -0.0212743 4
32.759 0.470094 -0.211374 -0.0193231 4
32.8447 0.470544 -0.210308 -0.019464 4
32.9552 0.470383 -0.208869 -0.0222626 4
33.0915 0.470492 -0.205675 -0.0220553 4
33.2218 0.470335 -0.203065 -0.0225331 4
33.3487 0.470498 -0.199576 -0.0241869 4
33.4743 0.471316 -0.196407 -0.0211266 4
33.5969 0.470921 -0.193666 -0.0250718 4
33.7244 0.471225 -0.190356 -0.0248357 4
33.841 0.470812 -0.18811 -0.0264453 4
33.9707 0.471122 -0.18599 -0.0287581 4
34.101 0.47146 -0.182665 -0.0296272 4
34.2135 0.47172 -0.180467 -0.0297536 4
34.3527 0.471171 -0.177298 -0.0294653 4
34.4855 0.471638 -0.176424 -0.0310315 4
34.5986 0.471457 -0.173496 -0.0301646 4
34.7019 0.471228 -0.17152 -0.0284831 4
34.8213 0.470613 -0.169948 -0.0290099 4
34.9508 0.470803 -0.169795 -0.0291986 4
35.0794 0.470361 -0.168944 -0.0282386 5
35.2353 0.470153 -0.168313 -0.0281442 5
35.3793 0.469985 -0.168738 -0.0271561 5
35.5147 0.470019 -0.170959 -0.0274174 5
35.6295 0.47017 -0.170841 -0.0264121 5
35.7399 0.470029 -0.170913 -0.0270619 5
35.8735 0.470488 -0.171337 -0.0274218 5
36.0087 0.470109 -0.171601 -0.0282919 5
36.1235 0.470332 -0.171772 -0.028305 5
36.2422 0.470622 -0.172129 -0.0280497 5
36.373 0.470321 -0.171939 -0.0278546 5
36.4858 0.470172 -0.171486 -0.0277003 5
36.6248 0.470324 -0.17207 -0.0286433 5
36.7172 0.470414 -0.172097 -0.0288377 5
36.8769 0.470687 -0.171775 -0.0276667 5
36.9984 0.470566 -0.17189 -0.0283156 5
37.1076 0.470545 -0.171687 -0.0292015 5
37.2167 0.470031 -0.172295 -0.0293473 5
37.3413 0.470232 -0.171554 -0.0291077 5
37.466 0.470585 -0.171652 -0.0282949 5
37.6133 0.470516 -0.171926 -0.0289819 5
37.7207 0.47097 -0.172807 -0.0290385 5
37.8405 0.470746 -0.172541 -0.0293198 5
37.9649 0.470777 -0.172922 -0.0289896 5
38.0806 0.470926 -0.172841 -0.0297558 5
38.1794 0.471125 -0.172901 -0.0291818 5
38.3071 0.470896 -0.173011 -0.0297497 5
38.4261 0.47076 -0.173187 -0.0305625 5
38.5734 0.471365 -0.173211 -0.0305148 5
38.682 0.471377 -0.173915 -0.0307322 5
38.8426 0.471263 -0.173381 -0.0309359 5
38.9703 0.471293 -0.173645 -0.0314424 5
39.0711 0.471734 -0.17404 -0.030676 5
39.1726 0.471585 -0.174667 -0.03081 5
39.3148 0.472082 -0.1746 -0.0299216 5
39.4179 0.472268 -0.174478 -0.0308618 5
39.5556 0.471991 -0.174354 -0.0321601 5
39.6696 0.472441 -0.173931 -0.0309553 5
39.7833 0.47275 -0.174516 -0.0328732 5
39.8906 0.472464 -0.174591 -0.0341647 5
40.0216 0.472803 -0.174598 -0.033692 5
40.1337 0.473081 -0.174801 -0.0329591 5
40.2658 0.473076 -0.174844 -0.0330822 5
40.3905 0.473166 -0.174897 -0.0323939 5
40.5081 0.473158 -0.174202 -0.0329545 5
40.6249 0.473532 -0.175602 -0.0333837 5
40.7709 0.47348 -0.175017 -0.033299 5
40.8698 0.473346 -0.175189 -0.0326766 5
40.9931 0.473263 -0.175204 -0.0327881 5
41.099 0.473312 -0.175471 -0.0327952 5
41.2343 0.473341 -0.175036 -0.0330221 5
41.3601 0.473393 -0.175081 -0.0328286 5
41.4776 0.473385 -0.175103 -0.0333398 5
41.5669 0.473511 -0.175694 -0.0325569 5
41.6981 0.4735 -0.175939 -0.0337895 5
41.8028 0.473341 -0.176202 -0.0341906 5
41.9344 0.472933 -0.175703 -0.0338141 5
42.0256 0.472869 -0.176459 -0.0342495 5
42.1619 0.472919 -0.175839 -0.0339643 5
42.2688 0.472295 -0.17615 -0.0346329 5
