0.000189304 0.381197 0.195891 -0.0707835 0
0.0921493 0.381165 0.195848 -0.0705018 0
0.202148 0.381245 0.19585 -0.0704985 0
0.316989 0.381203 0.195814 -0.0710338 0
0.409911 0.381096 0.195799 -0.0696543 0
0.512363 0.381198 0.195872 -0.0707124 0
0.607368 0.381106 0.195879 -0.0703932 0
0.71196 0.38124 0.195906 -0.0703665 0
0.786476 0.381138 0.195732 -0.0698507 0
0.88822 0.381155 0.195797 -0.070511 0
0.986168 0.381219 0.195763 -0.0702368 0
1.08124 0.381179 0.195814 -0.0713554 0
1.16901 0.381197 0.195792 -0.070799 0
1.28354 0.381158 0.195824 -0.070626 0
1.38554 0.381188 0.195922 -0.0717646 0
1.47292 0.381192 0.195824 -0.0707375 0
1.58735 0.381156 0.1957 -0.0698912 0
1.71034 0.381139 0.195769 -0.0710327 0
1.81595 0.381241 0.195754 -0.0708075 0
1.95867 0.38124 0.195837 -0.0711368 0
2.09426 0.381133 0.19587 -0.0710958 0
2.249 0.381098 0.195787 -0.0704762 0
2.35748 0.381275 0.195913 -0.0710955 0
2.48016 0.381183 0.195784 -0.0699928 0
2.60801 0.381199 0.195863 -0.0710998 0
2.73173 0.381133 0.195825 -0.0704929 0
2.8524 0.381201 0.195848 -0.0704639 0
2.97343 0.38116 0.195843 -0.0708478 0
3.09208 0.381217 0.195866 -0.0704131 0
3.21843 0.381207 0.195815 -0.0716414 0
3.34827 0.381156 0.195797 -0.0705221 0
3.48969 0.381166 0.195845 -0.0706058 0
3.61453 0.381191 0.195756 -0.0704357 0
3.7283 0.381226 0.195829 -0.0705883 0
3.83221 0.381195 0.195832 -0.0706346 0
3.95102 0.381165 0.195744 -0.0702563 0
4.08183 0.38128 0.195816 -0.0709343 0
4.20511 0.381205 0.195863 -0.0704347 0
4.32329 0.38115 0.195793 -0.0704733 0
4.45029 0.381181 0.195819 -0.0708021 0
4.56291 0.381303 0.195863 -0.0714832 0
4.6995 0.381257 0.195881 -0.0707846 0
4.84331 0.381248 0.195811 -0.0707044 0
4.96571 0.381159 0.195759 -0.0709905 0
5.11656 0.381172 0.195813 -0.0709759 0
5.23889 0.38123 0.195779 -0.0711275 0
5.38618 0.381053 0.195683 -0.0701946 0
5.50912 0.381155 0.195817 -0.0707684 0
5.65132 0.381244 0.19575 -0.0713453 0
5.80401 0.381216 0.19582 -0.0709599 0
5.93992 0.38118 0.195806 -0.0708963 0
6.08401 0.381183 0.195914 -0.0709351 0
6.2047 0.381193 0.195839 -0.0713336 0
6.30887 0.381036 0.195791 -0.069668 0
6.45038 0.381083 0.195808 -0.0699511 0
6.57738 0.381208 0.195907 -0.0714093 0
6.71611 0.381185 0.195853 -0.0710036 0
6.79578 0.381237 0.195901 -0.0713025 0
6.92953 0.381545 0.196204 -0.0706514 0
7.06043 0.381626 0.196394 -0.0712743 0
7.18667 0.381852 0.196649 -0.0704344 0
7.31082 0.381879 0.196731 -0.0711607 0
7.41599 0.381844 0.196941 -0.0704391 0
7.54003 0.382125 0.197251 -0.0696049 0
7.65157 0.3823 0.1975 -0.0689523 0
7.79062 0.382548 0.197953 -0.0687513 0
7.91087 0.383085 0.198348 -0.0676046 0
8.02133 0.383402 0.198656 -0.0679046 0
8.15277 0.383598 0.199065 -0.0665049 0
8.26304 0.38376 0.199225 -0.0656551 0
8.3821 0.383896 0.199706 -0.0636953 0
8.50875 0.384379 0.200285 -0.0633736 0
8.6602 0.38466 0.200608 -0.0631269 0
8.75296 0.384595 0.200821 -0.0608001 0
8.87959 0.384241 0.201212 -0.0593196 0
8.97283 0.38454 0.20133 -0.0562395 0
9.10595 0.384329 0.201584 -0.0571531 0
9.22742 0.384947 0.201677 -0.0545826 0
9.33688 0.385241 0.201655 -0.0501975 0
9.4699 0.385352 0.202323 -0.0515084 0
9.58523 0.385683 0.202717 -0.0526361 0
9.70471 0.385812 0.202823 -0.0519677 0
9.80077 0.386042 0.202939 -0.048986 0
9.92376 0.385961 0.202913 -0.0486006 0
10.0822 0.385968 0.203156 -0.0461987 0
10.1728 0.385789 0.203347 -0.0453142 0
10.2999 0.385754 0.203382 -0.0446034 0
10.4214 0.385879 0.203319 -0.0415535 0
10.5576 0.38545 0.203349 -0.0415649 0
10.6651 0.385313 0.203325 -0.0403944 0
10.7995 0.385354 0.203376 -0.0389139 0
10.925 0.385562 0.203414 -0.0374678 0
11.0596 0.385556 0.203245 -0.0371684 0
11.184 0.385605 0.20347 -0.0368999 1
11.3011 0.385344 0.203112 -0.0354452 1
11.4364 0.385356 0.203093 -0.0355126 1
11.5511 0.38545 0.203173 -0.0345591 1
11.6763 0.38504 0.202866 -0.035557 1
11.8143 0.384867 0.202734 -0.0345265 1
11.9181 0.385137 0.203014 -0.0343546 1
12.0312 0.385374 0.202864 -0.0353387 1
12.1508 0.38722 0.203145 -0.0344631 1
12.2819 0.389118 0.203669 -0.0341141 1
12.3878 0.391359 0.204043 -0.0337509 1
12.5004 0.393617 0.204588 -0.0339019 1
12.6336 0.396806 0.205085 -0.0336046 1
12.7582 0.400996 0.205999 -0.0323457 1
12.8672 0.403965 0.206005 -0.0320404 1
12.975 0.409383 0.206626 -0.028758 1
13.1003 0.414109 0.20751 -0.0280663 1
13.2216 0.418617 0.207886 -0.0263338 1
13.3356 0.42449 0.208479 -0.0271942 1
13.4659 0.431179 0.209388 -0.0250754 1
13.5846 0.437962 0.209577 -0.0240919 1
13.7115 0.445745 0.210254 -0.0226382 1
13.8267 0.453965 0.210461 -0.0202979 1
13.9576 0.459382 0.211257 -0.021717 1
14.0865 0.466572 0.211232 -0.0197876 1
14.1984 0.478062 0.211712 -0.0186614 1
14.3332 0.487153 0.211812 -0.0174158 1
14.4471 0.494024 0.211185 -0.017898 1
14.5639 0.501546 0.210851 -0.0173353 1
14.685 0.507324 0.210449 -0.0168873 1
14.8083 0.51734 0.210491 -0.0146367 1
14.9537 0.526185 0.20892 -0.0157034 1
15.0781 0.535093 0.20735 -0.0157492 1
15.2151 0.537487 0.206595 -0.0186565 1
15.3282 0.554408 0.205794 -0.0183191 1
15.4546 0.561962 0.204903 -0.0174743 1
15.5851 0.568189 0.203822 -0.0178017 1
15.7103 0.577334 0.20289 -0.0140902 1
15.8356 0.58327 0.201692 -0.0151069 1
15.9606 0.58888 0.20081 -0.0159687 1
16.0847 0.593586 0.199729 -0.0154854 1
16.1919 0.597899 0.199254 -0.0174954 1
16.3285 0.60206 0.197999 -0.0178068 1
16.4502 0.605045 0.197648 -0.0182893 1
16.5748 0.607096 0.197034 -0.019018 2
16.7039 0.608425 0.196693 -0.0204633 2
16.8349 0.608991 0.196621 -0.0206722 2
16.9574 0.608955 0.196687 -0.0195882 2
17.0858 0.609053 0.196552 -0.0208577 2
17.2249 0.609486 0.196153 -0.0201218 2
17.3321 0.609445 0.195279 -0.0195207 2
17.4471 0.609623 0.19453 -0.0195693 2
17.5744 0.610142 0.193591 -0.0201281 2
17.7046 0.61058 0.192123 -0.0187466 2
17.829 0.611141 0.190607 -0.017858 2
17.948 0.611413 0.188947 -0.018576 2
18.0787 0.612056 0.18692 -0.017967 2
18.2044 0.612943 0.18507 -0.0185184 2
18.3298 0.613609 0.182675 -0.0188918 2
18.4623 0.61458 0.179867 -0.0177669 2
18.5916 0.615324 0.177126 -0.0174575 2
18.7002 0.616022 0.174535 -0.0183902 2
18.8276 0.617124 0.17154 -0.0184458 2
18.9501 0.618176 0.16771 -0.0169038 2
19.0725 0.618908 0.164757 -0.0165575 2
19.1941 0.619924 0.16146 -0.0166154 2
19.3081 0.621257 0.158076 -0.0179858 2
19.4434 0.622 0.154036 -0.0172931 2
19.5499 0.622967 0.15049 -0.0173543 2
19.6854 0.624406 0.146134 -0.0162263 2
19.8041 0.624963 0.141387 -0.0155603 2
19.9198 0.626125 0.137518 -0.0172936 2
20.0477 0.62725 0.132684 -0.0172033 2
20.1718 0.628471 0.128216 -0.0162411 2
20.3091 0.629625 0.122798 -0.0163504 2
20.4713 0.630996 0.115946 -0.0152735 2
20.6031 0.632412 0.110337 -0.0154157 2
20.7307 0.632769 0.105398 -0.0161153 2
20.8565 0.633841 0.099271 -0.0163115 2
20.985 0.634952 0.0938265 -0.0174868 2
21.11 0.63559 0.0881639 -0.0155073 2
21.2476 0.636436 0.0818005 -0.0154976 2
21.3837 0.637067 0.0755498 -0.0154497 2
21.4911 0.63798 0.0701016 -0.0157931 2
21.6261 0.638653 0.0637575 -0.0150592 2
21.743 0.639266 0.0579331 -0.0168613 2
21.8511 0.640062 0.0528155 -0.0150435 2
21.9748 0.640064 0.0465619 -0.015088 2
22.0824 0.640456 0.0412047 -0.0152572 2
22.2262 0.640874 0.0337897 -0.0161897 2
22.3422 0.641303 0.0272938 -0.0150207 2
22.4777 0.641322 0.0209569 -0.0163507 2
22.6251 0.641543 0.0128839 -0.0162988 2
22.7577 0.641564 0.00637275 -0.0162118 2
22.8824 0.641505 -6.83069e-05 -0.0165365 2
23.0189 0.641212 -0.00790116 -0.0168619 2
23.1458 0.641825 -0.0144877 -0.0150044 2
23.2747 0.641003 -0.0211619 -0.0167668 2
23.4031 0.640909 -0.0283245 -0.0162697 2
23.5423 0.640518 -0.035576 -0.0156112 2
23.6694 0.640943 -0.0419945 -0.0151617 2
23.8072 0.640107 -0.0494871 -0.0154602 2
23.9243 0.639555 -0.0553354 -0.0169657 2
24.0403 0.639837 -0.0610037 -0.0159069 2
24.1665 0.638606 -0.067683 -0.0172834 2
24.2561 0.638859 -0.0716372 -0.0181366 2
24.3911 0.638941 -0.0788772 -0.0181307 2
24.5599 0.63756 -0.0883425 -0.017847 2
24.6889 0.637034 -0.0943289 -0.0176898 2
24.8153 0.635735 -0.100087 -0.016834 2
24.9392 0.634184 -0.10593 -0.0148205 2
25.0383 0.633058 -0.110374 -0.0137435 2
25.1853 0.632481 -0.117158 -0.0108616 2
25.2982 0.630664 -0.121697 -0.0113006 2
25.4426 0.628775 -0.128806 -0.0119636 2
25.5695 0.62805 -0.133844 -0.0102014 2
25.6613 0.626413 -0.137363 -0.0101282 2
25.7938 0.62477 -0.142674 -0.0108486 2
25.9072 0.623644 -0.147655 -0.0105289 2
26.0345 0.621653 -0.152359 -0.011024 2
26.1556 0.620547 -0.157389 -0.0106691 2
26.282 0.619648 -0.161361 -0.010522 2
26.4098 0.618684 -0.165351 -0.011979 2
26.5349 0.617849 -0.170201 -0.0119394 2
26.6661 0.617095 -0.17454 -0.0134203 2
26.7952 0.616304 -0.178304 -0.0138231 2
26.9189 0.615003 -0.182231 -0.0138191 2
27.0116 0.613918 -0.184935 -0.0157406 2
27.1488 0.612877 -0.18817 -0.0148169 2
27.2741 0.611789 -0.191599 -0.0150546 2
27.3974 0.610753 -0.194192 -0.0156008 2
27.5064 0.609284 -0.196981 -0.0154706 2
27.6281 0.608064 -0.199332 -0.0155996 2
27.7589 0.607883 -0.201401 -0.016441 2
27.8831 0.605588 -0.203437 -0.0156049 2
28.0015 0.605254 -0.205298 -0.0159047 2
28.1162 0.604966 -0.206392 -0.0129678 2
28.252 0.604382 -0.208267 -0.0132277 2
28.3702 0.603892 -0.209264 -0.0124544 3
28.4987 0.602959 -0.21055 -0.0138298 3
28.6082 0.602986 -0.210637 -0.0128572 3
28.7253 0.602622 -0.21127 -0.0134927 3
28.8484 0.602599 -0.211059 -0.0133057 3
29.0266 0.602371 -0.211435 -0.0133132 3
29.1406 0.602491 -0.21155 -0.0139069 3
29.2618 0.602448 -0.211614 -0.0136287 3
29.3754 0.602582 -0.21117 -0.0132649 3
29.4933 0.602719 -0.211188 -0.01284 3
29.604 0.602388 -0.211215 -0.0139854 3
29.7172 0.602966 -0.211416 -0.0123612 3
29.8557 0.602356 -0.211626 -0.0128375 3
29.9666 0.603 -0.211757 -0.0123453 3
30.1199 0.602524 -0.211957 -0.0126233 3
30.232 0.6028 -0.212519 -0.0123818 3
30.3771 0.602889 -0.212775 -0.0123395 3
30.4837 0.602552 -0.213 -0.0113016 3
30.5812 0.602867 -0.213061 -0.0111185 3
30.6872 0.602634 -0.213311 -0.0109247 3
30.8169 0.602275 -0.213411 -0.010887 3
30.94 0.602619 -0.213716 -0.0101888 3
31.0501 0.602174 -0.214004 -0.00921167 3
31.1818 0.602334 -0.214004 -0.00822694 3
31.3159 0.601733 -0.214247 -0.00772835 4
31.4294 0.602303 -0.214326 -0.00655271 4
31.5506 0.601969 -0.214335 -0.0068031 4
31.6752 0.60198 -0.214472 -0.00601883 4
31.8176 0.601936 -0.214551 -0.00526377 4
31.9398 0.601811 -0.214321 -0.00434828 4
32.0611 0.601866 -0.214644 -0.00323332 4
32.1885 0.601806 -0.214622 -0.00368686 4
32.2827 0.602029 -0.214973 -0.004339 4
32.3762 0.601699 -0.214844 -0.00483135 4
32.4859 0.602049 -0.213498 -0.00312061 4
32.6368 0.60208 -0.212466 -0.00492193 4
32.759 0.601777 -0.21058 -0.00565656 4
32.8447 0.602619 -0.208889 -0.00593252 4
32.9552 0.602391 -0.207268 -0.00713353 4
33.0915 0.60256 -0.205029 -0.00730859 4
33.2218 0.602906 -0.202183 -0.00749899 4
33.3487 0.602992 -0.198616 -0.00756915 4
33.4743 0.602685 -0.195904 -0.00691804 4
33.5969 0.603067 -0.193005 -0.00958573 4
33.7244 0.602754 -0.190228 -0.0087547 4
33.841 0.603161 -0.187534 -0.0108933 4
33.9707 0.602891 -0.184805 -0.0122916 4
34.101 0.602557 -0.182537 -0.013749 4
34.2135 0.603146 -0.180131 -0.0132635 4
34.3527 0.60303 -0.177411 -0.0143899 4
34.4855 0.602923 -0.175814 -0.0163491 4
34.5986 0.603168 -0.173818 -0.0161248 4
34.7019 0.603415 -0.171541 -0.0146449 4
34.8213 0.602969 -0.170042 -0.0148193 4
34.9508 0.602551 -0.169392 -0.0143735 4
35.0794 0.602447 -0.168525 -0.0134702 5
35.2353 0.602131 -0.168028 -0.0131658 5
35.3793 0.601982 -0.169017 -0.0130733 5
35.5147 0.602188 -0.170379 -0.0124115 5
35.6295 0.601669 -0.170579 -0.0120503 5
35.7399 0.602594 -0.171386 -0.0130197 5
35.8735 0.602519 -0.171168 -0.0133214 5
36.0087 0.602732 -0.171644 -0.0134955 5
36.1235 0.602597 -0.171459 -0.0139484 5
36.2422 0.603078 -0.171937 -0.0129856 5
36.373 0.602628 -0.171337 -0.0129544 5
36.4858 0.603351 -0.171938 -0.0136554 5
36.6248 0.6031 -0.171636 -0.0134539 5
36.7172 0.602897 -0.172055 -0.013898 5
36.8769 0.603087 -0.17154 -0.0130354 5
36.9984 0.602718 -0.171527 -0.0131785 5
37.1076 0.60302 -0.17141 -0.0137121 5
37.2167 0.602986 -0.171359 -0.0142454 5
37.3413 0.60282 -0.171614 -0.0142021 5
37.466 0.60267 -0.171801 -0.0142093 5
37.6133 0.602369 -0.17153 -0.0154074 5
37.7207 0.603161 -0.172046 -0.0145492 5
37.8405 0.602958 -0.172056 -0.0149535 5
37.9649 0.603164 -0.172322 -0.01505 5
38.0806 0.602646 -0.172644 -0.0160497 5
38.1794 0.602369 -0.172801 -0.01646 5
38.3071 0.602948 -0.172311 -0.0165505 5
38.4261 0.6027 -0.172487 -0.0167577 5
38.5734 0.602544 -0.172247 -0.0169306 5
38.682 0.603004 -0.172708 -0.0177723 5
38.8426 0.602402 -0.172353 -0.0174623 5
38.9703 0.602098 -0.172816 -0.0185585 5
39.0711 0.60269 -0.172698 -0.0183227 5
39.1726 0.602631 -0.173814 -0.0177026 5
39.3148 0.602739 -0.173931 -0.0185371 5
39.4179 0.602623 -0.17347 -0.0186388 5
39.5556 0.602703 -0.173629 -0.019318 5
39.6696 0.60274 -0.172977 -0.0198314 5
39.7833 0.60237 -0.173549 -0.0207238 5
39.8906 0.602461 -0.173391 -0.021393 5
40.0216 0.602406 -0.173891 -0.022244 5
40.1337 0.60275 -0.174354 -0.0221424 5
40.2658 0.602755 -0.173843 -0.0218474 5
40.3905 0.602791 -0.174091 -0.0213534 5
40.5081 0.602741 -0.17399 -0.0221756 5
40.6249 0.603099 -0.174039 -0.0222153 5
40.7709 0.603083 -0.174134 -0.0219688 5
40.8698 0.603191 -0.174957 -0.0219949 5
40.9931 0.603108 -0.174488 -0.0228412 5
41.099 0.603147 -0.175189 -0.0228314 5
41.2343 0.602988 -0.174934 -0.0222327 5
41.3601 0.603024 -0.17487 -0.0217549 5
41.4776 0.603115 -0.174973 -0.023029 5
41.5669 0.60356 -0.175516 -0.0220011 5
41.6981 0.603624 -0.175272 -0.0228132 5
41.8028 0.603248 -0.175904 -0.0238507 5
41.9344 0.603098 -0.175518 -0.0228525 5
42.0256 0.603335 -0.175863 -0.0235617 5
42.1619 0.602883 -0.175381 -0.0242916 5
42.2688 0.603109 -0.175765 -0.024117 5
