0.000189304 0.310796 0.10652 0.169172 0 0
0.0921493 0.310798 0.106506 0.169159 0 0
0.202148 0.310795 0.106505 0.169186 0 0
0.316989 0.310782 0.1065 0.169155 0 0
0.409911 0.310791 0.106498 0.169168 0 0
0.512363 0.310791 0.106511 0.169168 0 0
0.607368 0.310812 0.106509 0.169185 0 0
0.71196 0.310809 0.106514 0.169184 0 0
0.786476 0.310789 0.106492 0.169144 0 0
0.88822 0.310789 0.106488 0.16915 0 0
0.986168 0.310797 0.106491 0.169168 0 0
1.08124 0.310803 0.106493 0.169164 0 0
1.16901 0.310789 0.106495 0.169168 0 0
1.28354 0.310799 0.106494 0.16917 0 0
1.38554 0.310793 0.106503 0.169166 0 0
1.47292 0.310798 0.106508 0.16918 0 0
1.58735 0.310786 0.106505 0.169151 0 0
1.71034 0.310786 0.106491 0.169153 0 0
1.81595 0.310789 0.1065 0.169151 0 0
1.95867 0.310811 0.1065 0.169182 0 0
2.09426 0.310779 0.106504 0.16915 0 0
2.249 0.310797 0.106486 0.16916 0 0
2.35748 0.310804 0.106518 0.169177 0 0
2.48016 0.310786 0.106506 0.169161 0 0
2.60801 0.310792 0.106503 0.169166 0 0
2.73173 0.310799 0.106503 0.169174 0 0
2.8524 0.31079 0.1065 0.169162 0 0
2.97343 0.310809 0.106501 0.169173 0 0
3.09208 0.310805 0.106514 0.169181 0 0
3.21843 0.310808 0.1065 0.169168 0 0
3.34827 0.310793 0.106497 0.169166 0 0
3.48969 0.310789 0.106499 0.169165 0 0
3.61453 0.310784 0.106476 0.169157 0 0
3.7283 0.310794 0.106518 0.169171 0 0
3.83221 0.3108 0.10651 0.169173 0 0
3.95102 0.31079 0.106491 0.169144 0 0
4.08183 0.3108 0.1065 0.169179 0 0
4.20511 0.310799 0.106503 0.169179 0 0
4.32329 0.310791 0.1065 0.169174 0 0
4.45029 0.310796 0.106494 0.169178 0 0
4.56291 0.310805 0.106497 0.169179 0 0
4.6995 0.310795 0.106508 0.169182 0 0
4.84331 0.310796 0.106501 0.169165 0 0
4.96571 0.310793 0.106495 0.16916 0 0
5.11656 0.31079 0.106511 0.169167 0 0
5.23889 0.310793 0.106508 0.16916 0 0
5.38618 0.310793 0.106483 0.169149 0 0
5.50912 0.31079 0.106503 0.16916 0 0
5.65132 0.310792 0.106485 0.169139 0 0
5.80401 0.31079 0.106494 0.169161 0 0
5.93992 0.310798 0.106505 0.169173 0 0
6.08401 0.310795 0.106509 0.169167 0 0
6.2047 0.310792 0.106497 0.169163 0 0
6.30887 0.310794 0.106492 0.169163 0 0
6.45038 0.310789 0.106499 0.169155 0 0
6.57738 0.310797 0.106515 0.169166 0 0
6.71611 0.310802 0.106502 0.169181 0 0
6.79578 0.310819 0.106513 0.169216 0 0
6.92953 0.310871 0.106557 0.169626 0 0
7.06043 0.310937 0.106608 0.170212 0 0
7.18667 0.31103 0.106668 0.17096 0 0
7.31082 0.31111 0.106725 0.171895 0 0
7.41599 0.311199 0.106739 0.172752 0 0
7.54003 0.311322 0.106826 0.173901 0 0
7.65157 0.311436 0.106887 0.17513 0 0
7.79062 0.31159 0.106986 0.176823 0 0
7.91087 0.311732 0.107088 0.17842 0 0
8.02133 0.311852 0.107159 0.179965 0 0
8.15277 0.312036 0.10724 0.18189 0 0
8.26304 0.312123 0.107285 0.183561 0 0
8.3821 0.312269 0.107344 0.185553 0 0
8.50875 0.312383 0.107425 0.187549 0 0
8.6602 0.31252 0.107483 0.190179 0 0
8.75296 0.312592 0.107479 0.191892 0 0
8.87959 0.312685 0.10752 0.194192 0 0
8.97283 0.312764 0.107537 0.195853 0 0
9.10595 0.312803 0.10751 0.198327 0 0
9.22742 0.312822 0.107513 0.200568 0 0
9.33688 0.312881 0.1075 0.202699 0 0
9.4699 0.312885 0.107449 0.205198 0 0
9.58523 0.31288 0.107415 0.207268 0 0
9.70471 0.312853 0.107348 0.209424 0 0
9.80077 0.312818 0.107302 0.211136 0 0
9.92376 0.312769 0.107231 0.213236 0 0
10.0822 0.312686 0.107093 0.215915 0 0
10.1728 0.312632 0.107014 0.217369 0 0
10.2999 0.312558 0.106932 0.219336 0 0
10.4214 0.312473 0.106838 0.221262 0 0
10.5576 0.312359 0.106703 0.223151 0 0
10.6651 0.312297 0.10664 0.224486 0 0
10.7995 0.312196 0.106515 0.226034 0 0
10.925 0.312107 0.106409 0.227346 0 0
11.0596 0.312011 0.106337 0.228496 0 0
11.184 0.311943 0.106267 0.229466 0 1
11.3011 0.31189 0.106199 0.230125 0 1
11.4364 0.311849 0.106155 0.230713 0 1
11.5511 0.311841 0.106138 0.231001 0 1
11.6763 0.311833 0.106137 0.231089 0 1
11.8143 0.311813 0.106116 0.23106 0 1
11.9181 0.311929 0.106158 0.231127 0 1
12.0312 0.312666 0.106305 0.231384 0 1
12.1508 0.314198 0.106688 0.231816 0 1
12.2819 0.316409 0.10724 0.232548 0 1
12.3878 0.31868 0.107804 0.233185 0 1
12.5004 0.321673 0.108426 0.234088 0 1
12.6336 0.325826 0.109335 0.23517 0 1
12.7582 0.330071 0.110283 0.236346 0 1
12.8672 0.334506 0.111134 0.237402 0 1
12.975 0.338918 0.111999 0.238444 0 1
13.1003 0.344915 0.113 0.239859 0 1
13.2216 0.351236 0.114017 0.240963 0 1
13.3356 0.356772 0.114917 0.242056 0 1
13.4659 0.364387 0.115853 0.243243 0 1
13.5846 0.371464 0.116747 0.244351 0 1
13.7115 0.379267 0.117572 0.245179 0 1
13.8267 0.386368 0.118174 0.245847 0 1
13.9576 0.39472 0.118714 0.246576 0 1
14.0865 0.403785 0.119177 0.247128 0 1
14.1984 0.410894 0.119459 0.247376 0 1
14.3332 0.420713 0.119544 0.24755 0 1
14.4471 0.427941 0.119532 0.247437 0 1
14.5639 0.436266 0.119384 0.247253 0 1
14.685 0.444465 0.118963 0.246917 0 1
14.8083 0.450101 0.118774 0.246552 0 1
14.9537 0.46064 0.118026 0.245621 0 1
15.0781 0.474157 0.11663 0.244218 0 1
15.2151 0.478642 0.116123 0.243797 0 1
15.3282 0.486597 0.115083 0.24258 0 1
15.4546 0.49441 0.113969 0.241416 0 1
15.5851 0.501078 0.1128 0.240167 0 1
15.7103 0.507363 0.111667 0.239075 0 1
15.8356 0.513809 0.110451 0.237665 0 1
15.9606 0.518823 0.10934 0.236586 0 1
16.0847 0.523329 0.108338 0.235624 0 1
16.1919 0.52683 0.107561 0.234783 0 1
16.3285 0.530891 0.106543 0.233732 0 1
16.4502 0.533492 0.105955 0.233112 0 1
16.5748 0.535575 0.105458 0.23259 0 2
16.7039 0.536819 0.105101 0.232219 0 2
16.8349 0.537076 0.105033 0.232148 0 2
16.9574 0.537075 0.105046 0.23213 0 2
17.0858 0.537103 0.104934 0.232123 0 2
17.2249 0.537305 0.104381 0.232194 0 2
17.3321 0.53753 0.103836 0.232175 0 2
17.4471 0.537825 0.103073 0.232166 0 2
17.5744 0.538277 0.102024 0.232194 0 2
17.7046 0.538736 0.100732 0.232203 0 2
17.829 0.539327 0.0992385 0.232234 0 2
17.948 0.539973 0.0975204 0.232266 0 2
18.0787 0.540671 0.0956068 0.232271 0 2
18.2044 0.54145 0.0935845 0.232325 0 2
18.3298 0.542306 0.0912603 0.232363 0 2
18.4623 0.543236 0.0886167 0.232359 0 2
18.5916 0.544205 0.0858976 0.232416 0 2
18.7002 0.545038 0.0834321 0.232403 0 2
18.8276 0.546149 0.0802459 0.232488 0 2
18.9501 0.547168 0.0770942 0.232503 0 2
19.0725 0.548197 0.0739508 0.232504 0 2
19.1941 0.549309 0.0704803 0.232617 0 2
19.3081 0.550409 0.0670709 0.232656 0 2
19.4434 0.551619 0.0630342 0.232656 0 2
19.5499 0.552667 0.0595065 0.232694 0 2
19.6854 0.553972 0.0550476 0.232812 0 2
19.8041 0.555116 0.0508396 0.232801 0 2
19.9198 0.55621 0.0468775 0.232901 0 2
20.0477 0.557442 0.0421711 0.232952 0 2
20.1718 0.558587 0.0376424 0.232939 0 2
20.3091 0.55986 0.0323698 0.232986 0 2
20.4713 0.561415 0.0256155 0.233016 0 2
20.6031 0.562603 0.0204135 0.233192 0 2
20.7307 0.563714 0.0150402 0.23318 0 2
20.8565 0.564805 0.00938934 0.233225 0 2
20.985 0.56584 0.00373595 0.2332 0 2
21.11 0.566815 -0.00159104 0.233288 0 2
21.2476 0.567934 -0.00814618 0.233343 0 2
21.3837 0.568822 -0.0140324 0.233378 0 2
21.4911 0.569563 -0.019383 0.233365 0 2
21.6261 0.570439 -0.0259592 0.233489 0 2
21.743 0.571101 -0.031396 0.233506 0 2
21.8511 0.571715 -0.0368773 0.233531 0 2
21.9748 0.572298 -0.0428039 0.233552 0 2
22.0824 0.572801 -0.0483675 0.233561 0 2
22.2262 0.573399 -0.0556577 0.233615 0 2
22.3422 0.573791 -0.0617001 0.23362 0 2
22.4777 0.574184 -0.0681936 0.233677 0 2
22.6251 0.57452 -0.0760666 0.233714 0 2
22.7577 0.574712 -0.0826804 0.233694 0 2
22.8824 0.574813 -0.0893528 0.233751 0 2
23.0189 0.57483 -0.0964397 0.233704 0 2
23.1458 0.574834 -0.103095 0.233779 0 2
23.2747 0.574697 -0.109832 0.233755 0 2
23.4031 0.574476 -0.116476 0.233795 0 2
23.5423 0.574187 -0.123539 0.233781 0 2
23.6694 0.573856 -0.130279 0.233876 0 2
23.8072 0.573349 -0.137648 0.233887 0 2
23.9243 0.572914 -0.143372 0.233772 0 2
24.0403 0.572391 -0.149126 0.233794 0 2
24.1665 0.571788 -0.155524 0.233825 0 2
24.2561 0.571291 -0.160022 0.233819 0 2
24.3911 0.570485 -0.16684 0.233803 0 2
24.5599 0.569414 -0.175074 0.233756 0 2
24.6889 0.568516 -0.181338 0.233769 0 2
24.8153 0.567587 -0.18714 0.233752 0 2
24.9392 0.566601 -0.193195 0.233758 0 2
25.0383 0.565768 -0.197955 0.233755 0 2
25.1853 0.564529 -0.204592 0.233752 0 2
25.2982 0.563568 -0.209618 0.23376 0 2
25.4426 0.56215 -0.216351 0.233718 0 2
25.5695 0.561015 -0.221518 0.233681 0 2
25.6613 0.560207 -0.225156 0.233655 0 2
25.7938 0.558889 -0.230847 0.23366 0 2
25.9072 0.557701 -0.235695 0.233645 0 2
26.0345 0.556537 -0.240343 0.233636 0 2
26.1556 0.555228 -0.245239 0.233571 0 2
26.282 0.554134 -0.249332 0.233509 0 2
26.4098 0.552856 -0.254134 0.233556 0 2
26.5349 0.551553 -0.25861 0.233562 0 2
26.6661 0.550267 -0.262996 0.233534 0 2
26.7952 0.549013 -0.267063 0.233461 0 2
26.9189 0.547883 -0.270644 0.233434 0 2
27.0116 0.546972 -0.273417 0.233409 0 2
27.1488 0.545908 -0.276827 0.233449 0 2
27.2741 0.544815 -0.280196 0.233448 0 2
27.3974 0.543841 -0.283158 0.233405 0 2
27.5064 0.542882 -0.285824 0.233375 0 2
27.6281 0.542029 -0.288265 0.233366 0 2
27.7589 0.54119 -0.290693 0.233365 0 2
27.8831 0.540379 -0.292861 0.233345 0 2
28.0015 0.539719 -0.294715 0.23332 0 2
28.1162 0.539179 -0.296263 0.233255 0 2
28.252 0.538532 -0.297971 0.23331 0 2
28.3702 0.538019 -0.299275 0.23324 0 3
28.4987 0.537626 -0.300389 0.233225 0 3
28.6082 0.537396 -0.301009 0.233254 0 3
28.7253 0.537228 -0.301487 0.233245 0 3
28.8484 0.537155 -0.301779 0.233273 0 3
29.0266 0.537097 -0.301899 0.233257 0 3
29.1406 0.537096 -0.301882 0.23322 0 3
29.2618 0.537137 -0.301882 0.233312 0 3
29.3754 0.537171 -0.301902 0.23367 0 3
29.4933 0.537174 -0.301966 0.234135 0 3
29.604 0.537177 -0.302033 0.234694 0 3
29.7172 0.537185 -0.302094 0.235278 0 3
29.8557 0.537206 -0.302166 0.236173 0 3
29.9666 0.537199 -0.302264 0.236971 0 3
30.1199 0.53721 -0.302415 0.238148 0 3
30.232 0.537212 -0.302486 0.239024 0 3
30.3771 0.537191 -0.302619 0.240312 0 3
30.4837 0.537218 -0.302723 0.241339 0 3
30.5812 0.53724 -0.302799 0.242223 0 3
30.6872 0.537214 -0.302912 0.243139 0 3
30.8169 0.537225 -0.303018 0.244306 0 3
30.94 0.537227 -0.303126 0.245294 0 3
31.0501 0.537221 -0.303224 0.246177 0 3
31.1818 0.537205 -0.303323 0.247235 0 3
31.3159 0.537193 -0.303403 0.2482 0 4
31.4294 0.537174 -0.303489 0.248944 0 4
31.5506 0.53718 -0.303547 0.24964 0 4
31.6752 0.537156 -0.303616 0.250232 0 4
31.8176 0.537159 -0.303649 0.250698 0 4
31.9398 0.537156 -0.303674 0.250998 0 4
32.0611 0.537114 -0.303745 0.25106 0 4
32.1885 0.537124 -0.303733 0.251103 0 4
32.2827 0.537081 -0.303782 0.251075 0 4
32.3762 0.537074 -0.303525 0.250959 0 4
32.4859 0.537113 -0.30268 0.250584 0 4
32.6368 0.537206 -0.301153 0.249767 0 4
32.759 0.537328 -0.29968 0.249189 0 4
32.8447 0.537414 -0.298364 0.248625 0 4
32.9552 0.53748 -0.29656 0.247691 0 4
33.0915 0.537542 -0.294265 0.246657 0 4
33.2218 0.537615 -0.291881 0.245542 0 4
33.3487 0.537777 -0.289133 0.244275 0 4
33.4743 0.5378 -0.286745 0.243198 0 4
33.5969 0.537741 -0.28406 0.241853 0 4
33.7244 0.537827 -0.28121 0.240622 0 4
33.841 0.537806 -0.278859 0.239444 0 4
33.9707 0.537773 -0.276023 0.238121 0 4
34.101 0.53784 -0.273461 0.237061 0 4
34.2135 0.537711 -0.271204 0.235909 0 4
34.3527 0.537634 -0.268799 0.2348 0 4
34.4855 0.537564 -0.266507 0.233654 0 4
34.5986 0.537502 -0.264881 0.232903 0 4
34.7019 0.537442 -0.263626 0.232373 0 4
34.8213 0.53737 -0.262439 0.2318 0 4
34.9508 0.53734 -0.261458 0.231345 0 4
35.0794 0.537278 -0.260904 0.23108 0 5
35.2353 0.537294 -0.260769 0.231065 0 5
35.3793 0.537421 -0.261322 0.231135 0 5
35.5147 0.537612 -0.263223 0.231346 0 5
35.6295 0.53767 -0.263285 0.231288 0 5
35.7399 0.538082 -0.263434 0.23097 0 5
35.8735 0.538056 -0.263461 0.23095 0 5
36.0087 0.538122 -0.263419 0.230677 0 5
36.1235 0.5381 -0.263488 0.230687 0 5
36.2422 0.538207 -0.263563 0.230551 0 5
36.373 0.538218 -0.263575 0.23056 0 5
36.4858 0.538224 -0.263524 0.23057 0 5
36.6248 0.538247 -0.263604 0.230287 0 5
36.7172 0.538362 -0.263716 0.229535 0 5
36.8769 0.53821 -0.263663 0.229409 0 5
36.9984 0.538174 -0.26368 0.229375 0 5
37.1076 0.538183 -0.263691 0.229215 0 5
37.2167 0.537924 -0.263886 0.227426 0 5
37.3413 0.538001 -0.26394 0.22765 0 5
37.466 0.537971 -0.264034 0.227673 0 5
37.6133 0.538009 -0.264112 0.227135 0 5
37.7207 0.538011 -0.264331 0.226326 0 5
37.8405 0.538052 -0.264337 0.226266 0 5
37.9649 0.538401 -0.264675 0.22609 0 5
38.0806 0.538403 -0.264683 0.22607 0 5
38.1794 0.538048 -0.264665 0.224524 0 5
38.3071 0.538024 -0.264663 0.224567 0 5
38.4261 0.538345 -0.264701 0.224614 0 5
38.5734 0.538347 -0.264709 0.224593 0 5
38.682 0.538496 -0.264977 0.223508 0 5
38.8426 0.538512 -0.26496 0.223662 0 5
38.9703 0.538443 -0.265183 0.22304 0 5
39.0711 0.538488 -0.265215 0.222824 0 5
39.1726 0.538928 -0.265731 0.221978 0 5
39.3148 0.538978 -0.265731 0.221774 0 5
39.4179 0.539166 -0.265566 0.220046 0 5
39.5556 0.539181 -0.265568 0.220092 0 5
39.6696 0.539529 -0.265762 0.218309 0 5
39.7833 0.539504 -0.265728 0.218433 0 5
39.8906 0.539496 -0.265751 0.218435 0 5
40.0216 0.539517 -0.265778 0.218372 0 5
40.1337 0.539878 -0.26614 0.217943 0 5
40.2658 0.539884 -0.266162 0.21801 0 5
40.3905 0.540072 -0.266143 0.21818 0 5
40.5081 0.540034 -0.266189 0.21817 0 5
40.6249 0.540362 -0.266537 0.216549 0 5
40.7709 0.540386 -0.266551 0.216633 0 5
40.8698 0.540387 -0.266737 0.216662 0 5
40.9931 0.540378 -0.266807 0.216453 0 5
41.099 0.540438 -0.267277 0.214712 0 5
41.2343 0.540485 -0.267275 0.214679 0 5
41.3601 0.540521 -0.267278 0.212986 0 5
41.4776 0.540554 -0.267349 0.212798 0 5
41.5669 0.54071 -0.267576 0.211602 0 5
41.6981 0.540689 -0.267593 0.211705 0 5
41.8028 0.540474 -0.267583 0.208331 0 5
41.9344 0.54041 -0.267565 0.207517 0 5
42.0256 0.540451 -0.267504 0.206424 0 5
42.1619 0.540444 -0.267525 0.206041 0 5
42.2688 0.540411 -0.267553 0.203349 0 5
