34.9508 34.9508 0 0 5
35.0794 34.9508 0 0.128573 5
35.2353 34.9508 0.128573 0.28442 5
35.3793 34.9508 0.28442 0.428482 5
35.5147 34.9508 0.428482 0.563882 5
35.6295 34.9508 0.563882 0.678677 5
35.7399 34.9508 0.678677 0.7891 5
35.8735 34.9508 0.7891 0.92268 5
36.0087 34.9508 0.92268 1.0579 5
36.1235 34.9508 1.0579 1.17266 5
36.2422 34.9508 1.17266 1.29132 5
36.373 34.9508 1.29132 1.42219 5
36.4858 34.9508 1.42219 1.535 5
36.6248 34.9508 1.535 1.674 5
36.7172 34.9508 1.674 1.76634 5
36.8769 34.9508 1.76634 1.92605 5
36.9984 34.9508 1.92605 2.04756 5
37.1076 34.9508 2.04756 2.15677 5
37.2167 34.9508 2.15677 2.26588 5
37.3413 34.9508 2.26588 2.39049 5
37.466 34.9508 2.39049 2.5152 5
37.6133 34.9508 2.5152 2.66246 5
37.7207 34.9508 2.66246 2.76987 5
37.8405 34.9508 2.76987 2.88962 5
37.9649 34.9508 2.88962 3.01405 5
38.0806 34.9508 3.01405 3.12976 5
38.1794 34.9508 3.12976 3.22855 5
38.3071 34.9508 3.22855 3.35627 5
38.4261 34.9508 3.35627 3.47526 5
38.5734 34.9508 3.47526 3.62257 5
38.682 34.9508 3.62257 3.73119 5
38.8426 34.9508 3.73119 3.89181 5
38.9703 34.9508 3.89181 4.01947 5
39.0711 34.9508 4.01947 4.12022 5
39.1726 34.9508 4.12022 4.22175 5
39.3148 34.9508 4.22175 4.36397 5
39.4179 34.9508 4.36397 4.46711 5
39.5556 34.9508 4.46711 4.60476 5
39.6696 34.9508 4.60476 4.71876 5
39.7833 34.9508 4.71876 4.83247 5
39.8906 34.9508 4.83247 4.93974 5
40.0216 34.9508 4.93974 5.07076 5
40.1337 34.9508 5.07076 5.18287 5
40.2658 34.9508 5.18287 5.31492 5
40.3905 34.9508 5.31492 5.43964 5
40.5081 34.9508 5.43964 5.55726 5
40.6249 34.9508 5.55726 5.67411 5
40.7709 34.9508 5.67411 5.82003 5
40.8698 34.9508 5.82003 5.91899 5
40.9931 34.9508 5.91899 6.0423 5
41.099 34.9508 6.0423 6.14815 5
41.2343 34.9508 6.14815 6.2835 5
41.3601 34.9508 6.2835 6.40927 5
41.4776 34.9508 6.40927 6.52673 5
41.5669 34.9508 6.52673 6.61609 5
41.6981 34.9508 6.61609 6.7473 5
41.8028 34.9508 6.7473 6.85198 5
41.9344 34.9508 6.85198 6.98361 5
42.0256 34.9508 6.98361 7.07475 5
42.1619 34.9508 7.07475 7.21109 5
42.2688 34.9508 7.21109 7.31801 5
