0 0.348775 0.135603 -0.0723995 0
0.0842175 0.348742 0.1356 -0.0723615 0
0.175341 0.348769 0.135554 -0.0725206 0
0.275467 0.348764 0.135603 -0.0719356 0
0.357777 0.348809 0.135516 -0.0725697 0
0.434613 0.348766 0.13561 -0.0720612 0
0.526723 0.348793 0.135651 -0.0726104 0
0.61736 0.348795 0.13561 -0.0726871 0
0.698674 0.348835 0.13561 -0.0731097 0
0.783611 0.348761 0.135555 -0.0729433 0
0.890239 0.348774 0.135568 -0.0729566 0
0.994692 0.348865 0.135621 -0.0729837 0
1.08908 0.348697 0.135496 -0.0722084 0
1.19172 0.348813 0.135602 -0.072596 0
1.28056 0.348707 0.135423 -0.0720879 0
1.36945 0.348781 0.135651 -0.0722115 0
1.47157 0.348736 0.135502 -0.0720849 0
1.5618 0.348809 0.135587 -0.0727017 0
1.65945 0.348721 0.135528 -0.0716834 0
1.74851 0.348775 0.135565 -0.0723981 0
1.83785 0.348722 0.135583 -0.0721533 0
1.94851 0.348804 0.135582 -0.0729191 0
2.0268 0.348806 0.135574 -0.0728398 0
2.11139 0.348719 0.135511 -0.0720522 0
2.21657 0.348765 0.13556 -0.0719941 0
2.32531 0.348735 0.135578 -0.0722746 0
2.42951 0.348747 0.135573 -0.0719596 0
2.52357 0.348757 0.135544 -0.0723756 0
2.61538 0.348694 0.135583 -0.0721397 0
2.70381 0.348782 0.13553 -0.0721651 0
2.81614 0.348721 0.135524 -0.0720266 0
2.90314 0.348817 0.13562 -0.0734193 0
3.00354 0.348817 0.135603 -0.0729618 0
3.08357 0.348745 0.135529 -0.0727798 0
3.18295 0.348702 0.135408 -0.0717998 0
3.28265 0.348746 0.135505 -0.0727909 0
3.3674 0.348801 0.13552 -0.0726514 0
3.4764 0.348821 0.13561 -0.0730496 0
3.55997 0.348712 0.135462 -0.0721194 0
3.66839 0.34873 0.135482 -0.0720642 0
3.76632 0.348843 0.135647 -0.0737165 0
3.86623 0.348749 0.135503 -0.0721114 0
3.96309 0.348727 0.135587 -0.0733242 0
4.0577 0.3488 0.135561 -0.0725146 0
4.17563 0.348808 0.135483 -0.0724572 0
4.2718 0.348777 0.135624 -0.0726019 0
4.35216 0.348791 0.135532 -0.0731692 0
4.44575 0.348717 0.135578 -0.0727167 0
4.55098 0.348733 0.135496 -0.0724932 0
4.65074 0.348753 0.135536 -0.0728019 0
4.76168 0.348845 0.1356 -0.0725705 0
4.87247 0.348789 0.135553 -0.0728594 0
4.95534 0.348759 0.135567 -0.072213 0
5.04514 0.348783 0.135541 -0.0720949 0
5.15363 0.348743 0.135574 -0.0726369 0
5.26904 0.348855 0.135636 -0.0733932 0
5.35329 0.348793 0.135586 -0.0733388 0
5.44047 0.348794 0.135535 -0.072413 0
5.54875 0.348726 0.135464 -0.0719254 0
5.63918 0.348947 0.135842 -0.0730497 0
5.7449 0.34901 0.135919 -0.0722921 0
5.83699 0.349092 0.135945 -0.0729616 0
5.93528 0.349217 0.136118 -0.0740347 0
6.02393 0.349223 0.136212 -0.072647 0
6.12437 0.349228 0.13638 -0.0719966 0
6.21426 0.349371 0.136449 -0.0717556 0
6.30845 0.349528 0.136594 -0.0724542 0
6.41569 0.349469 0.136722 -0.0717517 0
6.50701 0.349868 0.136851 -0.0716854 0
6.62046 0.349761 0.136964 -0.0711191 0
6.7055 0.349683 0.137384 -0.0705947 0
6.80728 0.349948 0.137504 -0.070454 0
6.89266 0.349514 0.137753 -0.0701448 0
6.99417 0.349295 0.137914 -0.0694067 0
7.09342 0.348752 0.137826 -0.0692109 0
7.19444 0.348383 0.137932 -0.0688674 0
7.28637 0.348506 0.138366 -0.0674135 0
7.37426 0.347555 0.13838 -0.0667976 0
7.47354 0.346674 0.138991 -0.0663098 0
7.56397 0.346192 0.138806 -0.0662102 0
7.65963 0.345846 0.139059 -0.0658588 0
7.75949 0.346489 0.138725 -0.0630779 0
7.85072 0.345845 0.138786 -0.0635869 0
7.95183 0.346611 0.13862 -0.0613818 0
8.02978 0.346172 0.138574 -0.0597721 0
8.13399 0.346332 0.138122 -0.0582899 0
8.22198 0.346732 0.138346 -0.0571671 0
8.31134 0.346641 0.138612 -0.0567063 0
8.41548 0.346914 0.138122 -0.0544738 0
8.49998 0.347578 0.137693 -0.0511478 0
8.6076 0.347444 0.137461 -0.0496075 0
8.69071 0.348103 0.13724 -0.0467662 0
8.78765 0.348102 0.137458 -0.0461528 0
8.88078 0.348311 0.137544 -0.0450087 0
8.97273 0.348081 0.13768 -0.0435143 0
9.0721 0.348818 0.137426 -0.0414773 0
9.16072 0.349169 0.137286 -0.0399318 0
9.2659 0.348021 0.137386 -0.0412967 0
9.35518 0.348289 0.136901 -0.0376314 0
9.45192 0.348957 0.137182 -0.0362976 0
9.54873 0.348731 0.1369 -0.0352281 0
9.63739 0.348677 0.13714 -0.0354965 0
9.7346 0.348071 0.136848 -0.0336131 0
9.82537 0.348403 0.137199 -0.0329352 1
9.92818 0.348393 0.136964 -0.0302226 1
10.0176 0.348334 0.136918 -0.0315299 1
10.1158 0.347989 0.136701 -0.030253 1
10.2069 0.348251 0.136765 -0.0302735 1
10.2982 0.347608 0.136562 -0.030348 1
10.4147 0.347972 0.136752 -0.0298883 1
10.4916 0.348596 0.136921 -0.0305234 1
10.5984 0.347684 0.13657 -0.0298924 1
10.6823 0.34851 0.137212 -0.0306795 1
10.7734 0.348104 0.136846 -0.0304143 1
10.8694 0.350124 0.136897 -0.0297863 1
10.958 0.350845 0.136825 -0.0276797 1
11.062 0.351051 0.136852 -0.0287733 1
11.151 0.353015 0.136823 -0.0279306 1
11.2493 0.355184 0.13707 -0.0264203 1
11.3357 0.357729 0.137224 -0.0279069 1
11.4291 0.35928 0.137034 -0.0262539 1
11.5449 0.361307 0.137508 -0.026729 1
11.6332 0.363639 0.137871 -0.0258438 1
11.7375 0.365306 0.137642 -0.0264129 1
11.8362 0.369049 0.13747 -0.0245154 1
11.9296 0.373111 0.138605 -0.0259769 1
12.019 0.376059 0.138253 -0.024797 1
12.1209 0.37809 0.138372 -0.0244876 1
12.2086 0.382219 0.137881 -0.0226009 1
12.2939 0.385259 0.138233 -0.0207581 1
12.4024 0.388286 0.138069 -0.0228486 1
12.487 0.391731 0.13765 -0.0207864 1
12.5914 0.394959 0.138222 -0.0210719 1
12.6748 0.399743 0.138026 -0.019447 1
12.765 0.403448 0.137392 -0.0176651 1
12.8652 0.406101 0.137966 -0.0216303 1
12.9503 0.410664 0.137759 -0.019374 1
13.0446 0.415117 0.137955 -0.0198189 1
13.1389 0.4164 0.137762 -0.0206941 1
13.2385 0.421849 0.13762 -0.0199559 1
13.3362 0.424532 0.137294 -0.019924 1
13.4263 0.428982 0.137254 -0.0218891 1
13.527 0.433153 0.137054 -0.0199478 1
13.6198 0.437442 0.136651 -0.0200866 1
13.7198 0.44114 0.136282 -0.019523 1
13.8133 0.444597 0.136562 -0.0202193 1
13.9036 0.447777 0.135545 -0.0183604 1
14.001 0.45025 0.135432 -0.019303 1
14.0866 0.455688 0.135188 -0.0189535 1
14.1817 0.458247 0.134381 -0.0171302 1
14.2821 0.460931 0.134701 -0.0181029 1
14.3821 0.464565 0.13398 -0.0172607 1
14.4806 0.465465 0.133889 -0.0189051 1
14.5704 0.469081 0.132978 -0.0166565 1
14.6729 0.4713 0.132857 -0.0158569 1
14.7538 0.472935 0.133273 -0.0200522 1
14.8535 0.474574 0.132698 -0.0183007 1
14.9511 0.4754 0.132895 -0.0213431 1
15.0388 0.478033 0.13239 -0.0188926 2
15.1512 0.478896 0.13216 -0.0187877 2
15.2391 0.479865 0.132181 -0.021106 2
15.3431 0.479851 0.132359 -0.0212857 2
15.429 0.481274 0.13235 -0.0216481 2
15.553 0.481174 0.131775 -0.0195318 2
15.6323 0.481647 0.131832 -0.0230983 2
15.7364 0.481628 0.131771 -0.0219376 2
15.8326 0.48148 0.131537 -0.0218118 2
15.9201 0.481181 0.131301 -0.0222927 2
16.0188 0.481872 0.130495 -0.0170074 2
16.1097 0.482117 0.129982 -0.0202715 2
16.2216 0.481701 0.129573 -0.0207934 2
16.309 0.482556 0.128584 -0.0196201 2
16.4056 0.482771 0.127705 -0.0192314 2
16.4937 0.48224 0.126729 -0.0199233 2
16.5955 0.482671 0.12554 -0.0198078 2
16.6905 0.483231 0.12472 -0.0192871 2
16.7883 0.483585 0.123865 -0.0217681 2
16.8803 0.484235 0.121938 -0.0192256 2
16.9638 0.485299 0.12033 -0.0154845 2
17.0643 0.48447 0.118493 -0.0191007 2
17.153 0.485078 0.116973 -0.0175972 2
17.2465 0.486116 0.115394 -0.0177362 2
17.3471 0.486409 0.113613 -0.0177214 2
17.434 0.486865 0.111826 -0.0179098 2
17.5428 0.487764 0.109579 -0.0165524 2
17.6234 0.487713 0.107465 -0.0159926 2
17.7192 0.487447 0.105309 -0.0186203 2
17.8241 0.488117 0.102947 -0.0204868 2
17.9165 0.488415 0.100938 -0.0233947 2
18.0203 0.489688 0.0972083 -0.0155636 2
18.1096 0.489586 0.0949578 -0.0187778 2
18.2182 0.489497 0.0926788 -0.019566 2
18.3047 0.491501 0.0895593 -0.0186107 2
18.4057 0.491685 0.0861557 -0.0154796 2
18.4973 0.492716 0.0838248 -0.0187342 2
18.6027 0.493516 0.0813178 -0.0185344 2
18.6963 0.493642 0.078094 -0.0173343 2
18.7889 0.494419 0.0747813 -0.0153493 2
18.8854 0.495115 0.071392 -0.0171465 2
18.9753 0.495362 0.0689282 -0.0204548 2
19.0865 0.496366 0.0643054 -0.0153176 2
19.1727 0.496484 0.0616899 -0.0186046 2
19.2726 0.496651 0.0583696 -0.0176903 2
19.3657 0.497479 0.0547237 -0.0180885 2
19.4487 0.49809 0.0522221 -0.0188999 2
19.5539 0.499196 0.0480966 -0.0178495 2
19.658 0.499642 0.0439593 -0.0193292 2
19.7584 0.499342 0.0398829 -0.0172323 2
19.8536 0.500122 0.0363481 -0.0182003 2
19.9582 0.499854 0.0315478 -0.0157662 2
20.0436 0.500951 0.0291212 -0.0192133 2
20.1526 0.500418 0.0242771 -0.0200202 2
20.2455 0.502065 0.0204615 -0.01749 2
20.3481 0.50337 0.0168844 -0.0176101 2
20.4424 0.503321 0.0118109 -0.0159551 2
20.5416 0.502611 0.00880936 -0.02043 2
20.6312 0.50442 0.00393751 -0.0131557 2
20.726 0.504067 0.00067094 -0.0179576 2
20.8301 0.504443 -0.00373891 -0.0183923 2
20.9196 0.503831 -0.00798389 -0.0184838 2
21.0217 0.504312 -0.0116865 -0.0173614 2
21.1084 0.504303 -0.0160304 -0.0200936 2
21.2063 0.504451 -0.0200786 -0.0177498 2
21.3015 0.50375 -0.0239377 -0.0203907 2
21.3959 0.504343 -0.028898 -0.0178969 2
21.5044 0.505122 -0.0330294 -0.0151031 2
21.588 0.50497 -0.037402 -0.0153349 2
21.6859 0.505003 -0.0414003 -0.0168013 2
21.7744 0.504636 -0.045012 -0.0213013 2
21.8807 0.504268 -0.0507922 -0.0185561 2
21.9695 0.504051 -0.0542732 -0.0211655 2
22.0762 0.503646 -0.0592341 -0.0190421 2
22.1639 0.504131 -0.0626713 -0.0198674 2
22.2596 0.503754 -0.066992 -0.0209763 2
22.3646 0.5042 -0.0716727 -0.0179217 2
22.4626 0.503529 -0.0781596 -0.0171602 2
22.5657 0.50249 -0.0824261 -0.0196096 2
22.6656 0.5022 -0.087054 -0.0197895 2
22.7634 0.502316 -0.0908672 -0.0184913 2
22.857 0.501573 -0.0956446 -0.0180277 2
22.9589 0.501064 -0.0994228 -0.0201671 2
23.0439 0.500561 -0.103182 -0.0177546 2
23.1435 0.501186 -0.106184 -0.0211627 2
23.2461 0.499506 -0.111381 -0.0166409 2
23.3309 0.498524 -0.114458 -0.0158445 2
23.4452 0.49839 -0.118803 -0.0162195 2
23.5243 0.497685 -0.121268 -0.0143392 2
23.6406 0.498001 -0.125424 -0.0164766 2
23.7271 0.496516 -0.127866 -0.0148235 2
23.8144 0.496411 -0.131623 -0.0149423 2
23.9141 0.495648 -0.135924 -0.0150609 2
24.017 0.495652 -0.138771 -0.0168552 2
24.111 0.494976 -0.14285 -0.0155038 2
24.2054 0.4938 -0.146357 -0.014777 2
24.304 0.492781 -0.150105 -0.0177552 2
24.3904 0.491086 -0.151702 -0.0194858 2
24.4935 0.490856 -0.156182 -0.0186803 2
24.5949 0.489777 -0.159043 -0.0204685 2
24.6875 0.489643 -0.162168 -0.0205875 2
24.7888 0.488379 -0.165127 -0.0214353 2
24.8928 0.486174 -0.169243 -0.0252319 2
25.001 0.486362 -0.172661 -0.0236367 2
25.0988 0.485298 -0.174745 -0.0218899 2
25.1858 0.484361 -0.177681 -0.0232062 2
25.2704 0.483944 -0.179819 -0.0232817 2
25.3655 0.483862 -0.182751 -0.0217972 2
25.4548 0.483029 -0.184994 -0.0226819 2
25.5552 0.482584 -0.188143 -0.0213784 2
25.6519 0.48217 -0.190262 -0.0223611 2
25.7579 0.48138 -0.192599 -0.0230205 2
25.8497 0.480555 -0.194571 -0.0224823 2
25.9423 0.479451 -0.196681 -0.0222112 2
26.0367 0.479176 -0.198048 -0.0211257 2
26.1369 0.47869 -0.200203 -0.0221806 2
26.2312 0.478105 -0.202163 -0.0212093 2
26.3269 0.477424 -0.203541 -0.0210294 2
26.4343 0.4777 -0.204833 -0.0181705 2
26.5224 0.4746 -0.205525 -0.0225786 2
26.6085 0.474418 -0.207299 -0.0211271 2
26.733 0.473778 -0.208256 -0.0197927 2
26.8096 0.474 -0.208699 -0.0200577 2
26.9157 0.472656 -0.209691 -0.0233669 3
27.0114 0.47313 -0.210832 -0.0202515 3
27.1085 0.472441 -0.211015 -0.0225809 3
27.2139 0.472707 -0.212129 -0.0218468 3
27.31 0.472599 -0.212348 -0.0210881 3
27.3925 0.472827 -0.212798 -0.0227469 3
27.4869 0.472509 -0.213073 -0.0222849 3
27.5819 0.472279 -0.213034 -0.0234185 3
27.7112 0.471482 -0.213196 -0.0237027 3
27.7938 0.472552 -0.213173 -0.023339 3
27.8805 0.472393 -0.213272 -0.0236714 3
27.963 0.471569 -0.212987 -0.0242628 3
28.0577 0.472426 -0.212779 -0.0240784 3
28.1573 0.472127 -0.213051 -0.0238198 3
28.2478 0.471852 -0.213258 -0.0239536 3
28.3481 0.471644 -0.213225 -0.0242859 3
28.4425 0.471795 -0.213374 -0.0234244 3
28.5328 0.471209 -0.213491 -0.0236221 3
28.6258 0.471272 -0.213488 -0.0231416 3
28.7154 0.47114 -0.213737 -0.0228775 3
28.8197 0.471125 -0.213694 -0.0232026 3
28.91 0.471407 -0.213714 -0.0215421 3
29.0142 0.471064 -0.213854 -0.0219994 3
29.1004 0.470998 -0.214266 -0.0226545 3
29.1965 0.470977 -0.214103 -0.021384 3
29.3138 0.471538 -0.214102 -0.0208201 3
29.4054 0.471628 -0.214693 -0.0207894 3
29.4894 0.470734 -0.214657 -0.0211146 3
29.5804 0.471402 -0.215617 -0.0188894 3
29.678 0.473 -0.215628 -0.0172769 3
29.7711 0.472688 -0.216036 -0.0167896 3
29.8693 0.472869 -0.21613 -0.0149077 4
29.9711 0.473619 -0.216294 -0.0125491 4
30.0726 0.473408 -0.216751 -0.0131979 4
30.1599 0.473484 -0.216633 -0.0124241 4
30.2669 0.472742 -0.216819 -0.0129602 4
30.3518 0.473479 -0.216821 -0.0107043 4
30.438 0.472531 -0.216833 -0.0122955 4
30.5325 0.473277 -0.217052 -0.0100911 4
30.6243 0.473964 -0.21712 -0.00938398 4
30.7158 0.473707 -0.217094 -0.00988886 4
30.8357 0.472905 -0.21732 -0.0102254 4
30.9149 0.473699 -0.217252 -0.00932281 4
30.9983 0.474088 -0.2169 -0.0083461 4
31.0989 0.473634 -0.216392 -0.00933016 4
31.193 0.473859 -0.215829 -0.00964215 4
31.2918 0.473647 -0.214823 -0.009428 4
31.3788 0.473101 -0.213634 -0.00939284 4
31.4765 0.474026 -0.212251 -0.00954744 4
31.5748 0.473545 -0.210937 -0.0106478 4
31.67 0.473832 -0.209399 -0.0105624 4
31.7684 0.473688 -0.207823 -0.0116928 4
31.867 0.474539 -0.205419 -0.0109588 4
31.9697 0.47424 -0.202643 -0.00976572 4
32.0541 0.473209 -0.200731 -0.0106494 4
32.1554 0.473296 -0.198551 -0.0104967 4
32.2447 0.474121 -0.196426 -0.00932831 4
32.3497 0.474493 -0.194445 -0.0113972 4
32.4465 0.473979 -0.19273 -0.0128143 4
32.5367 0.474465 -0.190493 -0.0106911 4
32.6289 0.474188 -0.188 -0.0119132 4
32.7462 0.474213 -0.187163 -0.0154626 4
32.8238 0.47457 -0.185199 -0.0150204 4
32.9432 0.47422 -0.183507 -0.0164406 4
33.0314 0.474119 -0.181247 -0.0165097 4
33.1089 0.474556 -0.180312 -0.0177245 4
33.1989 0.47391 -0.179549 -0.0202819 4
33.2948 0.475023 -0.178838 -0.0187723 4
33.3833 0.474842 -0.177276 -0.019321 4
33.4875 0.474697 -0.176394 -0.0193743 4
33.4875 0 0 0 5
33.5752 0.474106 -0.175428 -0.0187304 5
33.684 0.473511 -0.174191 -0.01953 5
33.7681 0.473335 -0.174148 -0.0183929 5
33.8621 0.473011 -0.173232 -0.0195094 5
33.9692 0.472196 -0.173477 -0.0191596 5
34.0748 0.472535 -0.174331 -0.0179991 5
34.1609 0.471491 -0.176156 -0.020483 5
34.2625 0.472101 -0.172948 -0.0203434 5
34.3617 0.471528 -0.167456 -0.0268373 5
34.4716 0.472687 -0.165685 -0.0273814 5
34.5701 0.472266 -0.162513 -0.0296475 5
34.6689 0.472377 -0.164195 -0.0301056 5
34.7832 0.472443 -0.164587 -0.0308878 5
34.8787 0.472782 -0.164761 -0.0303418 5
34.9864 0.472729 -0.165228 -0.0307088 5
35.0944 0.472717 -0.164886 -0.0309186 5
35.1908 0.472642 -0.164844 -0.0295186 5
35.2868 0.472793 -0.165123 -0.0308122 5
35.3739 0.472856 -0.165301 -0.031107 5
35.476 0.472424 -0.16495 -0.0297956 5
35.5577 0.472619 -0.16509 -0.0309386 5
35.6521 0.472759 -0.16508 -0.0313624 5
35.7613 0.472579 -0.164838 -0.0306064 5
35.846 0.472695 -0.165022 -0.031222 5
35.9467 0.472185 -0.164894 -0.0315351 5
36.0331 0.472708 -0.164835 -0.0305467 5
36.1273 0.472358 -0.165151 -0.0313468 5
36.2188 0.472049 -0.165141 -0.0318778 5
36.3041 0.472706 -0.165005 -0.0310696 5
36.4043 0.472743 -0.164863 -0.0311104 5
36.4975 0.472615 -0.164908 -0.0301724 5
36.5955 0.472192 -0.164902 -0.0306811 5
36.6981 0.472207 -0.165177 -0.0313623 5
36.7894 0.472291 -0.164905 -0.0308719 5
36.8813 0.472392 -0.16496 -0.0315792 5
36.9701 0.47279 -0.164988 -0.0307702 5
37.0543 0.472387 -0.165182 -0.0321152 5
37.1558 0.472702 -0.165165 -0.0322187 5
37.237 0.472813 -0.165 -0.0307459 5
37.3384 0.472373 -0.164907 -0.0301778 5
37.4213 0.472248 -0.164951 -0.0317521 5
37.5138 0.47278 -0.165209 -0.0308356 5
37.6151 0.472356 -0.16519 -0.0314974 5
37.6965 0.472418 -0.164949 -0.0314471 5
37.795 0.472429 -0.164867 -0.0312968 5
37.8915 0.472504 -0.164934 -0.0303001 5
37.9816 0.472745 -0.164869 -0.0301393 5
38.0799 0.472557 -0.165094 -0.030049 5
38.165 0.472689 -0.16507 -0.030981 5
38.26 0.472392 -0.165002 -0.0310591 5
38.3528 0.472116 -0.164866 -0.0310679 5
38.4418 0.472628 -0.16498 -0.0306381 5
38.5508 0.472319 -0.164999 -0.0316858 5
38.6444 0.472277 -0.164781 -0.0304239 5
38.7334 0.472539 -0.164916 -0.0305123 5
38.8186 0.472416 -0.16502 -0.0312318 5
38.9031 0.472436 -0.165227 -0.0308559 5
38.9981 0.472507 -0.164851 -0.0303876 5
39.0844 0.47277 -0.16508 -0.0306234 5
39.1821 0.472668 -0.165184 -0.0306967 5
39.2829 0.472718 -0.164939 -0.0308169 5
39.3688 0.472379 -0.164796 -0.0314006 5
39.4565 0.47233 -0.164829 -0.0307839 5
39.5544 0.472673 -0.164691 -0.0299826 5
39.6512 0.472184 -0.164949 -0.0313111 5
39.7408 0.472475 -0.165016 -0.0311767 5
39.8262 0.472357 -0.16504 -0.0311665 5
39.9145 0.472763 -0.164619 -0.0296897 5
40.0121 0.47256 -0.164957 -0.0302987 5
40.0958 0.472765 -0.164906 -0.0306109 5
40.1899 0.472531 -0.164911 -0.0306712 5
40.2929 0.47263 -0.164937 -0.031197 5
40.3764 0.472552 -0.165007 -0.0299586 5
40.4706 0.472412 -0.165068 -0.0319482 5
40.5663 0.472214 -0.16488 -0.031685 5
40.6506 0.472378 -0.164586 -0.0304951 5
40.749 0.472324 -0.164981 -0.0307978 5
40.8436 0.472284 -0.164775 -0.0310129 5
40.9262 0.472711 -0.164865 -0.0303129 5
41.0206 0.472767 -0.164751 -0.0301579 5
41.1127 0.472781 -0.164712 -0.0302139 5
41.2069 0.472427 -0.164892 -0.0313683 5
41.2934 0.472264 -0.165052 -0.031129 5
41.3861 0.472523 -0.165092 -0.0315308 5
41.4813 0.472541 -0.164826 -0.0302647 5
41.57 0.472674 -0.164997 -0.031297 5
41.6602 0.471779 -0.165056 -0.0314445 5
41.7525 0.472246 -0.165111 -0.0317288 5
41.8538 0.472266 -0.165115 -0.0308648 5
41.9494 0.472435 -0.165142 -0.0321114 5
42.0316 0.472497 -0.164844 -0.0306205 5
42.1283 0.472883 -0.164964 -0.0316207 5
42.215 0.472352 -0.164918 -0.0305075 5
42.3035 0.47218 -0.164924 -0.0308414 5
42.3879 0.472723 -0.16487 -0.0294414 5
42.4913 0.472355 -0.164811 -0.0310317 5
42.5829 0.472203 -0.164767 -0.0307313 5
42.6833 0.472531 -0.164613 -0.0296674 5
42.7734 0.472388 -0.165372 -0.033939 5
42.8667 0.472698 -0.164956 -0.0301428 5
42.955 0.472705 -0.16484 -0.0311845 5
43.0484 0.472373 -0.164872 -0.0315106 5
43.1495 0.472345 -0.164902 -0.03102 5
43.2329 0.472581 -0.165115 -0.0308314 5
43.3294 0.472422 -0.164893 -0.0309159 5
43.4212 0.472642 -0.164711 -0.0309989 5
43.5222 0.472797 -0.164894 -0.0308394 5
43.6096 0.472574 -0.164984 -0.0316513 5
43.698 0.472712 -0.164845 -0.0309298 5
43.7838 0.472822 -0.164848 -0.0307713 5
43.8834 0.472764 -0.164871 -0.0319749 5
43.9706 0.472149 -0.165085 -0.0311902 5
44.0667 0.472456 -0.164989 -0.0312717 5
44.1536 0.47234 -0.165078 -0.0309084 5
44.2488 0.472777 -0.165091 -0.0320817 5
44.3478 0.472685 -0.164986 -0.0304553 5
44.4287 0.472801 -0.164916 -0.0305464 5
44.5199 0.472473 -0.165169 -0.0315014 5
44.6165 0.472809 -0.165126 -0.0303443 5
44.7154 0.472705 -0.164877 -0.0308389 5
44.8002 0.472469 -0.164792 -0.0298626 5
44.8893 0.472845 -0.164906 -0.0314016 5
44.9812 0.472686 -0.164936 -0.0306306 5
45.0844 0.47267 -0.164929 -0.0326119 5
45.1631 0.472431 -0.165119 -0.0312955 5
45.2676 0.472336 -0.165193 -0.0319553 5
45.3545 0.472354 -0.165206 -0.0318402 5
45.455 0.472488 -0.164818 -0.0315362 5
45.543 0.472716 -0.1647 -0.0304648 5
45.6345 0.472653 -0.164737 -0.0301826 5
45.7253 0.472894 -0.164884 -0.0300383 5
45.8203 0.472552 -0.164732 -0.0310936 5
45.9021 0.472213 -0.165035 -0.0322301 5
46.0025 0.47277 -0.164795 -0.030505 5
46.0946 0.4727 -0.16501 -0.0316675 5
46.1858 0.472696 -0.164845 -0.0315409 5
46.285 0.472623 -0.16499 -0.0314797 5
46.3673 0.472552 -0.164852 -0.0308448 5
46.4691 0.472535 -0.164873 -0.0313126 5
46.5584 0.472526 -0.164782 -0.0301625 5
46.6538 0.472631 -0.165158 -0.0328593 5
46.749 0.472762 -0.164792 -0.0297374 5
46.8417 0.472487 -0.165195 -0.0321277 5
46.9546 0.472667 -0.164686 -0.0312799 5
47.0311 0.472418 -0.165111 -0.0322469 5
47.1396 0.472715 -0.16501 -0.0312472 5
47.2199 0.472496 -0.165178 -0.0323668 5
47.3106 0.471944 -0.164969 -0.031453 5
47.4102 0.472735 -0.16487 -0.0309588 5
47.5025 0.472773 -0.164807 -0.0315898 5
47.5957 0.472369 -0.16505 -0.0312256 5
47.6889 0.472575 -0.164937 -0.0314542 5
47.7822 0.472702 -0.165154 -0.0316375 5
47.8722 0.472543 -0.164975 -0.0306688 5
47.9599 0.472652 -0.164879 -0.0308393 5
48.054 0.472699 -0.164964 -0.0312063 5
48.1479 0.472744 -0.165018 -0.0310664 5
48.2305 0.472848 -0.164672 -0.0310297 5
48.3245 0.472392 -0.164956 -0.0309559 5
48.4157 0.47244 -0.164887 -0.0312837 5
48.505 0.472864 -0.164959 -0.0307637 5
48.6056 0.472205 -0.164877 -0.0313605 5
48.6929 0.472457 -0.164537 -0.0314555 5
48.7879 0.472718 -0.165047 -0.0312748 5
48.8856 0.472766 -0.164739 -0.0310023 5
48.9645 0.472252 -0.16484 -0.0307952 5
49.0664 0.472689 -0.165199 -0.0315796 5
49.1546 0.472496 -0.164892 -0.0314734 5
49.2426 0.472267 -0.164699 -0.0307479 5
49.3402 0.472707 -0.164959 -0.0304118 5
49.4282 0.472375 -0.164679 -0.0299064 5
49.5263 0.472589 -0.165059 -0.0316352 5
49.6219 0.472761 -0.165216 -0.0317582 5
49.7262 0.472581 -0.164893 -0.0307633 5
49.8085 0.472744 -0.165105 -0.0307749 5
49.8937 0.472389 -0.164833 -0.0311222 5
49.9861 0.47257 -0.164946 -0.0311477 5
50.0844 0.472686 -0.165095 -0.0313052 5
50.1686 0.472707 -0.164901 -0.0315352 5
50.2608 0.472749 -0.16481 -0.0318768 5
50.351 0.472436 -0.164996 -0.030883 5
50.4492 0.472697 -0.164732 -0.0310782 5
50.536 0.472545 -0.165024 -0.0321227 5
50.6215 0.472263 -0.165003 -0.0312569 5
50.7125 0.47277 -0.164937 -0.030556 5
50.8158 0.472381 -0.165412 -0.0328113 5
50.8995 0.472646 -0.164904 -0.0309505 5
50.9952 0.472687 -0.165137 -0.0318663 5
51.0937 0.472373 -0.165154 -0.0326983 5
51.1825 0.472175 -0.164851 -0.0314981 5
51.2925 0.472459 -0.164948 -0.0308499 5
51.3726 0.471998 -0.164966 -0.0313153 5
51.4818 0.472787 -0.165053 -0.032309 5
51.565 0.472741 -0.165017 -0.0314349 5
51.6584 0.472453 -0.164706 -0.0306622 5
51.7559 0.472672 -0.164988 -0.0311932 5
51.846 0.472809 -0.16502 -0.0307199 5
51.9507 0.472782 -0.164899 -0.0312105 5
52.0383 0.472748 -0.164844 -0.0313886 5
52.1406 0.47273 -0.164982 -0.031505 5
52.2335 0.472637 -0.164954 -0.031082 5
52.3336 0.472192 -0.165084 -0.0314497 5
52.4194 0.472676 -0.165054 -0.032126 5
52.5095 0.472341 -0.165005 -0.0314221 5
52.6151 0.4724 -0.165204 -0.0321196 5
52.6954 0.472403 -0.164866 -0.0306812 5
52.787 0.472332 -0.16511 -0.032254 5
52.8808 0.472792 -0.164908 -0.0311059 5
52.9682 0.472815 -0.165111 -0.031444 5
53.0566 0.472569 -0.164941 -0.0322634 5
53.1478 0.47274 -0.165108 -0.0327068 5
53.234 0.472694 -0.165037 -0.0311938 5
53.3267 0.472706 -0.164971 -0.031946 5
53.4193 0.472652 -0.16482 -0.0304686 5
53.5088 0.472065 -0.165279 -0.0326641 5
53.6067 0.472812 -0.164903 -0.0313299 5
53.6964 0.472433 -0.164714 -0.0316463 5
53.7854 0.472441 -0.164797 -0.0323843 5
53.8849 0.472715 -0.165027 -0.0319744 5
53.9704 0.472696 -0.165016 -0.0321535 5
54.0729 0.472737 -0.164901 -0.0317812 5
54.1604 0.472498 -0.164933 -0.0311854 5
54.2536 0.472751 -0.165096 -0.0312597 5
54.3488 0.472921 -0.164687 -0.0307148 5
54.4353 0.472599 -0.165043 -0.0308853 5
54.5315 0.472612 -0.16499 -0.0314326 5
54.6242 0.472175 -0.165163 -0.0320322 5
54.7147 0.472805 -0.16508 -0.0310974 5
54.8139 0.47253 -0.165096 -0.0315342 5
54.8992 0.472555 -0.164885 -0.0314116 5
54.992 0.472014 -0.16512 -0.0324584 5
55.0921 0.472279 -0.164942 -0.0316135 5
55.1745 0.472744 -0.164948 -0.0315169 5
55.2772 0.472415 -0.164868 -0.0305026 5
55.3616 0.472801 -0.164997 -0.031803 5
55.4543 0.472362 -0.164701 -0.0308819 5
55.5533 0.472782 -0.164981 -0.0326395 5
55.64 0.472534 -0.165039 -0.0319168 5
55.7379 0.472451 -0.164981 -0.0318267 5
55.8327 0.472969 -0.164841 -0.0309834 5
55.9239 0.472373 -0.164976 -0.0317126 5
56.0208 0.472692 -0.164947 -0.0318983 5
56.1149 0.472668 -0.164817 -0.0323151 5
56.2164 0.472495 -0.164937 -0.0315252 5
56.3024 0.472676 -0.164901 -0.0310949 5
56.3944 0.472629 -0.164936 -0.0309782 5
56.4886 0.472765 -0.165075 -0.0315897 5
56.5824 0.4725 -0.165164 -0.0320424 5
56.6817 0.472365 -0.164874 -0.0309699 5
56.7715 0.472481 -0.164991 -0.0310981 5
56.868 0.472763 -0.165114 -0.0305489 5
56.9542 0.472573 -0.164964 -0.0317966 5
57.0529 0.472709 -0.164905 -0.0322838 5
57.1417 0.47272 -0.165073 -0.0309723 5
57.2321 0.472749 -0.164873 -0.0304995 5
57.3195 0.47217 -0.164911 -0.0313307 5
57.416 0.472376 -0.164873 -0.030713 5
57.4995 0.472731 -0.164801 -0.0314629 5
57.5906 0.472643 -0.164902 -0.0323393 5
57.686 0.472415 -0.164956 -0.0313922 5
57.7711 0.472688 -0.165204 -0.0314427 5
57.872 0.472547 -0.164915 -0.0313026 5
57.9559 0.472788 -0.165103 -0.0313466 5
58.0476 0.472574 -0.165079 -0.0322128 5
58.1482 0.472665 -0.165094 -0.0326785 5
58.2283 0.472759 -0.165021 -0.0317981 5
58.3252 0.47283 -0.165042 -0.0314685 5
58.4176 0.472786 -0.165112 -0.0324245 5
58.5083 0.472668 -0.164863 -0.0313075 5
58.603 0.472076 -0.165173 -0.0331718 5
58.6926 0.472349 -0.165035 -0.0323449 5
58.7815 0.472362 -0.165263 -0.0335092 5
58.8819 0.472456 -0.165074 -0.0322603 5
58.9611 0.472696 -0.165039 -0.0318062 5
59.0534 0.472717 -0.1651 -0.0322428 5
59.1493 0.472605 -0.164787 -0.0311542 5
59.2434 0.472633 -0.164769 -0.0322641 5
59.3273 0.47238 -0.16503 -0.0313341 5
59.4282 0.47255 -0.164922 -0.0318365 5
59.5266 0.472644 -0.164974 -0.0316847 5
59.6122 0.472741 -0.164994 -0.0311487 5
59.6924 0.472641 -0.164923 -0.0319706 5
59.7925 0.472848 -0.165069 -0.0308603 5
59.8836 0.472613 -0.164945 -0.0310431 5
59.9662 0.472249 -0.164874 -0.0314841 5
60.0727 0.472357 -0.165057 -0.0318622 5
60.1575 0.472699 -0.165025 -0.0323498 5
60.2438 0.472752 -0.164906 -0.0309092 5
60.3406 0.472366 -0.164862 -0.0315184 5
60.4301 0.472683 -0.165081 -0.0317373 5
60.5275 0.472479 -0.165091 -0.0322397 5
60.6333 0.472714 -0.1648 -0.0309937 5
60.7247 0.472078 -0.165031 -0.0320102 5
60.8234 0.472581 -0.165026 -0.0310091 5
60.9167 0.472513 -0.16484 -0.0315428 5
61.0216 0.472565 -0.164923 -0.0327535 5
61.1135 0.472708 -0.164978 -0.0326312 5
61.2226 0.472592 -0.165016 -0.0318339 5
61.3108 0.472672 -0.165089 -0.0315323 5
61.4113 0.472968 -0.164953 -0.0308512 5
61.5044 0.472477 -0.165109 -0.0334836 5
61.6045 0.472654 -0.165029 -0.0322943 5
61.6925 0.472184 -0.164951 -0.0308363 5
61.7848 0.4727 -0.165159 -0.0327992 5
61.8826 0.472773 -0.165212 -0.0326267 5
61.9637 0.472503 -0.164908 -0.0309713 5
62.0588 0.47275 -0.165055 -0.0309883 5
62.149 0.472752 -0.16507 -0.0326388 5
62.2335 0.472697 -0.165127 -0.0326038 5
62.3274 0.47232 -0.1651 -0.0330616 5
62.4219 0.471943 -0.165088 -0.0326193 5
62.5077 0.472722 -0.164783 -0.0313626 5
62.6143 0.472778 -0.165028 -0.0318029 5
62.6958 0.472661 -0.165118 -0.031664 5
62.795 0.472282 -0.164954 -0.0308435 5
62.8855 0.472477 -0.164914 -0.0307581 5
62.971 0.472723 -0.164956 -0.0316394 5
63.0686 0.472438 -0.165077 -0.0317537 5
63.1531 0.472793 -0.164956 -0.0321979 5
63.2384 0.472481 -0.16495 -0.0319725 5
63.3372 0.472629 -0.165019 -0.0314661 5
63.4248 0.472415 -0.164973 -0.0315015 5
63.5182 0.472605 -0.16499 -0.0307346 5
63.6175 0.472691 -0.165085 -0.0321436 5
63.7037 0.472747 -0.164931 -0.0307029 5
63.8046 0.471877 -0.164953 -0.032891 5
63.8865 0.472818 -0.165058 -0.0318942 5
63.9873 0.471866 -0.165112 -0.032104 5
64.0834 0.472325 -0.165032 -0.0320922 5
64.1823 0.472494 -0.165067 -0.0328066 5
64.2831 0.472527 -0.164902 -0.0316056 5
64.3671 0.472668 -0.164797 -0.0300615 5
64.4596 0.472497 -0.165295 -0.031889 5
64.554 0.47206 -0.165052 -0.0311608 5
64.6404 0.472791 -0.164968 -0.0316114 5
64.7375 0.472574 -0.164765 -0.0306704 5
64.8242 0.472532 -0.164973 -0.0314553 5
64.9314 0.472386 -0.164885 -0.0314041 5
65.014 0.472236 -0.164883 -0.0323484 5
65.1108 0.472769 -0.164853 -0.0309167 5
65.2038 0.47276 -0.164841 -0.0307356 5
65.2943 0.47274 -0.164966 -0.0318633 5
65.3898 0.472405 -0.164929 -0.0321831 5
65.4915 0.472552 -0.165132 -0.0318598 5
65.5772 0.472548 -0.164754 -0.0314782 5
65.6788 0.472824 -0.164942 -0.031651 5
65.7582 0.472827 -0.164908 -0.0308832 5
65.8564 0.472815 -0.164884 -0.0304502 5
65.9528 0.472574 -0.164941 -0.0321559 5
66.0393 0.472731 -0.164984 -0.0322487 5
66.1281 0.472429 -0.164839 -0.0299871 5
66.2254 0.472849 -0.164777 -0.032192 5
66.3225 0.472693 -0.16492 -0.0322675 5
66.4187 0.472463 -0.16498 -0.032164 5
66.5046 0.472334 -0.165007 -0.0334701 5
66.6061 0.472918 -0.164898 -0.0320306 5
66.6964 0.472341 -0.165205 -0.0324543 5
66.7888 0.472408 -0.16491 -0.0327442 5
66.8823 0.472444 -0.165128 -0.0329801 5
66.9673 0.472843 -0.164776 -0.0322159 5
67.0672 0.472806 -0.16506 -0.0321314 5
67.1573 0.472685 -0.165182 -0.0323161 5
67.2458 0.472922 -0.165022 -0.032099 5
67.3485 0.472696 -0.164831 -0.0325057 5
67.4323 0.472489 -0.165015 -0.0326125 5
67.5311 0.472265 -0.165007 -0.032006 5
67.6219 0.472556 -0.165278 -0.0331737 5
67.7238 0.472723 -0.165038 -0.0320698 5
67.8265 0.472593 -0.165043 -0.0313435 5
67.9031 0.472758 -0.164938 -0.0314926 5
68.0216 0.472113 -0.164791 -0.031811 5
68.0978 0.472744 -0.165 -0.0320825 5
68.1933 0.472687 -0.164825 -0.0310475 5
68.283 0.472906 -0.164679 -0.0306062 5
68.3737 0.472454 -0.164942 -0.0318697 5
