0 0.474086 0.12967 -0.0633742 0
0.0842175 0.474084 0.129711 -0.0636924 0
0.175341 0.474045 0.129648 -0.0634419 0
0.275467 0.474126 0.129719 -0.0634684 0
0.357777 0.47411 0.129633 -0.0637429 0
0.434613 0.474127 0.129733 -0.0637428 0
0.526723 0.47417 0.129764 -0.0640576 0
0.61736 0.474097 0.129694 -0.0636129 0
0.698674 0.474155 0.129734 -0.0644139 0
0.783611 0.474103 0.129678 -0.0641652 0
0.890239 0.474119 0.129663 -0.0641312 0
0.994692 0.474136 0.129719 -0.0641436 0
1.08908 0.474057 0.129619 -0.0639879 0
1.19172 0.474125 0.129704 -0.0638194 0
1.28056 0.474054 0.129565 -0.0639066 0
1.36945 0.474158 0.129776 -0.0641258 0
1.47157 0.473996 0.129542 -0.0624647 0
1.5618 0.474121 0.129681 -0.0640291 0
1.65945 0.474056 0.129662 -0.0633699 0
1.74851 0.474155 0.129731 -0.0641281 0
1.83785 0.474038 0.129662 -0.0633207 0
1.94851 0.474138 0.129696 -0.0642748 0
2.0268 0.474085 0.129672 -0.0637973 0
2.11139 0.474026 0.129635 -0.0632146 0
2.21657 0.474065 0.129721 -0.0637414 0
2.32531 0.474121 0.12968 -0.0639844 0
2.42951 0.474048 0.129642 -0.063075 0
2.52357 0.474071 0.129628 -0.0633358 0
2.61538 0.474076 0.12969 -0.0636021 0
2.70381 0.474161 0.129672 -0.0639117 0
2.81614 0.474068 0.129644 -0.0632277 0
2.90314 0.474155 0.129708 -0.0645721 0
3.00354 0.474092 0.129689 -0.0637766 0
3.08357 0.47406 0.12964 -0.063919 0
3.18295 0.474048 0.129575 -0.063597 0
3.28265 0.474059 0.129605 -0.0638322 0
3.3674 0.474076 0.129617 -0.0635964 0
3.4764 0.474154 0.129732 -0.0643509 0
3.55997 0.474056 0.129621 -0.0637115 0
3.66839 0.474076 0.129622 -0.0637791 0
3.76632 0.474122 0.129695 -0.0641969 0
3.86623 0.474003 0.129637 -0.063329 0
3.96309 0.474131 0.129695 -0.064771 0
4.0577 0.474129 0.129644 -0.0639119 0
4.17563 0.474088 0.129615 -0.0637218 0
4.2718 0.474135 0.129721 -0.0639047 0
4.35216 0.474087 0.129602 -0.0640636 0
4.44575 0.474092 0.129676 -0.0637722 0
4.55098 0.474112 0.129653 -0.0644494 0
4.65074 0.474033 0.1296 -0.0635434 0
4.76168 0.474168 0.129723 -0.0642944 0
4.87247 0.474077 0.129643 -0.0638301 0
4.95534 0.474087 0.129694 -0.0636583 0
5.04514 0.474073 0.129635 -0.0631992 0
5.15363 0.47407 0.129685 -0.0639207 0
5.26904 0.474174 0.129742 -0.0645902 0
5.35329 0.474079 0.129676 -0.0641073 0
5.44047 0.474157 0.129702 -0.0643256 0
5.54875 0.474109 0.129542 -0.0629907 0
5.63918 0.47431 0.129946 -0.064235 0
5.7449 0.474352 0.130011 -0.0635489 0
5.83699 0.474424 0.129982 -0.0637686 0
5.93528 0.474507 0.130103 -0.0643567 0
6.02393 0.474592 0.130287 -0.0637621 0
6.12437 0.474765 0.130448 -0.0636356 0
6.21426 0.474827 0.130505 -0.0633435 0
6.30845 0.47489 0.130497 -0.0629234 0
6.41569 0.475063 0.130648 -0.0626232 0
6.50701 0.475113 0.130691 -0.0614528 0
6.62046 0.475191 0.130823 -0.0610365 0
6.7055 0.475473 0.131155 -0.0612184 0
6.80728 0.475529 0.131293 -0.0608536 0
6.89266 0.475711 0.131335 -0.0595888 0
6.99417 0.475919 0.131534 -0.0586316 0
7.09342 0.475965 0.13142 -0.0582268 0
7.19444 0.475824 0.131536 -0.0569824 0
7.28637 0.475967 0.131791 -0.0554067 0
7.37426 0.476054 0.131813 -0.0539757 0
7.47354 0.476141 0.13179 -0.0519494 0
7.56397 0.47645 0.13154 -0.0514878 0
7.65963 0.476371 0.131904 -0.050674 0
7.75949 0.476426 0.13174 -0.0479165 0
7.85072 0.476644 0.131619 -0.047616 0
7.95183 0.476545 0.131605 -0.0460104 0
8.02978 0.476299 0.131591 -0.0442429 0
8.13399 0.475893 0.131898 -0.044389 0
8.22198 0.475958 0.132002 -0.0429173 0
8.31134 0.475817 0.132024 -0.0421191 0
8.41548 0.475447 0.132041 -0.0407711 0
8.49998 0.475223 0.131388 -0.0372708 0
8.6076 0.475271 0.131219 -0.0359062 0
8.69071 0.474748 0.131053 -0.0338395 0
8.78765 0.475256 0.130952 -0.0320878 0
8.88078 0.475123 0.130906 -0.0304062 0
8.97273 0.474752 0.131306 -0.0295209 0
9.0721 0.475105 0.130973 -0.0272131 0
9.16072 0.474817 0.1308 -0.0267008 0
9.2659 0.474962 0.129966 -0.026436 0
9.35518 0.474965 0.130164 -0.023156 0
9.45192 0.474411 0.130643 -0.0244972 0
9.54873 0.474735 0.129442 -0.0209398 0
9.63739 0.47439 0.130413 -0.0231772 0
9.7346 0.47365 0.129783 -0.0210143 0
9.82537 0.473755 0.129472 -0.0205289 1
9.92818 0.473893 0.129631 -0.0183966 1
10.0176 0.474487 0.128218 -0.0155718 1
10.1158 0.4749 0.128115 -0.0149065 1
10.2069 0.474109 0.129456 -0.0171017 1
10.2982 0.473711 0.129267 -0.0163639 1
10.4147 0.473743 0.128884 -0.0158807 1
10.4916 0.474681 0.128682 -0.0162926 1
10.5984 0.473873 0.129349 -0.0167555 1
10.6823 0.474633 0.128949 -0.0165554 1
10.7734 0.475352 0.128799 -0.0146501 1
10.8694 0.476671 0.128708 -0.0148714 1
10.958 0.477242 0.129271 -0.0154455 1
11.062 0.478795 0.128906 -0.0156204 1
11.151 0.479112 0.129453 -0.0160961 1
11.2493 0.481783 0.128872 -0.0142586 1
11.3357 0.483656 0.129445 -0.0156979 1
11.4291 0.485192 0.129544 -0.0161724 1
11.5449 0.48801 0.129784 -0.0174402 1
11.6332 0.490801 0.13032 -0.0167721 1
11.7375 0.493661 0.130118 -0.0178029 1
11.8362 0.496178 0.130416 -0.0145479 1
11.9296 0.502122 0.12794 -0.0108161 1
12.019 0.503507 0.129703 -0.0105709 1
12.1209 0.507154 0.129517 -0.0114777 1
12.2086 0.509717 0.130411 -0.0104224 1
12.2939 0.51225 0.130472 -0.00927591 1
12.4024 0.515873 0.13069 -0.0104919 1
12.487 0.519412 0.130971 -0.0103513 1
12.5914 0.522978 0.131101 -0.0108246 1
12.6748 0.526782 0.13206 -0.0142754 1
12.765 0.530742 0.132074 -0.0130548 1
12.8652 0.533993 0.131821 -0.0137834 1
12.9503 0.53799 0.131572 -0.0139172 1
13.0446 0.541958 0.131413 -0.0115367 1
13.1389 0.544548 0.131483 -0.0129956 1
13.2385 0.549626 0.130953 -0.0117441 1
13.3362 0.55326 0.130845 -0.0119886 1
13.4263 0.556882 0.130896 -0.0122219 1
13.527 0.560807 0.13052 -0.0103786 1
13.6198 0.56482 0.130054 -0.0127153 1
13.7198 0.568159 0.129912 -0.0104083 1
13.8133 0.57187 0.129469 -0.0101308 1
13.9036 0.574643 0.129522 -0.0099868 1
14.001 0.577756 0.129258 -0.0103435 1
14.0866 0.580926 0.128755 -0.0108627 1
14.1817 0.58393 0.1285 -0.0101593 1
14.2821 0.586877 0.128275 -0.00931988 1
14.3821 0.589276 0.128587 -0.0115877 1
14.4806 0.592198 0.127942 -0.0104398 1
14.5704 0.594663 0.127611 -0.012247 1
14.6729 0.596716 0.127449 -0.0104054 1
14.7538 0.598895 0.127484 -0.0118657 1
14.8535 0.600173 0.12735 -0.0118163 1
14.9511 0.602068 0.126976 -0.0123721 1
15.0388 0.603353 0.126725 -0.0120704 2
15.1512 0.604303 0.126818 -0.0123742 2
15.2391 0.605184 0.126545 -0.0117857 2
15.3431 0.605833 0.12667 -0.0122332 2
15.429 0.606364 0.126863 -0.0132664 2
15.553 0.606604 0.126663 -0.0120615 2
15.6323 0.606642 0.126567 -0.013626 2
15.7364 0.606841 0.12646 -0.0121896 2
15.8326 0.60687 0.126144 -0.0133987 2
15.9201 0.6069 0.125697 -0.0130261 2
16.0188 0.60726 0.125503 -0.0101943 2
16.1097 0.607379 0.12499 -0.012002 2
16.2216 0.607564 0.124017 -0.0119558 2
16.309 0.607845 0.123315 -0.0121015 2
16.4056 0.608108 0.122392 -0.0115589 2
16.4937 0.608242 0.121464 -0.0115853 2
16.5955 0.608418 0.120191 -0.0124055 2
16.6905 0.608622 0.11922 -0.0127475 2
16.7883 0.609635 0.11749 -0.0118969 2
16.8803 0.609815 0.116125 -0.0118277 2
16.9638 0.61003 0.114825 -0.00938847 2
17.0643 0.610401 0.113268 -0.0108046 2
17.153 0.611038 0.111736 -0.00993575 2
17.2465 0.611566 0.109911 -0.0106106 2
17.3471 0.611754 0.108074 -0.011383 2
17.434 0.612571 0.105714 -0.0109214 2
17.5428 0.613115 0.10399 -0.0103256 2
17.6234 0.613035 0.102181 -0.0101194 2
17.7192 0.613649 0.0999794 -0.0115676 2
17.8241 0.614215 0.0972344 -0.0111671 2
17.9165 0.615104 0.0948873 -0.0126322 2
18.0203 0.61523 0.0922133 -0.00934993 2
18.1096 0.615756 0.0895552 -0.0101926 2
18.2182 0.616616 0.0869021 -0.0103468 2
18.3047 0.61754 0.0840362 -0.0101621 2
18.4057 0.618107 0.0811042 -0.00991382 2
18.4973 0.6187 0.0785537 -0.00996587 2
18.6027 0.61924 0.0755882 -0.0112684 2
18.6963 0.619552 0.0727968 -0.0102097 2
18.7889 0.620583 0.0689553 -0.0081741 2
18.8854 0.620747 0.0663143 -0.0106248 2
18.9753 0.62158 0.0629089 -0.0110741 2
19.0865 0.622053 0.0589415 -0.00861409 2
19.1727 0.622287 0.0566907 -0.00992741 2
19.2726 0.62279 0.0530776 -0.0108565 2
19.3657 0.623716 0.0493992 -0.010466 2
19.4487 0.62399 0.0466952 -0.0113616 2
19.5539 0.624512 0.0425185 -0.0109811 2
19.658 0.625216 0.0381498 -0.0104905 2
19.7584 0.625382 0.0345161 -0.00990047 2
19.8536 0.626224 0.0308831 -0.0104211 2
19.9582 0.626604 0.0262729 -0.0100006 2
20.0436 0.627576 0.0235796 -0.0113009 2
20.1526 0.627842 0.0186146 -0.00974607 2
20.2455 0.628206 0.0155113 -0.0109759 2
20.3481 0.628885 0.0111915 -0.0100053 2
20.4424 0.628787 0.00657627 -0.00990403 2
20.5416 0.629067 0.00322416 -0.0111632 2
20.6312 0.629462 -0.00126709 -0.0100403 2
20.726 0.629846 -0.00483011 -0.0103624 2
20.8301 0.630477 -0.00943242 -0.00867777 2
20.9196 0.629987 -0.0136588 -0.0119983 2
21.0217 0.630447 -0.017433 -0.0108857 2
21.1084 0.630377 -0.0215629 -0.0112933 2
21.2063 0.630475 -0.0257549 -0.0111774 2
21.3015 0.630903 -0.0299879 -0.0109277 2
21.3959 0.630953 -0.0344675 -0.0103899 2
21.5044 0.631163 -0.0387537 -0.00942247 2
21.588 0.631518 -0.0430427 -0.00921082 2
21.6859 0.631564 -0.0468899 -0.00947455 2
21.7744 0.631487 -0.0509541 -0.0115178 2
21.8807 0.631387 -0.0565468 -0.00996577 2
21.9695 0.631151 -0.0598468 -0.0111239 2
22.0762 0.630801 -0.0647039 -0.0109258 2
22.1639 0.630234 -0.0682857 -0.010995 2
22.2596 0.630434 -0.0724233 -0.0114073 2
22.3646 0.630354 -0.077341 -0.0110176 2
22.4626 0.6299 -0.0831507 -0.00851032 2
22.5657 0.629462 -0.0874318 -0.00933433 2
22.6656 0.629192 -0.0914223 -0.010613 2
22.7634 0.629079 -0.095886 -0.00944982 2
22.857 0.628043 -0.0998296 -0.00976563 2
22.9589 0.628087 -0.103872 -0.00879887 2
23.0439 0.627361 -0.107515 -0.00734773 2
23.1435 0.627275 -0.111211 -0.0079985 2
23.2461 0.626395 -0.115884 -0.00646261 2
23.3309 0.625664 -0.118988 -0.00609596 2
23.4452 0.625128 -0.123246 -0.00573213 2
23.5243 0.624242 -0.126126 -0.00631247 2
23.6406 0.623812 -0.130847 -0.00699452 2
23.7271 0.622776 -0.133954 -0.00704718 2
23.8144 0.622384 -0.137287 -0.00661103 2
23.9141 0.6218 -0.141289 -0.00650349 2
24.017 0.621594 -0.145298 -0.00629427 2
24.111 0.621284 -0.148708 -0.00610129 2
24.2054 0.620225 -0.152156 -0.00591014 2
24.304 0.61968 -0.155868 -0.0057873 2
24.3904 0.619179 -0.158706 -0.0066846 2
24.4935 0.619172 -0.162481 -0.00604024 2
24.5949 0.618566 -0.165543 -0.0069862 2
24.6875 0.618135 -0.16878 -0.00722323 2
24.7888 0.617215 -0.171825 -0.00584448 2
24.8928 0.616191 -0.175389 -0.00773879 2
25.001 0.615666 -0.178689 -0.00734033 2
25.0988 0.615501 -0.181314 -0.00817794 2
25.1858 0.614365 -0.184218 -0.00915414 2
25.2704 0.614324 -0.186257 -0.00940086 2
25.3655 0.613652 -0.189 -0.00906266 2
25.4548 0.612728 -0.191536 -0.00894965 2
25.5552 0.611961 -0.194366 -0.00892943 2
25.6519 0.611426 -0.196603 -0.00823892 2
25.7579 0.608731 -0.198569 -0.00940017 2
25.8497 0.608654 -0.200972 -0.00866665 2
25.9423 0.608056 -0.202709 -0.00898697 2
26.0367 0.608609 -0.204686 -0.00821254 2
26.1369 0.60663 -0.20648 -0.00992151 2
26.2312 0.606584 -0.208071 -0.00894484 2
26.3269 0.606341 -0.209372 -0.00840713 2
26.4343 0.606509 -0.211105 -0.00714166 2
26.5224 0.605318 -0.212223 -0.00825361 2
26.6085 0.605389 -0.213296 -0.00717729 2
26.733 0.604744 -0.214665 -0.00692268 2
26.8096 0.604528 -0.215304 -0.00705758 2
26.9157 0.6044 -0.216811 -0.00722957 3
27.0114 0.60424 -0.217402 -0.0068002 3
27.1085 0.603709 -0.218031 -0.00832243 3
27.2139 0.60359 -0.218691 -0.00769209 3
27.31 0.603632 -0.219161 -0.00762826 3
27.3925 0.603237 -0.219478 -0.00817665 3
27.4869 0.602946 -0.219751 -0.00827298 3
27.5819 0.602706 -0.219879 -0.00954196 3
27.7112 0.602641 -0.219847 -0.00915985 3
27.7938 0.603036 -0.219909 -0.00943959 3
27.8805 0.603029 -0.22003 -0.00967679 3
27.963 0.603096 -0.219891 -0.00924034 3
28.0577 0.602881 -0.219813 -0.00950795 3
28.1573 0.602604 -0.219757 -0.00963195 3
28.2478 0.603077 -0.219802 -0.00912416 3
28.3481 0.603357 -0.219961 -0.00861324 3
28.4425 0.602886 -0.220071 -0.00870378 3
28.5328 0.603109 -0.220305 -0.00819648 3
28.6258 0.602872 -0.22041 -0.00777093 3
28.7154 0.602844 -0.22064 -0.00722319 3
28.8197 0.603444 -0.220478 -0.00761558 3
28.91 0.602639 -0.220726 -0.00653497 3
29.0142 0.602297 -0.22092 -0.00578859 3
29.1004 0.602676 -0.220876 -0.00566378 3
29.1965 0.602383 -0.221065 -0.00663496 3
29.3138 0.602314 -0.221339 -0.00437161 3
29.4054 0.60266 -0.221471 -0.00438303 3
29.4894 0.602425 -0.221459 -0.00385098 3
29.5804 0.603035 -0.221852 -0.00200895 3
29.678 0.603057 -0.221832 -0.00138792 3
29.7711 0.603226 -0.221878 -0.00135989 3
29.8693 0.60287 -0.221935 -0.00118159 4
29.9711 0.602396 -0.222089 -0.000506125 4
30.0726 0.60295 -0.222141 0.000433743 4
30.1599 0.60316 -0.22227 -0.000300787 4
30.2669 0.603337 -0.222251 0.000336073 4
30.3518 0.603213 -0.222414 0.00149243 4
30.438 0.602693 -0.222445 0.00100476 4
30.5325 0.602741 -0.222397 0.000784956 4
30.6243 0.602511 -0.22238 0.00204083 4
30.7158 0.602469 -0.222517 0.00198942 4
30.8357 0.602782 -0.222397 0.00215067 4
30.9149 0.60251 -0.222561 0.00153825 4
30.9983 0.602738 -0.222281 0.00162527 4
31.0989 0.602247 -0.221538 0.00152486 4
31.193 0.602679 -0.221099 0.00170875 4
31.2918 0.602656 -0.21983 0.00147622 4
31.3788 0.602281 -0.218949 0.0016473 4
31.4765 0.603066 -0.21732 0.00141924 4
31.5748 0.602355 -0.21582 0.000634253 4
31.67 0.602546 -0.214567 -0.000404716 4
31.7684 0.60308 -0.212383 0.000740997 4
31.867 0.603662 -0.210758 0.000272863 4
31.9697 0.603445 -0.207884 0.00110964 4
32.0541 0.603689 -0.205829 0.000946335 4
32.1554 0.603384 -0.203662 0.00080356 4
32.2447 0.603962 -0.20126 0.00142842 4
32.3497 0.604084 -0.199186 0.000508755 4
32.4465 0.603772 -0.197047 -0.000518233 4
32.5367 0.604231 -0.19515 6.64964e-05 4
32.6289 0.603784 -0.192835 -0.000902727 4
32.7462 0.603853 -0.191123 -0.00120507 4
32.8238 0.604329 -0.189502 -0.00258699 4
32.9432 0.603936 -0.187963 -0.00340987 4
33.0314 0.603939 -0.186303 -0.00358617 4
33.1089 0.604402 -0.184783 -0.00298221 4
33.1989 0.603928 -0.18429 -0.00425011 4
33.2948 0.604529 -0.182896 -0.00370497 4
33.3833 0.604065 -0.182426 -0.00485986 4
33.4875 0.604232 -0.181656 -0.00435214 4
33.4875 0 0 0 5
33.5752 0.603876 -0.18072 -0.00496927 5
33.684 0.603957 -0.179553 -0.00394096 5
33.7681 0.603776 -0.179038 -0.00298174 5
33.8621 0.603292 -0.179041 -0.00315166 5
33.9692 0.603265 -0.178991 -0.00244923 5
34.0748 0.603026 -0.180201 -0.00221869 5
34.1609 0.602769 -0.181858 -0.00336622 5
34.2625 0.602244 -0.178984 -0.00395304 5
34.3617 0.602153 -0.173183 -0.0114909 5
34.4716 0.60264 -0.17103 -0.0143635 5
34.5701 0.601056 -0.168875 -0.0181525 5
34.6689 0.600689 -0.170468 -0.0182809 5
34.7832 0.600839 -0.170793 -0.0190928 5
34.8787 0.600403 -0.170727 -0.0187756 5
34.9864 0.600386 -0.171046 -0.018718 5
35.0944 0.600429 -0.170904 -0.0193905 5
35.1908 0.600921 -0.171035 -0.0184002 5
35.2868 0.60058 -0.171347 -0.0178573 5
35.3739 0.600615 -0.171146 -0.0187558 5
35.476 0.600731 -0.171625 -0.0188704 5
35.5577 0.600734 -0.171183 -0.019086 5
35.6521 0.600784 -0.171269 -0.0185517 5
35.7613 0.600245 -0.171418 -0.0189194 5
35.846 0.600357 -0.171158 -0.0189839 5
35.9467 0.600168 -0.17085 -0.0197811 5
36.0331 0.600478 -0.170928 -0.0188082 5
36.1273 0.600765 -0.170855 -0.0183964 5
36.2188 0.60112 -0.170853 -0.0185566 5
36.3041 0.60034 -0.171246 -0.0190845 5
36.4043 0.600273 -0.171309 -0.0188152 5
36.4975 0.60015 -0.171178 -0.0188238 5
36.5955 0.60009 -0.171377 -0.0192349 5
36.6981 0.600212 -0.171153 -0.0190486 5
36.7894 0.600784 -0.17097 -0.0185886 5
36.8813 0.600153 -0.170875 -0.0197405 5
36.9701 0.600296 -0.171063 -0.0189528 5
37.0543 0.600572 -0.171139 -0.0192536 5
37.1558 0.600406 -0.171161 -0.0192119 5
37.237 0.600303 -0.171185 -0.0186451 5
37.3384 0.601011 -0.171263 -0.0179056 5
37.4213 0.60054 -0.170869 -0.0186738 5
37.5138 0.599904 -0.171112 -0.0190137 5
37.6151 0.600239 -0.170944 -0.0184311 5
37.6965 0.600238 -0.17106 -0.0193983 5
37.795 0.600482 -0.171195 -0.0194361 5
37.8915 0.599997 -0.171199 -0.0186901 5
37.9816 0.600435 -0.170914 -0.0189373 5
38.0799 0.600629 -0.170892 -0.0184865 5
38.165 0.600791 -0.171264 -0.0191832 5
38.26 0.600526 -0.171246 -0.0184603 5
38.3528 0.600198 -0.171365 -0.0193074 5
38.4418 0.600239 -0.171131 -0.0194834 5
38.5508 0.600436 -0.171112 -0.0192843 5
38.6444 0.600505 -0.171157 -0.0191766 5
38.7334 0.600076 -0.17119 -0.0192556 5
38.8186 0.600668 -0.17086 -0.019232 5
38.9031 0.600407 -0.17108 -0.0181893 5
38.9981 0.600601 -0.170894 -0.0189442 5
39.0844 0.600228 -0.171013 -0.0188381 5
39.1821 0.600513 -0.170748 -0.0190911 5
39.2829 0.600112 -0.170842 -0.0183988 5
39.3688 0.600571 -0.171032 -0.0189446 5
39.4565 0.600622 -0.17115 -0.018719 5
39.5544 0.600797 -0.171284 -0.0189465 5
39.6512 0.600256 -0.170971 -0.0190913 5
39.7408 0.600317 -0.17107 -0.0192606 5
39.8262 0.600131 -0.170987 -0.0190139 5
39.9145 0.600445 -0.171179 -0.0191979 5
40.0121 0.600734 -0.171039 -0.0186017 5
40.0958 0.600462 -0.17122 -0.019345 5
40.1899 0.600451 -0.170989 -0.018757 5
40.2929 0.600514 -0.171303 -0.0195474 5
40.3764 0.600275 -0.171167 -0.0180047 5
40.4706 0.600149 -0.171107 -0.0190506 5
40.5663 0.600602 -0.171304 -0.0192181 5
40.6506 0.600324 -0.17147 -0.019403 5
40.749 0.600502 -0.170884 -0.019047 5
40.8436 0.600677 -0.171213 -0.0189567 5
40.9262 0.599997 -0.171198 -0.0200638 5
41.0206 0.600205 -0.171016 -0.0187439 5
41.1127 0.600023 -0.171239 -0.0191508 5
41.2069 0.600085 -0.171065 -0.0195459 5
41.2934 0.600641 -0.171205 -0.0193431 5
41.3861 0.60022 -0.171148 -0.0192723 5
41.4813 0.600275 -0.171034 -0.0191021 5
41.57 0.599928 -0.170931 -0.0192399 5
41.6602 0.600474 -0.171553 -0.0192306 5
41.7525 0.600401 -0.171359 -0.01912 5
41.8538 0.600578 -0.171202 -0.0193962 5
41.9494 0.600601 -0.171099 -0.0198504 5
42.0316 0.600647 -0.171051 -0.0193096 5
42.1283 0.600298 -0.171176 -0.019065 5
42.215 0.600434 -0.171028 -0.0189862 5
42.3035 0.60005 -0.171235 -0.0191367 5
42.3879 0.600481 -0.171423 -0.0183942 5
42.4913 0.600575 -0.170953 -0.0190988 5
42.5829 0.600205 -0.170781 -0.0191367 5
42.6833 0.60031 -0.171223 -0.0194017 5
42.7734 0.599909 -0.171145 -0.0200537 5
42.8667 0.600885 -0.17105 -0.0188703 5
42.955 0.600404 -0.171264 -0.0190624 5
43.0484 0.600172 -0.171392 -0.0190685 5
43.1495 0.600665 -0.17127 -0.0186018 5
43.2329 0.600164 -0.17108 -0.0188402 5
43.3294 0.600578 -0.170867 -0.0190831 5
43.4212 0.600097 -0.171218 -0.0197064 5
43.5222 0.600396 -0.171309 -0.0197988 5
43.6096 0.600706 -0.171356 -0.0190133 5
43.698 0.600423 -0.170892 -0.0191024 5
43.7838 0.599942 -0.170999 -0.0189493 5
43.8834 0.600174 -0.171043 -0.0192827 5
43.9706 0.6008 -0.1714 -0.0186393 5
44.0667 0.60056 -0.171427 -0.0190997 5
44.1536 0.600478 -0.17101 -0.0194326 5
44.2488 0.600268 -0.171266 -0.0191676 5
44.3478 0.600166 -0.171252 -0.0195932 5
44.4287 0.600267 -0.170916 -0.0188459 5
44.5199 0.600439 -0.170822 -0.0186693 5
44.6165 0.600092 -0.171103 -0.0190381 5
44.7154 0.600285 -0.171318 -0.0189253 5
44.8002 0.600631 -0.171298 -0.0186619 5
44.8893 0.599943 -0.170976 -0.0193906 5
44.9812 0.600051 -0.171166 -0.0198123 5
45.0844 0.600159 -0.170944 -0.0202616 5
45.1631 0.600288 -0.171188 -0.0195851 5
45.2676 0.600265 -0.171101 -0.0194952 5
45.3545 0.600726 -0.170958 -0.0191128 5
45.455 0.600138 -0.171261 -0.0196218 5
45.543 0.600317 -0.171114 -0.0193613 5
45.6345 0.600392 -0.171408 -0.0191723 5
45.7253 0.600359 -0.171112 -0.0186973 5
45.8203 0.600489 -0.171139 -0.0194407 5
45.9021 0.600211 -0.171195 -0.0195364 5
46.0025 0.600526 -0.171101 -0.0191789 5
46.0946 0.600679 -0.170948 -0.0189797 5
46.1858 0.600461 -0.171105 -0.0194965 5
46.285 0.600206 -0.171193 -0.0192372 5
46.3673 0.600352 -0.170801 -0.0185626 5
46.4691 0.600082 -0.171255 -0.0193558 5
46.5584 0.600264 -0.171023 -0.0193508 5
46.6538 0.599913 -0.170901 -0.0203279 5
46.749 0.600529 -0.171069 -0.0188907 5
46.8417 0.60051 -0.171291 -0.0187744 5
46.9546 0.600267 -0.171029 -0.0192072 5
47.0311 0.600107 -0.171183 -0.0198694 5
47.1396 0.600235 -0.170965 -0.0193414 5
47.2199 0.600519 -0.170847 -0.0200026 5
47.3106 0.600427 -0.171133 -0.0191789 5
47.4102 0.600596 -0.170783 -0.0192843 5
47.5025 0.600261 -0.171308 -0.0193951 5
47.5957 0.600436 -0.171305 -0.0195587 5
47.6889 0.600328 -0.171061 -0.0197049 5
47.7822 0.60024 -0.170946 -0.0190276 5
47.8722 0.600441 -0.171219 -0.0191893 5
47.9599 0.600325 -0.17131 -0.0189238 5
48.054 0.59992 -0.171406 -0.020133 5
48.1479 0.600313 -0.171125 -0.0190874 5
48.2305 0.600078 -0.171134 -0.019635 5
48.3245 0.60057 -0.17099 -0.0189101 5
48.4157 0.599958 -0.171192 -0.0191253 5
48.505 0.600239 -0.170909 -0.0184208 5
48.6056 0.600146 -0.171243 -0.0198323 5
48.6929 0.600251 -0.171327 -0.0194372 5
48.7879 0.600181 -0.170967 -0.0195282 5
48.8856 0.599982 -0.171139 -0.018863 5
48.9645 0.6007 -0.17087 -0.0190856 5
49.0664 0.600064 -0.17107 -0.019193 5
49.1546 0.60063 -0.17088 -0.0191515 5
49.2426 0.59998 -0.171214 -0.019653 5
49.3402 0.600207 -0.170954 -0.0188998 5
49.4282 0.600491 -0.171299 -0.0191248 5
49.5263 0.600809 -0.17112 -0.0183514 5
49.6219 0.600774 -0.171025 -0.0187481 5
49.7262 0.600411 -0.171041 -0.0190457 5
49.8085 0.600325 -0.170959 -0.0189833 5
49.8937 0.600038 -0.171289 -0.0194978 5
49.9861 0.600523 -0.171105 -0.0194836 5
50.0844 0.600358 -0.170918 -0.0197558 5
50.1686 0.600147 -0.171157 -0.0195072 5
50.2608 0.600168 -0.17096 -0.0194973 5
50.351 0.60007 -0.171067 -0.0192989 5
50.4492 0.6 -0.171355 -0.0193231 5
50.536 0.600644 -0.171017 -0.0196917 5
50.6215 0.600226 -0.171197 -0.0198144 5
50.7125 0.600002 -0.171108 -0.0191864 5
50.8158 0.600411 -0.170674 -0.0192075 5
50.8995 0.600558 -0.170902 -0.0199374 5
50.9952 0.600685 -0.171143 -0.0197386 5
51.0937 0.600068 -0.171064 -0.0198663 5
51.1825 0.600411 -0.171004 -0.019552 5
51.2925 0.600394 -0.17118 -0.0193637 5
51.3726 0.600268 -0.171515 -0.0195681 5
51.4818 0.600201 -0.170844 -0.0195697 5
51.565 0.599952 -0.17121 -0.0198709 5
51.6584 0.60044 -0.170967 -0.0190966 5
51.7559 0.600283 -0.171129 -0.0195241 5
51.846 0.600321 -0.171395 -0.0191164 5
51.9507 0.600136 -0.171304 -0.0190679 5
52.0383 0.600246 -0.171076 -0.0192302 5
52.1406 0.600556 -0.170954 -0.0189772 5
52.2335 0.600258 -0.170906 -0.0194973 5
52.3336 0.600332 -0.170892 -0.0192869 5
52.4194 0.600064 -0.17107 -0.0197808 5
52.5095 0.600405 -0.171193 -0.0195905 5
52.6151 0.600352 -0.17115 -0.019504 5
52.6954 0.600363 -0.171382 -0.0188367 5
52.787 0.600587 -0.170944 -0.0193605 5
52.8808 0.600268 -0.171137 -0.0196807 5
52.9682 0.600578 -0.170926 -0.0190922 5
53.0566 0.600287 -0.170925 -0.0196169 5
53.1478 0.600297 -0.170971 -0.0195043 5
53.234 0.600263 -0.170894 -0.0197487 5
53.3267 0.60012 -0.170877 -0.0196529 5
53.4193 0.600221 -0.171157 -0.0192783 5
53.5088 0.600271 -0.170917 -0.0198111 5
53.6067 0.60047 -0.171119 -0.0193617 5
53.6964 0.600035 -0.170936 -0.0201862 5
53.7854 0.600847 -0.170906 -0.0194344 5
53.8849 0.600037 -0.171137 -0.0201629 5
53.9704 0.600234 -0.170797 -0.0202638 5
54.0729 0.599972 -0.171124 -0.0194462 5
54.1604 0.599983 -0.171061 -0.0200134 5
54.2536 0.600067 -0.171389 -0.0198392 5
54.3488 0.600183 -0.171171 -0.0190761 5
54.4353 0.599948 -0.170883 -0.0195212 5
54.5315 0.600261 -0.171071 -0.0198117 5
54.6242 0.600148 -0.171448 -0.0197786 5
54.7147 0.600481 -0.170993 -0.0193843 5
54.8139 0.600306 -0.171087 -0.0194249 5
54.8992 0.600026 -0.171199 -0.0195377 5
54.992 0.600257 -0.170945 -0.0201037 5
55.0921 0.600498 -0.17092 -0.0191827 5
55.1745 0.600098 -0.171378 -0.0199674 5
55.2772 0.600396 -0.170911 -0.0196297 5
55.3616 0.600072 -0.170895 -0.0196797 5
55.4543 0.600368 -0.17105 -0.0191124 5
55.5533 0.599878 -0.171032 -0.0203838 5
55.64 0.600329 -0.17096 -0.01925 5
55.7379 0.600191 -0.171322 -0.0194125 5
55.8327 0.600329 -0.171285 -0.019382 5
55.9239 0.600022 -0.171495 -0.0199247 5
56.0208 0.600058 -0.171152 -0.0196315 5
56.1149 0.600128 -0.17118 -0.0204506 5
56.2164 0.60005 -0.171232 -0.0202751 5
56.3024 0.600112 -0.170894 -0.0195185 5
56.3944 0.60065 -0.171286 -0.0190107 5
56.4886 0.600083 -0.171211 -0.019405 5
56.5824 0.600133 -0.170784 -0.019679 5
56.6817 0.600109 -0.170844 -0.019578 5
56.7715 0.600227 -0.171157 -0.0201246 5
56.868 0.600792 -0.171237 -0.0188684 5
56.9542 0.600102 -0.171231 -0.0195347 5
57.0529 0.599864 -0.17098 -0.0200729 5
57.1417 0.600143 -0.170906 -0.0204159 5
57.2321 0.600635 -0.171123 -0.0187887 5
57.3195 0.600319 -0.170937 -0.0200137 5
57.416 0.600387 -0.171164 -0.0191516 5
57.4995 0.599817 -0.171004 -0.0201598 5
57.5906 0.599982 -0.171342 -0.0204456 5
57.686 0.600172 -0.171194 -0.0190404 5
57.7711 0.600063 -0.171418 -0.0198029 5
57.872 0.600202 -0.171402 -0.0188537 5
57.9559 0.600355 -0.170884 -0.0190523 5
58.0476 0.599964 -0.170984 -0.0201468 5
58.1482 0.600014 -0.170927 -0.0199111 5
58.2283 0.600276 -0.171039 -0.0197607 5
58.3252 0.600073 -0.170816 -0.0194328 5
58.4176 0.600183 -0.170697 -0.0194142 5
58.5083 0.600192 -0.171252 -0.0193336 5
58.603 0.600104 -0.171209 -0.0198704 5
58.6926 0.600204 -0.170871 -0.0201965 5
58.7815 0.600041 -0.170809 -0.020344 5
58.8819 0.599985 -0.171324 -0.0201511 5
58.9611 0.600418 -0.171148 -0.0191805 5
59.0534 0.600282 -0.171216 -0.0194083 5
59.1493 0.60021 -0.17124 -0.019643 5
59.2434 0.600227 -0.17095 -0.0200249 5
59.3273 0.600601 -0.170882 -0.018886 5
59.4282 0.600118 -0.171169 -0.0200482 5
59.5266 0.600059 -0.170832 -0.0203799 5
59.6122 0.600254 -0.170995 -0.0195222 5
59.6924 0.600332 -0.170838 -0.0197213 5
59.7925 0.600076 -0.171212 -0.019812 5
59.8836 0.599828 -0.171067 -0.0202383 5
59.9662 0.600054 -0.171203 -0.019623 5
60.0727 0.600448 -0.170953 -0.0197217 5
60.1575 0.600098 -0.171263 -0.0200524 5
60.2438 0.599891 -0.17117 -0.0197792 5
60.3406 0.600094 -0.170996 -0.0201395 5
60.4301 0.600427 -0.171209 -0.0192615 5
60.5275 0.600214 -0.170843 -0.0199297 5
60.6333 0.60016 -0.171222 -0.0198942 5
60.7247 0.600364 -0.17091 -0.0195915 5
60.8234 0.600063 -0.171206 -0.0201484 5
60.9167 0.600039 -0.171438 -0.0198242 5
61.0216 0.60006 -0.171178 -0.0197777 5
61.1135 0.60009 -0.170827 -0.0200556 5
61.2226 0.600232 -0.171136 -0.0197089 5
61.3108 0.600142 -0.171325 -0.0198301 5
61.4113 0.600262 -0.171131 -0.0191563 5
61.5044 0.600234 -0.170974 -0.0202328 5
61.6045 0.600262 -0.171107 -0.0198283 5
61.6925 0.600245 -0.171246 -0.0197254 5
61.7848 0.599998 -0.170918 -0.0204684 5
61.8826 0.600144 -0.171235 -0.0198427 5
61.9637 0.600126 -0.170994 -0.0201828 5
62.0588 0.600453 -0.170982 -0.0192037 5
62.149 0.599916 -0.171049 -0.0194094 5
62.2335 0.599916 -0.171183 -0.0203361 5
62.3274 0.600416 -0.17098 -0.0195588 5
62.4219 0.599843 -0.171131 -0.0208134 5
62.5077 0.600037 -0.170962 -0.0198835 5
62.6143 0.600345 -0.171049 -0.0195583 5
62.6958 0.600073 -0.171119 -0.0205213 5
62.795 0.600133 -0.171122 -0.020305 5
62.8855 0.600189 -0.171219 -0.0196176 5
62.971 0.599957 -0.171192 -0.0200062 5
63.0686 0.600169 -0.171291 -0.0198941 5
63.1531 0.599977 -0.171148 -0.0204079 5
63.2384 0.599909 -0.171024 -0.0211833 5
63.3372 0.600002 -0.171022 -0.0198661 5
63.4248 0.600029 -0.170982 -0.0193689 5
63.5182 0.60005 -0.171349 -0.0196487 5
63.6175 0.60014 -0.171267 -0.0199345 5
63.7037 0.600292 -0.171115 -0.0194226 5
63.8046 0.599881 -0.170959 -0.0201537 5
63.8865 0.599958 -0.171253 -0.0198622 5
63.9873 0.600188 -0.17118 -0.0199678 5
64.0834 0.600164 -0.171174 -0.0207382 5
64.1823 0.600045 -0.171261 -0.0203876 5
64.2831 0.600372 -0.171292 -0.0191535 5
64.3671 0.599919 -0.170942 -0.0199129 5
64.4596 0.600209 -0.170905 -0.0196311 5
64.554 0.600028 -0.171167 -0.0199989 5
64.6404 0.60003 -0.171279 -0.0205783 5
64.7375 0.59993 -0.171185 -0.0204137 5
64.8242 0.600037 -0.171154 -0.0207347 5
64.9314 0.600481 -0.171014 -0.0195452 5
65.014 0.600168 -0.171276 -0.020258 5
65.1108 0.599897 -0.171102 -0.0205814 5
65.2038 0.600138 -0.171224 -0.0197702 5
65.2943 0.600065 -0.171187 -0.0197352 5
65.3898 0.600154 -0.17104 -0.0199989 5
65.4915 0.600059 -0.170726 -0.019828 5
65.5772 0.600004 -0.171241 -0.0201578 5
65.6788 0.599941 -0.171268 -0.0198519 5
65.7582 0.599947 -0.171187 -0.0196947 5
65.8564 0.600113 -0.171217 -0.0192467 5
65.9528 0.599857 -0.171127 -0.0200697 5
66.0393 0.600391 -0.170888 -0.0193688 5
66.1281 0.600356 -0.171234 -0.019076 5
66.2254 0.59978 -0.171106 -0.0201979 5
66.3225 0.599806 -0.171087 -0.0198588 5
66.4187 0.600021 -0.171131 -0.0200865 5
66.5046 0.599929 -0.171118 -0.0204448 5
66.6061 0.599474 -0.17113 -0.0203896 5
66.6964 0.60003 -0.170832 -0.0200028 5
66.7888 0.600022 -0.171178 -0.0205707 5
66.8823 0.599987 -0.17082 -0.0204524 5
66.9673 0.599718 -0.171469 -0.020557 5
67.0672 0.600257 -0.170926 -0.0199105 5
67.1573 0.60006 -0.170846 -0.0202202 5
67.2458 0.599967 -0.170966 -0.0199752 5
67.3485 0.599808 -0.171002 -0.0207884 5
67.4323 0.599939 -0.171382 -0.0206636 5
67.5311 0.600384 -0.170944 -0.019831 5
67.6219 0.600207 -0.170883 -0.0200653 5
67.7238 0.600027 -0.170803 -0.019768 5
67.8265 0.600203 -0.171171 -0.0204956 5
67.9031 0.600034 -0.17078 -0.0199124 5
68.0216 0.600126 -0.171144 -0.0204941 5
68.0978 0.600556 -0.170844 -0.0193577 5
68.1933 0.599974 -0.171262 -0.02028 5
68.283 0.600101 -0.171126 -0.0189308 5
68.3737 0.600296 -0.17112 -0.0196729 5
