0 0.402169 0.0455996 0.23 0
0.0842175 0.402156 0.0456183 0.23 0
0.175341 0.402159 0.0455983 0.23 0
0.275467 0.40218 0.0456038 0.23 0
0.357777 0.402159 0.0455975 0.23 0
0.434613 0.40216 0.0456161 0.23 0
0.526723 0.40217 0.0456254 0.23 0
0.61736 0.402157 0.0456045 0.23 0
0.698674 0.402165 0.0455928 0.23 0
0.783611 0.402157 0.0455935 0.23 0
0.890239 0.402157 0.0455905 0.23 0
0.994692 0.402172 0.0456047 0.23 0
1.08908 0.402153 0.0455908 0.23 0
1.19172 0.402162 0.0456078 0.23 0
1.28056 0.402157 0.0455907 0.23 0
1.36945 0.402161 0.0456203 0.23 0
1.47157 0.402156 0.0456162 0.23 0
1.5618 0.402155 0.0456097 0.23 0
1.65945 0.402156 0.0456031 0.23 0
1.74851 0.402164 0.0456095 0.23 0
1.83785 0.40215 0.0456096 0.23 0
1.94851 0.402153 0.0456192 0.23 0
2.0268 0.402164 0.0455924 0.23 0
2.11139 0.402162 0.0455957 0.23 0
2.21657 0.40216 0.0456026 0.23 0
2.32531 0.402159 0.0456165 0.23 0
2.42951 0.402151 0.0456175 0.23 0
2.52357 0.402158 0.0456012 0.23 0
2.61538 0.402169 0.0456073 0.23 0
2.70381 0.402172 0.0456037 0.23 0
2.81614 0.402152 0.0455963 0.23 0
2.90314 0.402156 0.0455941 0.23 0
3.00354 0.402162 0.0456068 0.23 0
3.08357 0.402148 0.0456 0.23 0
3.18295 0.402156 0.0455852 0.23 0
3.28265 0.402142 0.0455885 0.23 0
3.3674 0.402151 0.0455891 0.23 0
3.4764 0.402164 0.0456076 0.23 0
3.55997 0.402143 0.0455999 0.23 0
3.66839 0.402149 0.0455913 0.23 0
3.76632 0.402151 0.0456123 0.23 0
3.86623 0.402154 0.0455949 0.23 0
3.96309 0.402148 0.0456 0.23 0
4.0577 0.402149 0.0456198 0.23 0
4.17563 0.402166 0.0456004 0.23 0
4.2718 0.402166 0.0456185 0.23 0
4.35216 0.402142 0.0455957 0.23 0
4.44575 0.402161 0.0455999 0.23 0
4.55098 0.402162 0.0455954 0.23 0
4.65074 0.402152 0.0456115 0.23 0
4.76168 0.402157 0.0456159 0.23 0
4.87247 0.402161 0.0455962 0.23 0
4.95534 0.402165 0.0456118 0.23 0
5.04514 0.402169 0.0456156 0.23 0
5.15363 0.402162 0.0456187 0.23 0
5.26904 0.402181 0.0455881 0.23 0
5.35329 0.402153 0.0456061 0.23 0
5.44047 0.402179 0.0456194 0.23 0
5.54875 0.40221 0.0456061 0.23 0
5.63918 0.402242 0.0456061 0.23 0
5.7449 0.402304 0.0456478 0.23 0
5.83699 0.402373 0.0456607 0.23 0
5.93528 0.40246 0.0456893 0.23 0
6.02393 0.402575 0.0457144 0.23 0
6.12437 0.402662 0.045735 0.23 0
6.21426 0.402758 0.0457706 0.23 0
6.30845 0.40287 0.0457705 0.23 0
6.41569 0.402988 0.0458053 0.23 0
6.50701 0.403117 0.0458039 0.23 0
6.62046 0.403219 0.0458325 0.23 0
6.7055 0.403352 0.0458566 0.23 0
6.80728 0.403474 0.045889 0.23 0
6.89266 0.403575 0.0459109 0.23 0
6.99417 0.403685 0.0459465 0.23 0
7.09342 0.403759 0.0459237 0.23 0
7.19444 0.403879 0.0459537 0.23 0
7.28637 0.403966 0.0459683 0.23 0
7.37426 0.404066 0.0459704 0.23 0
7.47354 0.404143 0.0459742 0.23 0
7.56397 0.404187 0.0459623 0.23 0
7.65963 0.404255 0.0459804 0.23 0
7.75949 0.404305 0.0459353 0.23 0
7.85072 0.404342 0.04592 0.23 0
7.95183 0.40435 0.0458942 0.23 0
8.02978 0.404364 0.0458768 0.23 0
8.13399 0.404345 0.0458502 0.23 0
8.22198 0.404345 0.0458047 0.23 0
8.31134 0.404332 0.0457759 0.23 0
8.41548 0.404292 0.0457248 0.23 0
8.49998 0.404274 0.0456914 0.23 0
8.6076 0.404208 0.0456414 0.23 0
8.69071 0.404171 0.0455866 0.23 0
8.78765 0.404111 0.0455241 0.23 0
8.88078 0.404033 0.0454627 0.23 0
8.97273 0.404005 0.0454403 0.23 0
9.0721 0.403924 0.0453899 0.23 0
9.16072 0.403824 0.045309 0.23 0
9.2659 0.40373 0.045238 0.23 0
9.35518 0.403667 0.0451879 0.23 0
9.45192 0.403563 0.0451378 0.23 0
9.54873 0.403508 0.0451032 0.23 0
9.63739 0.403454 0.0450708 0.23 0
9.7346 0.5358 0.0450199 0.23 1
9.82537 0.5358 0.0449863 0.229189 1
9.92818 0.5358 0.0449597 0.229887 1
10.0176 0.5358 0.0449258 0.230341 1
10.1158 0.5358 0.0449169 0.230721 1
10.2069 0.5358 0.0448962 0.230931 1
10.2982 0.5358 0.0448976 0.231063 1
10.4147 0.5358 0.0448907 0.231052 1
10.4916 0.5358 0.0449055 0.231035 1
10.5984 0.5358 0.0448987 0.231114 1
10.6823 0.5358 0.0449373 0.23121 1
10.7734 0.5358 0.0450134 0.231302 1
10.8694 0.5358 0.045064 0.231446 1
10.958 0.5358 0.0451477 0.23163 1
11.062 0.5358 0.0453021 0.231947 1
11.151 0.5358 0.0454114 0.232139 1
11.2493 0.5358 0.0455903 0.232381 1
11.3357 0.5358 0.0457217 0.232654 1
11.4291 0.5358 0.0459174 0.232954 1
11.5449 0.5358 0.0461485 0.233383 1
11.6332 0.5358 0.0463218 0.233743 1
11.7375 0.5358 0.0464748 0.234031 1
11.8362 0.5358 0.0466042 0.23436 1
11.9296 0.5358 0.0468162 0.234694 1
12.019 0.5358 0.0469546 0.234972 1
12.1209 0.5358 0.0471251 0.235271 1
12.2086 0.5358 0.0472042 0.23543 1
12.2939 0.5358 0.047309 0.235729 1
12.4024 0.5358 0.0473996 0.236076 1
12.487 0.5358 0.0474884 0.236213 1
12.5914 0.5358 0.0476112 0.2364 1
12.6748 0.5358 0.0476491 0.236557 1
12.765 0.5358 0.0476372 0.236663 1
12.8652 0.5358 0.0476403 0.236698 1
12.9503 0.5358 0.0476217 0.236733 1
13.0446 0.5358 0.0476309 0.236765 1
13.1389 0.5358 0.047519 0.236719 1
13.2385 0.5358 0.0474288 0.236697 1
13.3362 0.5358 0.0473638 0.236647 1
13.4263 0.5358 0.0472708 0.236489 1
13.527 0.5358 0.0470887 0.236314 1
13.6198 0.5358 0.0468932 0.236211 1
13.7198 0.5358 0.0467191 0.235937 1
13.8133 0.5358 0.0465708 0.235798 1
13.9036 0.5358 0.0464417 0.235544 1
14.001 0.5358 0.0461822 0.235309 1
14.0866 0.5358 0.0459194 0.235014 1
14.1817 0.5358 0.0457114 0.234793 1
14.2821 0.5358 0.0455002 0.234474 1
14.3821 0.5358 0.0452896 0.234233 1
14.4806 0.5358 0.0451056 0.233852 1
14.5704 0.5358 0.0448593 0.233604 1
14.6729 0.5358 0.0446208 0.233301 1
14.7538 0.5358 0.0444431 0.233172 1
14.8535 0.5358 0.0442781 0.232931 1
14.9511 0.5358 -0.3 0.232675 2
15.0388 0.5343 -0.3 0.232528 2
15.1512 0.535523 -0.3 0.232347 2
15.2391 0.536187 -0.3 0.232212 2
15.3431 0.536738 -0.3 0.232158 2
15.429 0.536901 -0.3 0.23217 2
15.553 0.536876 -0.3 0.232142 2
15.6323 0.536889 -0.3 0.232133 2
15.7364 0.536897 -0.3 0.232157 2
15.8326 0.537002 -0.3 0.232187 2
15.9201 0.537167 -0.3 0.232189 2
16.0188 0.537321 -0.3 0.232204 2
16.1097 0.537482 -0.3 0.232194 2
16.2216 0.537767 -0.3 0.232189 2
16.309 0.538006 -0.3 0.232229 2
16.4056 0.53834 -0.3 0.232263 2
16.4937 0.538643 -0.3 0.232251 2
16.5955 0.538994 -0.3 0.23228 2
16.6905 0.539396 -0.3 0.232354 2
16.7883 0.539843 -0.3 0.232368 2
16.8803 0.540263 -0.3 0.232398 2
16.9638 0.540662 -0.3 0.23239 2
17.0643 0.5412 -0.3 0.232436 2
17.153 0.541659 -0.3 0.232465 2
17.2465 0.542216 -0.3 0.232514 2
17.3471 0.542765 -0.3 0.232525 2
17.434 0.543286 -0.3 0.232547 2
17.5428 0.54399 -0.3 0.232611 2
17.6234 0.544517 -0.3 0.232642 2
17.7192 0.54515 -0.3 0.232741 2
17.8241 0.54584 -0.3 0.232748 2
17.9165 0.546427 -0.3 0.232735 2
18.0203 0.547133 -0.3 0.232791 2
18.1096 0.54778 -0.3 0.232838 2
18.2182 0.54848 -0.3 0.232894 2
18.3047 0.549121 -0.3 0.23291 2
18.4057 0.549846 -0.3 0.232961 2
18.4973 0.550478 -0.3 0.233021 2
18.6027 0.551226 -0.3 0.233044 2
18.6963 0.551902 -0.3 0.233101 2
18.7889 0.552482 -0.3 0.233066 2
18.8854 0.553233 -0.3 0.233158 2
18.9753 0.553817 -0.3 0.233219 2
19.0865 0.554587 -0.3 0.233281 2
19.1727 0.55515 -0.3 0.233352 2
19.2726 0.555822 -0.3 0.233343 2
19.3657 0.556423 -0.3 0.233415 2
19.4487 0.556943 -0.3 0.233445 2
19.5539 0.557573 -0.3 0.233456 2
19.658 0.558194 -0.3 0.233552 2
19.7584 0.558788 -0.3 0.233558 2
19.8536 0.559283 -0.3 0.23355 2
19.9582 0.559899 -0.3 0.233636 2
20.0436 0.560323 -0.3 0.233717 2
20.1526 0.560855 -0.3 0.233673 2
20.2455 0.561246 -0.3 0.23371 2
20.3481 0.56173 -0.3 0.233747 2
20.4424 0.562138 -0.3 0.233861 2
20.5416 0.56253 -0.3 0.233859 2
20.6312 0.562839 -0.3 0.233836 2
20.726 0.563112 -0.3 0.233824 2
20.8301 0.563433 -0.3 0.233852 2
20.9196 0.563674 -0.3 0.233936 2
21.0217 0.563934 -0.3 0.233961 2
21.1084 0.564117 -0.3 0.233994 2
21.2063 0.564251 -0.3 0.23396 2
21.3015 0.564437 -0.3 0.234032 2
21.3959 0.564527 -0.3 0.234028 2
21.5044 0.564624 -0.3 0.234047 2
21.588 0.564627 -0.3 0.234074 2
21.6859 0.56465 -0.3 0.234055 2
21.7744 0.564656 -0.3 0.234103 2
21.8807 0.564567 -0.3 0.234053 2
21.9695 0.564494 -0.3 0.234087 2
22.0762 0.56433 -0.3 0.234034 2
22.1639 0.564217 -0.3 0.234139 2
22.2596 0.564054 -0.3 0.234124 2
22.3646 0.5638 -0.3 0.234073 2
22.4626 0.563538 -0.3 0.2341 2
22.5657 0.563244 -0.3 0.234063 2
22.6656 0.562948 -0.3 0.234165 2
22.7634 0.562587 -0.3 0.234172 2
22.857 0.562178 -0.3 0.234125 2
22.9589 0.561781 -0.3 0.234061 2
23.0439 0.561392 -0.3 0.234061 2
23.1435 0.561014 -0.3 0.234095 2
23.2461 0.560464 -0.3 0.234045 2
23.3309 0.559982 -0.3 0.234025 2
23.4452 0.55938 -0.3 0.234004 2
23.5243 0.558964 -0.3 0.233976 2
23.6406 0.558323 -0.3 0.233994 2
23.7271 0.557717 -0.3 0.233989 2
23.8144 0.55723 -0.3 0.233991 2
23.9141 0.556563 -0.3 0.233901 2
24.017 0.555909 -0.3 0.233878 2
24.111 0.555225 -0.3 0.233939 2
24.2054 0.554559 -0.3 0.233893 2
24.304 0.553854 -0.3 0.23389 2
24.3904 0.553268 -0.3 0.233804 2
24.4935 0.552484 -0.3 0.233742 2
24.5949 0.551857 -0.3 0.23381 2
24.6875 0.551146 -0.3 0.233738 2
24.7888 0.55039 -0.3 0.233747 2
24.8928 0.549618 -0.3 0.233734 2
25.001 0.548833 -0.3 0.233704 2
25.0988 0.54812 -0.3 0.233634 2
25.1858 0.547509 -0.3 0.233664 2
25.2704 0.546928 -0.3 0.23366 2
25.3655 0.546247 -0.3 0.233626 2
25.4548 0.545596 -0.3 0.233537 2
25.5552 0.544896 -0.3 0.233537 2
25.6519 0.54429 -0.3 0.233515 2
25.7579 0.543544 -0.3 0.23347 2
25.8497 0.542937 -0.3 0.233463 2
25.9423 0.542435 -0.3 0.233491 2
26.0367 0.541827 -0.3 0.233489 2
26.1369 0.541264 -0.3 0.233463 2
26.2312 0.540755 -0.3 0.233448 2
26.3269 0.540311 -0.3 0.233423 2
26.4343 0.539741 -0.3 0.233411 2
26.5224 0.539364 -0.3 0.233376 2
26.6085 0.539018 -0.3 0.233396 2
26.733 0.538534 -0.3 0.23337 2
26.8096 0.538223 -0.3 0.25 3
26.9157 0.537865 -0.298836 0.25 3
27.0114 0.537591 -0.299683 0.25 3
27.1085 0.5374 -0.300352 0.25 3
27.2139 0.537205 -0.300994 0.25 3
27.31 0.537072 -0.30135 0.25 3
27.3925 0.537017 -0.301609 0.25 3
27.4869 0.536956 -0.301796 0.25 3
27.5819 0.53694 -0.301871 0.25 3
27.7112 0.536918 -0.301907 0.25 3
27.7938 0.53693 -0.30189 0.25 3
27.8805 0.536954 -0.301908 0.25 3
27.963 0.536999 -0.301913 0.25 3
28.0577 0.537015 -0.301944 0.25 3
28.1573 0.536992 -0.302037 0.25 3
28.2478 0.537017 -0.302079 0.25 3
28.3481 0.537019 -0.302141 0.25 3
28.4425 0.537016 -0.302197 0.25 3
28.5328 0.537014 -0.302253 0.25 3
28.6258 0.537032 -0.302337 0.25 3
28.7154 0.537015 -0.302419 0.25 3
28.8197 0.537031 -0.302492 0.25 3
28.91 0.537028 -0.30257 0.25 3
29.0142 0.537016 -0.30267 0.25 3
29.1004 0.537028 -0.30276 0.25 3
29.1965 0.537033 -0.302844 0.25 3
29.3138 0.537048 -0.302981 0.25 3
29.4054 0.537044 -0.303057 0.25 3
29.4894 0.537054 -0.303125 0.25 3
29.5804 0.537026 -0.303202 0.25 3
29.678 0.537021 -0.303296 0.25 3
29.7711 0.536985 -0.259 0.24 4
29.8693 0.536994 -0.259 0.24 4
29.9711 0.536968 -0.259 0.24 4
30.0726 0.536971 -0.259 0.24 4
30.1599 0.536975 -0.259 0.24 4
30.2669 0.536973 -0.259 0.24 4
30.3518 0.536954 -0.259 0.24 4
30.438 0.536969 -0.259 0.24 4
30.5325 0.536925 -0.259 0.24 4
30.6243 0.53691 -0.259 0.24 4
30.7158 0.536924 -0.259 0.24 4
30.8357 0.536927 -0.259 0.24 4
30.9149 0.53694 -0.259 0.24 4
30.9983 0.536906 -0.259 0.24 4
31.0989 0.53692 -0.259 0.24 4
31.193 0.536945 -0.259 0.24 4
31.2918 0.536993 -0.259 0.24 4
31.3788 0.537054 -0.259 0.24 4
31.4765 0.537163 -0.259 0.24 4
31.5748 0.53723 -0.259 0.24 4
31.67 0.537241 -0.259 0.24 4
31.7684 0.537319 -0.259 0.24 4
31.867 0.537362 -0.259 0.24 4
31.9697 0.537467 -0.259 0.24 4
32.0541 0.537483 -0.259 0.24 4
32.1554 0.537488 -0.259 0.24 4
32.2447 0.537518 -0.259 0.24 4
32.3497 0.537542 -0.259 0.24 4
32.4465 0.537487 -0.259 0.24 4
32.5367 0.537469 -0.259 0.24 4
32.6289 0.537514 -0.259 0.24 4
32.7462 0.537435 -0.259 0.24 4
32.8238 0.537443 -0.259 0.24 4
32.9432 0.537408 -0.259 0.24 4
33.0314 0.537373 -0.259 0.24 4
33.1089 0.537343 -0.259 0.24 4
33.1989 0.537259 -0.259 0.24 4
33.2948 0.537214 -0.259 0.24 4
33.3833 0.537192 -0.259 0.24 4
33.4875 0 0 0 5
33.4875 0.537132 -0.259 0.24 5
33.5752 0.53744 -0.26238 0.241027 5
33.684 0.537239 -0.262235 0.236812 5
33.7681 0.537277 -0.261735 0.232196 5
33.8621 0.537569 -0.260551 0.227266 5
33.9692 0.537331 -0.259065 0.219696 5
34.0748 0.537748 -0.257013 0.203635 5
34.1609 0.538049 -0.254874 0.191383 5
34.2625 0.538287 -0.255259 0.184402 5
34.3617 0.538326 -0.255457 0.162646 5
34.4716 0.537794 -0.256335 0.162475 5
34.5701 0.539859 -0.263386 0.184284 5
34.6689 0.540044 -0.261495 0.183027 5
34.7832 0.539949 -0.261053 0.183622 5
34.8787 0.540382 -0.261108 0.183267 5
34.9864 0.540403 -0.260772 0.1832 5
35.0944 0.540385 -0.260914 0.183908 5
35.1908 0.539898 -0.260783 0.182918 5
35.2868 0.540218 -0.260496 0.182381 5
35.3739 0.540175 -0.260693 0.183284 5
35.476 0.54005 -0.260225 0.183367 5
35.5577 0.540051 -0.260664 0.183622 5
35.6521 0.540011 -0.260551 0.183057 5
35.7613 0.540532 -0.260409 0.183451 5
35.846 0.540428 -0.260693 0.183513 5
35.9467 0.540626 -0.260984 0.184329 5
36.0331 0.540317 -0.26089 0.183338 5
36.1273 0.540029 -0.260963 0.182934 5
36.2188 0.539691 -0.260967 0.183101 5
36.3041 0.540442 -0.260605 0.18362 5
36.4043 0.540529 -0.260505 0.183361 5
36.4975 0.540633 -0.260648 0.183344 5
36.5955 0.540709 -0.260457 0.183773 5
36.6981 0.540571 -0.260688 0.183587 5
36.7894 0.540006 -0.260882 0.183152 5
36.8813 0.540638 -0.260969 0.184267 5
36.9701 0.540505 -0.260785 0.183476 5
37.0543 0.540222 -0.260703 0.18378 5
37.1558 0.540386 -0.260672 0.183758 5
37.237 0.540493 -0.260648 0.183186 5
37.3384 0.539803 -0.260563 0.18244 5
37.4213 0.540266 -0.260953 0.183212 5
37.5138 0.540893 -0.260728 0.183542 5
37.6151 0.540551 -0.260901 0.182963 5
37.6965 0.540551 -0.260763 0.183923 5
37.795 0.540311 -0.260661 0.183996 5
37.8915 0.540794 -0.260618 0.183207 5
37.9816 0.540365 -0.260904 0.183467 5
38.0799 0.540145 -0.260948 0.183013 5
38.165 0.539999 -0.26059 0.183702 5
38.26 0.540284 -0.260588 0.182984 5
38.3528 0.540601 -0.260462 0.183831 5
38.4418 0.54056 -0.260706 0.184014 5
38.5508 0.540365 -0.260729 0.183821 5
38.6444 0.540294 -0.260662 0.183731 5
38.7334 0.540724 -0.260642 0.183792 5
38.8186 0.54013 -0.260974 0.183769 5
38.9031 0.540395 -0.260756 0.182713 5
38.9981 0.540188 -0.260938 0.183483 5
39.0844 0.540571 -0.260821 0.183376 5
39.1821 0.540286 -0.261102 0.18363 5
39.2829 0.540692 -0.260987 0.182958 5
39.3688 0.540233 -0.260796 0.183487 5
39.4565 0.54017 -0.260698 0.183264 5
39.5544 0.540006 -0.26055 0.18348 5
39.6512 0.540543 -0.260883 0.183624 5
39.7408 0.540488 -0.260735 0.183795 5
39.8262 0.54067 -0.260848 0.183527 5
39.9145 0.540351 -0.260678 0.183745 5
40.0121 0.540064 -0.26078 0.183127 5
40.0958 0.540336 -0.26062 0.183876 5
40.1899 0.540338 -0.260854 0.183262 5
40.2929 0.54028 -0.260537 0.1841 5
40.3764 0.540517 -0.260679 0.182532 5
40.4706 0.540639 -0.26073 0.183567 5
40.5663 0.540196 -0.260522 0.18373 5
40.6506 0.540461 -0.260367 0.183959 5
40.749 0.540292 -0.260951 0.183595 5
40.8436 0.540123 -0.260622 0.18347 5
40.9262 0.540797 -0.260656 0.184589 5
41.0206 0.540586 -0.260836 0.18331 5
41.1127 0.540783 -0.260606 0.183686 5
41.2069 0.540714 -0.260783 0.184065 5
41.2934 0.540157 -0.260634 0.183873 5
41.3861 0.540573 -0.260698 0.1838 5
41.4813 0.540515 -0.260819 0.183648 5
41.57 0.540879 -0.260897 0.183785 5
41.6602 0.540307 -0.260293 0.183742 5
41.7525 0.540394 -0.260487 0.183661 5
41.8538 0.540223 -0.260648 0.183928 5
41.9494 0.540201 -0.260729 0.184371 5
42.0316 0.540144 -0.260795 0.183844 5
42.1283 0.540507 -0.260642 0.18361 5
42.215 0.540361 -0.260813 0.183505 5
42.3035 0.540764 -0.260584 0.183666 5
42.3879 0.540305 -0.260428 0.182916 5
42.4913 0.540222 -0.2609 0.183638 5
42.5829 0.540611 -0.26102 0.183684 5
42.6833 0.54049 -0.26061 0.183931 5
42.7734 0.540881 -0.260723 0.184583 5
42.8667 0.539907 -0.260796 0.183388 5
42.955 0.540413 -0.260568 0.183623 5
43.0484 0.540622 -0.260454 0.183616 5
43.1495 0.540129 -0.260583 0.183127 5
43.2329 0.540618 -0.260786 0.183393 5
43.3294 0.540238 -0.260951 0.183631 5
43.4212 0.540699 -0.260635 0.184252 5
43.5222 0.540391 -0.260528 0.184304 5
43.6096 0.540094 -0.260502 0.183547 5
43.698 0.540379 -0.260923 0.18364 5
43.7838 0.540861 -0.260845 0.183488 5
43.8834 0.540619 -0.260795 0.183824 5
43.9706 0.539997 -0.260426 0.18316 5
44.0667 0.540242 -0.260424 0.183633 5
44.1536 0.540327 -0.260832 0.183974 5
44.2488 0.540521 -0.260573 0.183685 5
44.3478 0.540624 -0.260589 0.184104 5
44.4287 0.540536 -0.260925 0.183401 5
44.5199 0.540357 -0.261019 0.183189 5
44.6165 0.540702 -0.260743 0.18355 5
44.7154 0.540495 -0.260554 0.183444 5
44.8002 0.540153 -0.260555 0.183191 5
44.8893 0.540863 -0.260846 0.183938 5
44.9812 0.540761 -0.26067 0.18436 5
45.0844 0.540634 -0.260911 0.184795 5
45.1631 0.5405 -0.260653 0.18412 5
45.2676 0.540534 -0.260739 0.184028 5
45.3545 0.540089 -0.260868 0.183631 5
45.455 0.540669 -0.260568 0.18414 5
45.543 0.540495 -0.2607 0.183921 5
45.6345 0.540411 -0.260425 0.183723 5
45.7253 0.540427 -0.260753 0.183246 5
45.8203 0.54032 -0.260706 0.18398 5
45.9021 0.540593 -0.260648 0.18406 5
46.0025 0.540288 -0.260707 0.18372 5
46.0946 0.540123 -0.260875 0.183505 5
46.1858 0.540333 -0.260749 0.184058 5
46.285 0.540572 -0.260689 0.183775 5
46.3673 0.540445 -0.261023 0.183118 5
46.4691 0.540706 -0.260577 0.183878 5
46.5584 0.540524 -0.260832 0.183877 5
46.6538 0.540883 -0.260933 0.18487 5
46.749 0.540268 -0.260779 0.183408 5
46.8417 0.54028 -0.260542 0.183291 5
46.9546 0.540535 -0.260827 0.183772 5
47.0311 0.540682 -0.26067 0.184415 5
47.1396 0.540546 -0.260886 0.183866 5
47.2199 0.54027 -0.260969 0.184515 5
47.3106 0.540376 -0.260726 0.183736 5
47.4102 0.54023 -0.261023 0.18384 5
47.5025 0.540534 -0.26053 0.183931 5
47.5957 0.540363 -0.260535 0.184065 5
47.6889 0.540469 -0.260789 0.18425 5
47.7822 0.540551 -0.260909 0.183565 5
47.8722 0.540365 -0.26061 0.183733 5
47.9599 0.540467 -0.260551 0.18346 5
48.054 0.540876 -0.260442 0.184655 5
48.1479 0.540491 -0.260717 0.183637 5
48.2305 0.540726 -0.260712 0.184179 5
48.3245 0.540227 -0.260848 0.183439 5
48.4157 0.540844 -0.260648 0.183653 5
48.505 0.540543 -0.260937 0.182933 5
48.6056 0.54064 -0.260603 0.184341 5
48.6929 0.540549 -0.260515 0.183998 5
48.7879 0.540612 -0.260866 0.184066 5
48.8856 0.540804 -0.260732 0.183423 5
48.9645 0.540113 -0.260959 0.183631 5
49.0664 0.540722 -0.26078 0.183703 5
49.1546 0.540167 -0.26096 0.183697 5
49.2426 0.540824 -0.260634 0.184187 5
49.3402 0.540583 -0.2609 0.183438 5
49.4282 0.54032 -0.260525 0.183682 5
49.5263 0.539994 -0.260711 0.182891 5
49.6219 0.540035 -0.260792 0.18326 5
49.7262 0.540391 -0.260793 0.183578 5
49.8085 0.540477 -0.260877 0.183526 5
49.8937 0.540759 -0.260542 0.184022 5
49.9861 0.540276 -0.260736 0.184025 5
50.0844 0.540431 -0.260928 0.184296 5
50.1686 0.540653 -0.260664 0.184038 5
50.2608 0.540638 -0.260861 0.184027 5
50.351 0.540726 -0.260766 0.183787 5
50.4492 0.5408 -0.260494 0.183881 5
50.536 0.540147 -0.260824 0.184232 5
50.6215 0.540565 -0.260644 0.184327 5
50.7125 0.54079 -0.260733 0.18371 5
50.8158 0.540391 -0.261168 0.183745 5
50.8995 0.540244 -0.260925 0.184476 5
50.9952 0.5401 -0.260702 0.184272 5
51.0937 0.540752 -0.260762 0.184418 5
51.1825 0.540409 -0.260816 0.184108 5
51.2925 0.54041 -0.260662 0.183913 5
51.3726 0.540513 -0.260319 0.184092 5
51.4818 0.540594 -0.261013 0.184116 5
51.565 0.540841 -0.260645 0.184378 5
51.6584 0.540364 -0.260861 0.183628 5
51.7559 0.540507 -0.260717 0.184049 5
51.846 0.540464 -0.260451 0.183626 5
51.9507 0.540658 -0.260543 0.183598 5
52.0383 0.540555 -0.260766 0.183783 5
52.1406 0.540241 -0.260879 0.183503 5
52.2335 0.540528 -0.26094 0.184043 5
52.3336 0.540459 -0.260963 0.183808 5
52.4194 0.540737 -0.260779 0.184321 5
52.5095 0.540391 -0.260632 0.184136 5
52.6151 0.540439 -0.260688 0.184043 5
52.6954 0.540426 -0.260469 0.183353 5
52.787 0.540219 -0.260899 0.183914 5
52.8808 0.540522 -0.260715 0.184226 5
52.9682 0.540213 -0.260906 0.183609 5
53.0566 0.540528 -0.260891 0.184164 5
53.1478 0.540492 -0.260874 0.184027 5
53.234 0.540532 -0.26094 0.184264 5
53.3267 0.540677 -0.260973 0.184188 5
53.4193 0.540595 -0.260654 0.183823 5
53.5088 0.540526 -0.260904 0.184354 5
53.6067 0.54034 -0.260724 0.183911 5
53.6964 0.540756 -0.260903 0.184725 5
53.7854 0.539945 -0.26093 0.183975 5
53.8849 0.540753 -0.260702 0.184673 5
53.9704 0.540576 -0.26104 0.184835 5
54.0729 0.540822 -0.260731 0.183998 5
54.1604 0.540833 -0.260777 0.184566 5
54.2536 0.540727 -0.260458 0.184352 5
54.3488 0.540614 -0.260661 0.18361 5
54.4353 0.540839 -0.260967 0.184063 5
54.5315 0.540528 -0.260765 0.184363 5
54.6242 0.540652 -0.260409 0.184314 5
54.7147 0.540325 -0.260842 0.183941 5
54.8139 0.540498 -0.260756 0.183973 5
54.8992 0.540775 -0.260622 0.18407 5
54.992 0.540534 -0.260888 0.184639 5
55.0921 0.5403 -0.260927 0.183736 5
55.1745 0.540694 -0.260476 0.1845 5
55.2772 0.540411 -0.260918 0.184174 5
55.3616 0.540711 -0.260956 0.184216 5
55.4543 0.540429 -0.260799 0.183647 5
55.5533 0.540915 -0.260822 0.184917 5
55.64 0.540464 -0.260876 0.183772 5
55.7379 0.540602 -0.260519 0.183946 5
55.8327 0.540452 -0.260596 0.183918 5
55.9239 0.540777 -0.260348 0.18446 5
56.0208 0.540727 -0.260701 0.184152 5
56.1149 0.540662 -0.260651 0.184983 5
56.2164 0.540753 -0.260603 0.184818 5
56.3024 0.540697 -0.260937 0.184058 5
56.3944 0.540136 -0.260562 0.183529 5
56.4886 0.540701 -0.260655 0.183925 5
56.5824 0.540664 -0.261056 0.184217 5
56.6817 0.540684 -0.261018 0.184124 5
56.7715 0.540557 -0.260689 0.184658 5
56.868 0.54 -0.260624 0.183405 5
56.9542 0.54068 -0.260607 0.184069 5
57.0529 0.540926 -0.260872 0.184617 5
57.1417 0.540631 -0.26096 0.184939 5
57.2321 0.540177 -0.2607 0.183336 5
57.3195 0.54047 -0.260925 0.184546 5
57.416 0.540415 -0.260683 0.183683 5
57.4995 0.540965 -0.26087 0.184709 5
57.5906 0.5408 -0.26054 0.184974 5
57.686 0.540625 -0.260644 0.183559 5
57.7711 0.540735 -0.260418 0.184322 5
57.872 0.540601 -0.260432 0.183397 5
57.9559 0.540444 -0.260958 0.183567 5
58.0476 0.540844 -0.260847 0.184703 5
58.1482 0.540766 -0.260909 0.184432 5
58.2283 0.540521 -0.260815 0.184309 5
58.3252 0.54073 -0.261003 0.183956 5
58.4176 0.540636 -0.261127 0.183963 5
58.5083 0.540593 -0.260586 0.183856 5
58.603 0.540681 -0.260653 0.184398 5
58.6926 0.540602 -0.260988 0.184759 5
58.7815 0.54075 -0.26103 0.184856 5
58.8819 0.540812 -0.260509 0.184685 5
58.9611 0.540392 -0.260683 0.183714 5
59.0534 0.540507 -0.260639 0.183956 5
59.1493 0.540587 -0.260601 0.184172 5
59.2434 0.540578 -0.26088 0.184576 5
59.3273 0.540205 -0.260948 0.183431 5
59.4282 0.540669 -0.260677 0.184567 5
59.5266 0.540739 -0.261031 0.184933 5
59.6122 0.540545 -0.260862 0.184084 5
59.6924 0.54047 -0.260997 0.184281 5
59.7925 0.540712 -0.260644 0.184339 5
59.8836 0.540971 -0.260774 0.18478 5
59.9662 0.54073 -0.260649 0.184151 5
60.0727 0.540336 -0.260898 0.184258 5
60.1575 0.540679 -0.260571 0.18456 5
60.2438 0.540908 -0.260693 0.184317 5
60.3406 0.540702 -0.260845 0.184668 5
60.4301 0.54038 -0.260608 0.183781 5
60.5275 0.540591 -0.260995 0.18445 5
60.6333 0.540638 -0.260597 0.184401 5
60.7247 0.540434 -0.260929 0.184131 5
60.8234 0.540722 -0.260616 0.184687 5
60.9167 0.540759 -0.260403 0.184383 5
61.0216 0.540744 -0.26065 0.184309 5
61.1135 0.540705 -0.260992 0.184577 5
61.2226 0.540568 -0.260699 0.18423 5
61.3108 0.540639 -0.26052 0.184351 5
61.4113 0.540539 -0.260704 0.183697 5
61.5044 0.540561 -0.260853 0.184787 5
61.6045 0.540539 -0.260733 0.184373 5
61.6925 0.540556 -0.260588 0.184239 5
61.7848 0.540797 -0.260917 0.185002 5
61.8826 0.540649 -0.26062 0.184368 5
61.9637 0.540672 -0.260839 0.184702 5
62.0588 0.540336 -0.260886 0.183766 5
62.149 0.540884 -0.260786 0.183957 5
62.2335 0.540883 -0.260638 0.184856 5
62.3274 0.540391 -0.260857 0.184091 5
62.4219 0.540944 -0.260747 0.185344 5
62.5077 0.540766 -0.260865 0.184414 5
62.6143 0.540446 -0.26081 0.184094 5
62.6958 0.540732 -0.260717 0.185059 5
62.795 0.540661 -0.260725 0.184835 5
62.8855 0.540614 -0.260607 0.184138 5
62.971 0.540836 -0.260635 0.184538 5
63.0686 0.540632 -0.260535 0.184394 5
63.1531 0.540821 -0.260693 0.184949 5
63.2384 0.540884 -0.26083 0.185735 5
63.3372 0.540796 -0.260827 0.184428 5
63.4248 0.540772 -0.260853 0.183928 5
63.5182 0.54075 -0.260476 0.184174 5
63.6175 0.540654 -0.260563 0.184443 5
63.7037 0.540493 -0.260721 0.183942 5
63.8046 0.540928 -0.260877 0.184724 5
63.8865 0.540832 -0.260608 0.184378 5
63.9873 0.540599 -0.260673 0.18451 5
64.0834 0.540645 -0.260654 0.185268 5
64.1823 0.540733 -0.260605 0.184935 5
64.2831 0.540421 -0.260556 0.183674 5
64.3671 0.540883 -0.260894 0.184445 5
64.4596 0.540578 -0.260956 0.18417 5
64.554 0.540761 -0.260679 0.184539 5
64.6404 0.540767 -0.260548 0.185081 5
64.7375 0.540859 -0.26064 0.18495 5
64.8242 0.540749 -0.260711 0.185275 5
64.9314 0.540319 -0.260842 0.184099 5
65.014 0.540636 -0.260552 0.18479 5
65.1108 0.540915 -0.260724 0.18513 5
65.2038 0.540652 -0.260631 0.184309 5
65.2943 0.540744 -0.260642 0.184276 5
65.3898 0.540647 -0.260811 0.18454 5
65.4915 0.540733 -0.261126 0.184379 5
65.5772 0.540814 -0.260585 0.184697 5
65.6788 0.540847 -0.260584 0.184386 5
65.7582 0.540847 -0.260654 0.184237 5
65.8564 0.540681 -0.26063 0.183794 5
65.9528 0.540927 -0.260731 0.184611 5
66.0393 0.540425 -0.260938 0.183923 5
66.1281 0.540446 -0.260596 0.183614 5
66.2254 0.54103 -0.260726 0.184739 5
66.3225 0.540979 -0.260763 0.184396 5
66.4187 0.540774 -0.260689 0.184591 5
66.5046 0.540866 -0.260724 0.184991 5
66.6061 0.541323 -0.260716 0.184941 5
66.6964 0.540769 -0.261024 0.184554 5
66.7888 0.540776 -0.260663 0.185119 5
66.8823 0.540817 -0.261013 0.184989 5
66.9673 0.541073 -0.260371 0.185078 5
67.0672 0.540535 -0.260927 0.184442 5
67.1573 0.540728 -0.260992 0.184762 5
67.2458 0.540853 -0.260829 0.184508 5
67.3485 0.540982 -0.260835 0.185308 5
67.4323 0.540857 -0.260442 0.18521 5
67.5311 0.540408 -0.260896 0.184363 5
67.6219 0.540581 -0.260969 0.18459 5
67.7238 0.540764 -0.26105 0.184298 5
67.8265 0.540596 -0.260683 0.185055 5
67.9031 0.540765 -0.261075 0.184471 5
68.0216 0.540673 -0.26071 0.185053 5
68.0978 0.540243 -0.26101 0.183917 5
68.1933 0.540824 -0.260592 0.184839 5
68.283 0.540698 -0.260728 0.18349 5
68.3737 0.540502 -0.260734 0.184232 5
