1.43051e-06 0.446441 0.184268 -0.0717943 0
0.117108 0.446464 0.184372 -0.0723945 0
0.206795 0.446422 0.184339 -0.0729503 0
0.302712 0.446561 0.184499 -0.0730739 0
0.389016 0.446572 0.184354 -0.0730303 0
0.488828 0.446466 0.184346 -0.0721469 0
0.578747 0.446504 0.184392 -0.0728103 0
0.691956 0.44685 0.184379 -0.0723373 0
0.808737 0.446529 0.184352 -0.0721156 0
0.897264 0.446506 0.184303 -0.0719171 0
0.998008 0.446575 0.18432 -0.0724424 0
1.11623 0.446524 0.184341 -0.0725205 0
1.25834 0.446658 0.184364 -0.0724604 0
1.37376 0.446582 0.184381 -0.073006 0
1.49387 0.446422 0.184267 -0.0723812 0
1.6117 0.446488 0.184418 -0.0730177 0
1.71368 0.446633 0.184319 -0.072748 0
1.79926 0.446681 0.184378 -0.0724719 0
1.91134 0.446556 0.184356 -0.0731136 0
1.99939 0.446496 0.184387 -0.0724452 0
2.10815 0.446506 0.184454 -0.0731785 0
2.22806 0.446629 0.184405 -0.0726955 0
2.35047 0.44646 0.184366 -0.0730984 0
2.49834 0.446575 0.184445 -0.0734334 0
2.61356 0.4466 0.184397 -0.0728749 0
2.73318 0.446491 0.184362 -0.0726255 0
2.8563 0.446749 0.184381 -0.0725326 0
2.97077 0.446482 0.184363 -0.0730598 0
3.09803 0.446594 0.184339 -0.0723061 0
3.21158 0.446728 0.184383 -0.0732486 0
3.32694 0.446545 0.184423 -0.072834 0
3.44323 0.446524 0.184429 -0.0731402 0
3.55956 0.446486 0.184413 -0.072856 0
3.67816 0.446699 0.184362 -0.0724052 0
3.80486 0.446523 0.184418 -0.0733824 0
3.92471 0.446615 0.184412 -0.07299 0
4.05242 0.446467 0.184405 -0.0727063 0
4.17755 0.446491 0.184366 -0.0724886 0
4.29821 0.446516 0.184331 -0.0725909 0
4.42299 0.446486 0.184387 -0.0727203 0
4.53188 0.446502 0.184391 -0.0730268 0
4.65294 0.446486 0.184375 -0.0724619 0
4.76686 0.446541 0.184345 -0.0724234 0
4.89621 0.446616 0.184385 -0.0721657 0
5.018 0.446473 0.184309 -0.0722961 0
5.14198 0.446481 0.184415 -0.0729956 0
5.27992 0.446641 0.184363 -0.0730465 0
5.41953 0.446705 0.184343 -0.0723886 0
5.54825 0.446554 0.18438 -0.0729364 0
5.67945 0.446531 0.184409 -0.0728217 0
5.81925 0.446493 0.184443 -0.0737751 0
5.95378 0.446503 0.1844 -0.0732362 0
6.08742 0.446461 0.184381 -0.0732343 0
6.22087 0.446696 0.184372 -0.0727718 0
6.36664 0.446599 0.18449 -0.0731803 0
6.47095 0.44647 0.184385 -0.0727144 0
6.59757 0.446508 0.18439 -0.0730529 0
6.7235 0.446452 0.184315 -0.072644 0
6.83066 0.44655 0.184304 -0.0728535 0
6.9585 0.446609 0.184365 -0.0728796 0
7.07977 0.44662 0.184365 -0.0729715 0
7.19805 0.446477 0.184283 -0.0723315 0
7.32053 0.446471 0.18435 -0.073028 0
7.42109 0.446817 0.184548 -0.0731955 0
7.52927 0.446774 0.184832 -0.0728062 0
7.66712 0.447105 0.185074 -0.0735202 0
7.784 0.447254 0.185123 -0.0720316 0
7.90129 0.447002 0.185272 -0.0723222 0
8.01258 0.447338 0.185639 -0.0720756 0
8.13083 0.447456 0.185723 -0.0711796 0
8.25485 0.447961 0.186198 -0.0705468 0
8.36347 0.448202 0.18656 -0.0703881 0
8.47452 0.448441 0.186656 -0.0689378 0
8.62067 0.448493 0.187037 -0.0695493 0
8.74046 0.448527 0.187371 -0.0675392 0
8.84251 0.448898 0.187545 -0.067565 0
8.96706 0.448979 0.18785 -0.0645727 0
9.09114 0.449106 0.188036 -0.0649402 0
9.21092 0.449537 0.188081 -0.0618282 0
9.31546 0.449618 0.188205 -0.0598731 0
9.44482 0.449379 0.188556 -0.0591422 0
9.5561 0.449794 0.188657 -0.0577793 0
9.68527 0.450274 0.18902 -0.0556743 0
9.81379 0.449717 0.188886 -0.0540248 0
9.92791 0.449541 0.189058 -0.0530126 0
10.0428 0.449697 0.189294 -0.0521028 0
10.1587 0.449795 0.190411 -0.0537843 0
10.2766 0.450148 0.190573 -0.0526301 0
10.387 0.450291 0.190319 -0.0508258 0
10.4984 0.450343 0.189802 -0.0476307 0
10.6148 0.450361 0.190172 -0.0459088 0
10.7498 0.450343 0.190392 -0.0448447 0
10.8584 0.450116 0.190286 -0.0437153 0
10.9724 0.450152 0.190187 -0.0422055 0
11.112 0.449963 0.190307 -0.0410781 0
11.2396 0.450242 0.190077 -0.0395224 0
11.3581 0.45022 0.190135 -0.0386427 0
11.4753 0.449886 0.19001 -0.0390357 0
11.6126 0.450146 0.190247 -0.0375667 1
11.7049 0.449979 0.189965 -0.0358275 1
11.8314 0.449877 0.190044 -0.0363529 1
11.9425 0.449812 0.189733 -0.0356596 1
12.0617 0.450117 0.189793 -0.0345557 1
12.2068 0.450086 0.189831 -0.034132 1
12.3233 0.450189 0.189807 -0.0334062 1
12.453 0.450447 0.189903 -0.0351234 1
12.5795 0.451246 0.189894 -0.0345373 1
12.7031 0.452442 0.190033 -0.0343812 1
12.8344 0.453987 0.190491 -0.0357413 1
12.9571 0.457064 0.190505 -0.0332331 1
13.0826 0.460036 0.190774 -0.033335 1
13.211 0.463447 0.190716 -0.0325129 1
13.3157 0.466461 0.191423 -0.032812 1
13.4264 0.468835 0.191526 -0.0323014 1
13.5401 0.472985 0.191767 -0.0316572 1
13.6416 0.477329 0.192004 -0.0305426 1
13.769 0.481428 0.192234 -0.029784 1
13.8794 0.484423 0.192324 -0.0300757 1
13.9788 0.490378 0.192639 -0.0292284 1
14.0957 0.495418 0.192895 -0.0282433 1
14.206 0.498836 0.192941 -0.0294775 1
14.3476 0.505212 0.193034 -0.0289685 1
14.4526 0.509792 0.193331 -0.0285486 1
14.5872 0.514709 0.192766 -0.0293489 1
14.6953 0.52195 0.192969 -0.0278683 1
14.8277 0.526543 0.192698 -0.0253807 1
14.9626 0.533856 0.192647 -0.0251119 1
15.0805 0.540088 0.192232 -0.0235155 1
15.2079 0.546207 0.192123 -0.0238649 1
15.3242 0.552384 0.191798 -0.0243048 1
15.4316 0.556943 0.191677 -0.0236231 1
15.5474 0.561967 0.190971 -0.0221461 1
15.6677 0.566881 0.190431 -0.0231624 1
15.7758 0.57178 0.190021 -0.0233595 1
15.8992 0.576577 0.189627 -0.0229903 1
16.0116 0.580413 0.189205 -0.024296 1
16.1189 0.584452 0.188518 -0.0248628 1
16.2431 0.588343 0.187905 -0.0233498 1
16.3643 0.592393 0.187574 -0.0222333 1
16.4784 0.595705 0.187198 -0.0245365 1
16.6024 0.598576 0.186245 -0.0228129 1
16.7311 0.60099 0.185906 -0.0229515 1
16.8576 0.602625 0.185699 -0.0239456 1
16.9812 0.605107 0.185489 -0.0236214 2
17.0853 0.606367 0.185295 -0.0245586 2
17.2086 0.606286 0.185244 -0.0237576 2
17.3323 0.606338 0.185316 -0.0249365 2
17.4513 0.606648 0.185212 -0.0250063 2
17.5609 0.606559 0.185436 -0.0242303 2
17.6815 0.606604 0.184673 -0.0252742 2
17.7818 0.606667 0.184288 -0.0245239 2
17.9053 0.60701 0.183415 -0.0251261 2
18.0252 0.607031 0.182593 -0.0254297 2
18.1423 0.607398 0.181286 -0.0244363 2
18.2613 0.608114 0.180158 -0.0252767 2
18.3733 0.608398 0.17878 -0.0238449 2
18.4932 0.60895 0.176999 -0.0243496 2
18.6277 0.609783 0.175011 -0.024026 2
18.7425 0.610762 0.172712 -0.0239275 2
18.8589 0.611124 0.170567 -0.0225514 2
18.9599 0.611377 0.168479 -0.0236055 2
19.0789 0.612332 0.165766 -0.0241 2
19.2028 0.613306 0.163436 -0.0240928 2
19.3148 0.614357 0.160581 -0.0237175 2
19.4378 0.615237 0.157293 -0.0241652 2
19.5465 0.615887 0.154501 -0.0219573 2
19.6488 0.616962 0.152064 -0.0235402 2
19.7858 0.618024 0.147552 -0.021614 2
19.9047 0.618545 0.14373 -0.0223367 2
20.0433 0.61967 0.139865 -0.0212815 2
20.1549 0.620707 0.135926 -0.0215332 2
20.2752 0.621562 0.131926 -0.021852 2
20.3968 0.62275 0.127346 -0.0215928 2
20.5033 0.623478 0.12365 -0.0212455 2
20.6201 0.624829 0.119955 -0.0205075 2
20.752 0.62581 0.114543 -0.0212229 2
20.874 0.626611 0.110084 -0.0234712 2
20.9809 0.627485 0.105865 -0.0214076 2
21.1075 0.628094 0.100018 -0.0212639 2
21.2353 0.629118 0.0947747 -0.0198962 2
21.3484 0.630271 0.0898699 -0.0203123 2
21.4832 0.630984 0.0841837 -0.0196974 2
21.5957 0.631739 0.0789029 -0.019194 2
21.7091 0.632831 0.0740856 -0.0199875 2
21.8451 0.633105 0.0678031 -0.0204679 2
21.9715 0.634044 0.0620587 -0.0192994 2
22.0922 0.634728 0.0564643 -0.020204 2
22.2135 0.634986 0.0508323 -0.0215648 2
22.3372 0.635608 0.0445029 -0.021265 2
22.4633 0.635627 0.0382911 -0.0209091 2
22.5796 0.636168 0.032601 -0.0210347 2
22.7024 0.636525 0.0266877 -0.0210474 2
22.8236 0.636775 0.0206948 -0.022045 2
22.9488 0.636855 0.0141843 -0.0212243 2
23.0849 0.637218 0.00786555 -0.0211018 2
23.2394 0.63678 -0.00013414 -0.0211978 2
23.3468 0.637563 -0.00614572 -0.0195053 2
23.4726 0.637211 -0.0121836 -0.0217249 2
23.5769 0.637226 -0.0179386 -0.0214421 2
23.7036 0.637023 -0.0241002 -0.0228474 2
23.8196 0.636656 -0.0298143 -0.0217438 2
23.9241 0.636299 -0.0353068 -0.0233919 2
24.0738 0.635971 -0.0427949 -0.0233442 2
24.1644 0.635809 -0.0468974 -0.0244046 2
24.3182 0.635657 -0.0553841 -0.022075 2
24.4326 0.634958 -0.0606036 -0.0235962 2
24.553 0.634843 -0.0671389 -0.0236357 2
24.6826 0.634143 -0.0732047 -0.023353 2
24.8089 0.633816 -0.0801273 -0.020646 2
24.9317 0.63238 -0.0861424 -0.0229565 2
25.0648 0.631875 -0.0924551 -0.0210234 2
25.1945 0.630465 -0.0983133 -0.0217446 2
25.3167 0.629558 -0.103674 -0.0206252 2
25.4399 0.62868 -0.10935 -0.0182855 2
25.5642 0.627873 -0.114537 -0.0177265 2
25.6809 0.626316 -0.119175 -0.0172735 2
25.7927 0.626011 -0.123423 -0.0166305 2
25.9066 0.624652 -0.12799 -0.0163562 2
26.0259 0.623345 -0.133504 -0.0172135 2
26.152 0.622336 -0.138645 -0.0153991 2
26.272 0.620728 -0.143121 -0.0164362 2
26.3991 0.619334 -0.147768 -0.0189602 2
26.5281 0.618124 -0.152777 -0.0170975 2
26.6299 0.616972 -0.15651 -0.0186799 2
26.7574 0.615264 -0.160962 -0.0188559 2
26.8996 0.615057 -0.165299 -0.0178997 2
27.0144 0.613884 -0.169551 -0.0193051 2
27.132 0.61282 -0.172778 -0.0192388 2
27.2514 0.612036 -0.176708 -0.0195322 2
27.3772 0.611205 -0.180242 -0.0202045 2
27.5003 0.60983 -0.183538 -0.0202671 2
27.6301 0.609272 -0.187265 -0.0203466 2
27.7568 0.608223 -0.189832 -0.0209894 2
27.8719 0.607309 -0.19227 -0.0209785 2
27.9966 0.606079 -0.195278 -0.0215667 2
28.1309 0.604841 -0.197966 -0.0209768 2
28.2636 0.60388 -0.200194 -0.0203571 2
28.3894 0.602437 -0.202049 -0.0203289 2
28.5194 0.602179 -0.203476 -0.0185318 2
28.6678 0.601826 -0.2049 -0.0174221 2
28.7608 0.600962 -0.206242 -0.0182088 3
28.9105 0.600192 -0.207325 -0.0184479 3
29.0277 0.599893 -0.208337 -0.0185133 3
29.1367 0.599729 -0.20846 -0.0181229 3
29.2532 0.599428 -0.208888 -0.0186546 3
29.3993 0.599441 -0.208583 -0.0182282 3
29.5169 0.599322 -0.20909 -0.0185201 3
29.6104 0.599745 -0.208824 -0.0179055 3
29.7348 0.599831 -0.209495 -0.0179305 3
29.8481 0.599363 -0.209036 -0.019106 3
29.981 0.599178 -0.209177 -0.0193085 3
30.1022 0.599443 -0.209082 -0.0183634 3
30.2245 0.599921 -0.208908 -0.0172404 3
30.3661 0.599462 -0.209101 -0.0176506 3
30.4635 0.599317 -0.20943 -0.0174411 3
30.5529 0.600098 -0.210085 -0.0174885 3
30.6872 0.599673 -0.210317 -0.0174304 3
30.7978 0.6002 -0.210802 -0.0171112 3
30.9271 0.600521 -0.210814 -0.0163047 3
31.063 0.599799 -0.211047 -0.0164128 3
31.1879 0.599943 -0.211164 -0.015492 3
31.2939 0.600083 -0.211405 -0.0144098 3
31.4173 0.599072 -0.211885 -0.0139172 3
31.5371 0.600091 -0.211974 -0.0134532 3
31.6767 0.600082 -0.212281 -0.0122613 3
31.7874 0.600006 -0.212227 -0.0117253 4
31.891 0.600493 -0.212544 -0.0111209 4
32.0492 0.599918 -0.212449 -0.0103633 4
32.1617 0.599207 -0.212693 -0.0107763 4
32.2624 0.599264 -0.212779 -0.0100664 4
32.3888 0.599795 -0.212945 -0.00891852 4
32.5269 0.599818 -0.213065 -0.00920047 4
32.6486 0.599926 -0.212895 -0.00904939 4
32.7489 0.599724 -0.21278 -0.00837766 4
32.8598 0.600002 -0.212448 -0.00895886 4
32.9815 0.600088 -0.211126 -0.00946295 4
33.1241 0.600021 -0.20941 -0.0109013 4
33.2417 0.600187 -0.207456 -0.0120143 4
33.3701 0.600041 -0.205744 -0.0128703 4
33.5035 0.600363 -0.203131 -0.0122997 4
33.6306 0.600498 -0.199926 -0.0118055 4
33.7678 0.600457 -0.195899 -0.0126984 4
33.8799 0.60081 -0.193849 -0.0138172 4
34.0257 0.600802 -0.19059 -0.016582 4
34.155 0.601058 -0.187804 -0.0185573 4
34.2713 0.600226 -0.184689 -0.0199943 4
34.3708 0.600303 -0.183095 -0.0217475 4
34.5015 0.60038 -0.18067 -0.0223714 4
34.6143 0.600204 -0.178346 -0.0237788 4
34.7282 0.599963 -0.175815 -0.0251271 4
34.8576 0.59995 -0.173855 -0.0268871 4
34.9619 0.599963 -0.172306 -0.027195 4
35.0797 0.599037 -0.169982 -0.0274688 4
35.2033 0.598822 -0.168316 -0.0275573 4
35.3134 0.598674 -0.166726 -0.0275635 4
35.4315 0.598656 -0.166305 -0.0273617 5
35.5631 0.598231 -0.166114 -0.0273689 5
35.6964 0.598693 -0.165881 -0.0263397 5
35.8149 0.598365 -0.165996 -0.0268433 5
35.9392 0.59828 -0.166028 -0.0262085 5
36.0504 0.598509 -0.16623 -0.0261275 5
36.1779 0.598916 -0.166036 -0.0262007 5
36.2895 0.598691 -0.166193 -0.0263 5
36.438 0.598551 -0.166185 -0.0267991 5
36.5342 0.598468 -0.166177 -0.0260874 5
36.6928 0.598633 -0.166148 -0.0267537 5
36.796 0.598289 -0.166093 -0.0272153 5
36.9145 0.598134 -0.16631 -0.0268699 5
37.0298 0.598584 -0.166194 -0.0262238 5
37.1568 0.598358 -0.166346 -0.0263693 5
37.2759 0.59827 -0.166286 -0.0266715 5
37.3991 0.598479 -0.16622 -0.0265703 5
37.5128 0.598419 -0.166123 -0.0272416 5
37.6206 0.598387 -0.166217 -0.0263817 5
37.7303 0.598167 -0.166093 -0.0272257 5
37.8615 0.598786 -0.166204 -0.0261422 5
37.9663 0.598573 -0.166298 -0.0270878 5
38.0788 0.598323 -0.166225 -0.0268284 5
38.2022 0.598418 -0.166044 -0.0269346 5
38.3135 0.598567 -0.166257 -0.0268081 5
38.4112 0.598512 -0.16601 -0.026687 5
38.5444 0.59886 -0.16615 -0.0270368 5
38.6426 0.599112 -0.166087 -0.0260754 5
38.7573 0.598335 -0.166087 -0.0268304 5
38.8692 0.598835 -0.16621 -0.0269896 5
38.9765 0.598129 -0.166278 -0.0268544 5
39.0979 0.598452 -0.166331 -0.027007 5
39.208 0.598213 -0.166115 -0.0270125 5
39.3286 0.59839 -0.166087 -0.0264152 5
39.4519 0.598531 -0.166193 -0.0271061 5
39.5735 0.59848 -0.166233 -0.0266502 5
39.6862 0.598614 -0.166114 -0.0267437 5
39.7944 0.59835 -0.166269 -0.0264187 5
39.9205 0.598716 -0.166046 -0.0264397 5
40.0167 0.598697 -0.166218 -0.0264395 5
40.1337 0.598704 -0.166202 -0.0266449 5
40.2629 0.598632 -0.166277 -0.0263286 5
40.357 0.598668 -0.166019 -0.0268086 5
40.4479 0.59858 -0.166163 -0.0266815 5
40.57 0.598678 -0.166155 -0.026497 5
40.7133 0.598346 -0.166092 -0.0264546 5
40.8269 0.598545 -0.166082 -0.0264773 5
