1.43051e-06 0.319899 0.183094 -0.0802636 0
0.117108 0.319761 0.183026 -0.0795875 0
0.206795 0.319778 0.183097 -0.0806744 0
0.302712 0.319835 0.1832 -0.0803021 0
0.389016 0.319928 0.183057 -0.0801558 0
0.488828 0.319827 0.183037 -0.0798128 0
0.578747 0.319829 0.183166 -0.0805932 0
0.691956 0.3199 0.183127 -0.0797339 0
0.808737 0.319752 0.183039 -0.0799584 0
0.897264 0.319836 0.183083 -0.0801489 0
0.998008 0.319813 0.18301 -0.0799677 0
1.11623 0.319836 0.183149 -0.080723 0
1.25834 0.319858 0.183105 -0.0809706 0
1.37376 0.319933 0.183124 -0.0806678 0
1.49387 0.319833 0.183088 -0.0809972 0
1.6117 0.319805 0.183158 -0.0809379 0
1.71368 0.319871 0.183091 -0.0805887 0
1.79926 0.319917 0.183142 -0.0805234 0
1.91134 0.319814 0.183082 -0.081239 0
1.99939 0.319885 0.183172 -0.0812545 0
2.10815 0.319895 0.18313 -0.0803356 0
2.22806 0.319781 0.183105 -0.0804599 0
2.35047 0.319641 0.182954 -0.0793531 0
2.49834 0.319909 0.183184 -0.0813275 0
2.61356 0.31978 0.183152 -0.0803095 0
2.73318 0.319836 0.183124 -0.0805732 0
2.8563 0.319852 0.183072 -0.0796482 0
2.97077 0.319787 0.183067 -0.0800631 0
3.09803 0.319834 0.183128 -0.0804964 0
3.21158 0.319854 0.183178 -0.0813439 0
3.32694 0.319923 0.183225 -0.0813594 0
3.44323 0.319834 0.183214 -0.0814117 0
3.55956 0.31989 0.183182 -0.0812185 0
3.67816 0.319822 0.183087 -0.0804059 0
3.80486 0.319821 0.183142 -0.0810122 0
3.92471 0.319837 0.183109 -0.0801151 0
4.05242 0.319852 0.183127 -0.0805183 0
4.17755 0.319893 0.183162 -0.0810151 0
4.29821 0.319811 0.183085 -0.0811058 0
4.42299 0.319798 0.183153 -0.0809438 0
4.53188 0.319853 0.183124 -0.080595 0
4.65294 0.319872 0.183156 -0.0807836 0
4.76686 0.319884 0.183121 -0.0806898 0
4.89621 0.31974 0.183148 -0.0800143 0
5.018 0.319807 0.183105 -0.0804216 0
5.14198 0.319847 0.183076 -0.080165 0
5.27992 0.31985 0.183149 -0.0816739 0
5.41953 0.319832 0.183131 -0.080589 0
5.54825 0.319882 0.183082 -0.0802534 0
5.67945 0.319916 0.183107 -0.0806619 0
5.81925 0.31986 0.183224 -0.08197 0
5.95378 0.319822 0.183161 -0.0811138 0
6.08742 0.31972 0.183088 -0.0804667 0
6.22087 0.319863 0.183099 -0.0804891 0
6.36664 0.319787 0.183221 -0.0811703 0
6.47095 0.319862 0.18316 -0.0811618 0
6.59757 0.319909 0.183058 -0.0806816 0
6.7235 0.319888 0.183096 -0.0808698 0
6.83066 0.319844 0.183126 -0.0813925 0
6.9585 0.319797 0.183159 -0.0813219 0
7.07977 0.319839 0.183142 -0.0811511 0
7.19805 0.319941 0.183104 -0.0808953 0
7.32053 0.319906 0.183155 -0.0813696 0
7.42109 0.319794 0.183329 -0.0811447 0
7.52927 0.32025 0.183558 -0.0808152 0
7.66712 0.32034 0.183912 -0.0818313 0
7.784 0.320602 0.183971 -0.0806801 0
7.90129 0.320447 0.183866 -0.0790629 0
8.01258 0.320808 0.184331 -0.0796068 0
8.13083 0.32092 0.184516 -0.0795732 0
8.25485 0.321361 0.184914 -0.0784623 0
8.36347 0.32145 0.185343 -0.0787847 0
8.47452 0.321561 0.185336 -0.0769685 0
8.62067 0.321433 0.185599 -0.077168 0
8.74046 0.320732 0.185737 -0.0750095 0
8.84251 0.31975 0.186171 -0.0756581 0
8.96706 0.320045 0.186406 -0.0728133 0
9.09114 0.320985 0.186307 -0.0713495 0
9.21092 0.319713 0.186435 -0.0703155 0
9.31546 0.319074 0.186822 -0.0695833 0
9.44482 0.318696 0.186909 -0.0678172 0
9.5561 0.318909 0.186963 -0.0667929 0
9.68527 0.319162 0.186874 -0.0646051 0
9.81379 0.31912 0.186897 -0.0634124 0
9.92791 0.320012 0.187111 -0.0613257 0
10.0428 0.319419 0.187355 -0.0607318 0
10.1587 0.318941 0.188718 -0.0622918 0
10.2766 0.319215 0.189125 -0.0611966 0
10.387 0.319724 0.188827 -0.0589506 0
10.4984 0.319911 0.189122 -0.0580037 0
10.6148 0.320133 0.189444 -0.0562406 0
10.7498 0.320074 0.189621 -0.0547662 0
10.8584 0.320836 0.189555 -0.0530125 0
10.9724 0.321051 0.189534 -0.0518504 0
11.112 0.320095 0.189603 -0.0510466 0
11.2396 0.319937 0.189597 -0.0493886 0
11.3581 0.320459 0.189699 -0.0485974 0
11.4753 0.320825 0.18949 -0.0472375 0
11.6126 0.320979 0.189696 -0.0458331 1
11.7049 0.320734 0.189512 -0.0439936 1
11.8314 0.320982 0.189525 -0.0438955 1
11.9425 0.32141 0.18939 -0.0427765 1
12.0617 0.320454 0.189481 -0.0425422 1
12.2068 0.32153 0.189491 -0.0415419 1
12.3233 0.32134 0.189582 -0.0414742 1
12.453 0.321198 0.189449 -0.0419947 1
12.5795 0.322001 0.189489 -0.0421277 1
12.7031 0.322286 0.189675 -0.0410407 1
12.8344 0.322777 0.190054 -0.0412636 1
12.9571 0.324588 0.190184 -0.0406863 1
13.0826 0.328337 0.190525 -0.0390694 1
13.211 0.332006 0.190905 -0.0386091 1
13.3157 0.334689 0.191194 -0.0378983 1
13.4264 0.336954 0.191199 -0.0384309 1
13.5401 0.341137 0.191411 -0.0371957 1
13.6416 0.34588 0.19179 -0.0363848 1
13.769 0.351314 0.192109 -0.0342195 1
13.8794 0.354495 0.192147 -0.0338052 1
13.9788 0.361236 0.192271 -0.0321562 1
14.0957 0.365078 0.192317 -0.031268 1
14.206 0.368244 0.192628 -0.0313131 1
14.3476 0.374616 0.192655 -0.0301396 1
14.4526 0.37963 0.192497 -0.0288271 1
14.5872 0.383773 0.192694 -0.0292593 1
14.6953 0.39186 0.192054 -0.0268729 1
14.8277 0.396008 0.191936 -0.0272106 1
14.9626 0.403282 0.192005 -0.0262999 1
15.0805 0.410039 0.192041 -0.0259704 1
15.2079 0.416132 0.191436 -0.0255482 1
15.3242 0.42314 0.191528 -0.0261694 1
15.4316 0.427022 0.191044 -0.0266587 1
15.5474 0.432624 0.190602 -0.0262647 1
15.6677 0.438243 0.190109 -0.0263289 1
15.7758 0.442369 0.189659 -0.0261219 1
15.8992 0.448234 0.189199 -0.0267714 1
16.0116 0.451302 0.188511 -0.0267883 1
16.1189 0.456653 0.188126 -0.0282386 1
16.2431 0.460492 0.187399 -0.0282048 1
16.3643 0.464414 0.187093 -0.027787 1
16.4784 0.467638 0.18661 -0.0300318 1
16.6024 0.471289 0.185683 -0.0274562 1
16.7311 0.474009 0.185266 -0.0284348 1
16.8576 0.475829 0.184956 -0.0284785 1
16.9812 0.476747 0.184711 -0.0306115 2
17.0853 0.47977 0.184792 -0.0307714 2
17.2086 0.479885 0.184359 -0.0295956 2
17.3323 0.480529 0.184289 -0.0306388 2
17.4513 0.480746 0.184558 -0.0326562 2
17.5609 0.480677 0.184271 -0.0296227 2
17.6815 0.480584 0.183546 -0.0315511 2
17.7818 0.480563 0.182922 -0.0297153 2
17.9053 0.480193 0.182263 -0.0319237 2
18.0252 0.480432 0.180859 -0.0288789 2
18.1423 0.48096 0.17997 -0.0295506 2
18.2613 0.482112 0.179121 -0.031888 2
18.3733 0.482366 0.177508 -0.0297413 2
18.4932 0.482655 0.176006 -0.0310858 2
18.6277 0.483288 0.173886 -0.0302491 2
18.7425 0.483801 0.172069 -0.0300723 2
18.8589 0.484612 0.169793 -0.0280007 2
18.9599 0.484054 0.167115 -0.0300432 2
19.0789 0.485063 0.164718 -0.029912 2
19.2028 0.486247 0.162147 -0.0288485 2
19.3148 0.487455 0.15943 -0.0290889 2
19.4378 0.487639 0.155988 -0.0302061 2
19.5465 0.488586 0.153188 -0.0278033 2
19.6488 0.489931 0.150701 -0.0288477 2
19.7858 0.489983 0.14639 -0.0278007 2
19.9047 0.490675 0.142967 -0.029976 2
20.0433 0.492758 0.138777 -0.0254849 2
20.1549 0.492512 0.134547 -0.0286038 2
20.2752 0.493552 0.131116 -0.0285725 2
20.3968 0.495839 0.126059 -0.0256386 2
20.5033 0.4961 0.12256 -0.0265443 2
20.6201 0.497812 0.119089 -0.0263136 2
20.752 0.49849 0.113269 -0.0273065 2
20.874 0.499777 0.109113 -0.028319 2
20.9809 0.500127 0.104694 -0.0278284 2
21.1075 0.50043 0.0986113 -0.028565 2
21.2353 0.501378 0.0933547 -0.0274729 2
21.3484 0.50112 0.088757 -0.0284703 2
21.4832 0.502394 0.0828546 -0.0278543 2
21.5957 0.505601 0.0782313 -0.0243131 2
21.7091 0.505831 0.0729301 -0.0240683 2
21.8451 0.505717 0.0666949 -0.0241376 2
21.9715 0.505591 0.0608859 -0.0270277 2
22.0922 0.50682 0.0552325 -0.0262358 2
22.2135 0.507693 0.0495758 -0.026481 2
22.3372 0.508305 0.0438872 -0.0282659 2
22.4633 0.507538 0.0369787 -0.0293722 2
22.5796 0.508613 0.0315531 -0.0276891 2
22.7024 0.508955 0.0253492 -0.0267496 2
22.8236 0.509027 0.0191 -0.0267931 2
22.9488 0.509253 0.0130472 -0.0258012 2
23.0849 0.50924 0.00682077 -0.0267502 2
23.2394 0.510299 -0.00190121 -0.0250006 2
23.3468 0.510909 -0.00703356 -0.0251368 2
23.4726 0.510579 -0.0134256 -0.0261037 2
23.5769 0.510275 -0.0189867 -0.0277597 2
23.7036 0.509805 -0.0247176 -0.031398 2
23.8196 0.509492 -0.0315286 -0.0293217 2
23.9241 0.509723 -0.0365153 -0.032016 2
24.0738 0.509297 -0.0442255 -0.0303691 2
24.1644 0.508887 -0.0481919 -0.0328153 2
24.3182 0.508775 -0.0568774 -0.0288715 2
24.4326 0.50793 -0.0620937 -0.0301067 2
24.553 0.507274 -0.0684608 -0.0334943 2
24.6826 0.506617 -0.0748119 -0.03123 2
24.8089 0.507168 -0.082157 -0.0249927 2
24.9317 0.505376 -0.0885506 -0.0259042 2
25.0648 0.504471 -0.0948497 -0.0299785 2
25.1945 0.503758 -0.100791 -0.027848 2
25.3167 0.502153 -0.106102 -0.0262385 2
25.4399 0.501477 -0.112033 -0.0242584 2
25.5642 0.500094 -0.116247 -0.0248171 2
25.6809 0.499017 -0.121114 -0.0224641 2
25.7927 0.49826 -0.125515 -0.0253596 2
25.9066 0.496535 -0.129748 -0.0256215 2
26.0259 0.495227 -0.134919 -0.0282656 2
26.152 0.49435 -0.140268 -0.0277147 2
26.272 0.49265 -0.1444 -0.0289418 2
26.3991 0.490909 -0.149364 -0.0319568 2
26.5281 0.490482 -0.154326 -0.0322859 2
26.6299 0.489642 -0.158066 -0.0313936 2
26.7574 0.488393 -0.162735 -0.0320105 2
26.8996 0.48515 -0.166391 -0.0316175 2
27.0144 0.484416 -0.170598 -0.0302021 2
27.132 0.48226 -0.173754 -0.0307312 2
27.2514 0.481374 -0.178014 -0.0331704 2
27.3772 0.479953 -0.1819 -0.0363166 2
27.5003 0.47974 -0.185664 -0.0339509 2
27.6301 0.478888 -0.188815 -0.0342515 2
27.7568 0.477469 -0.191557 -0.0345942 2
27.8719 0.476504 -0.193884 -0.0342686 2
27.9966 0.475536 -0.197125 -0.0331404 2
28.1309 0.475262 -0.199413 -0.0332246 2
28.2636 0.474526 -0.20161 -0.0322791 2
28.3894 0.473262 -0.203582 -0.0320692 2
28.5194 0.473127 -0.205434 -0.0321235 2
28.6678 0.472015 -0.206681 -0.0308887 2
28.7608 0.47129 -0.207828 -0.0302384 3
28.9105 0.470299 -0.208945 -0.0318025 3
29.0277 0.470516 -0.209911 -0.0318113 3
29.1367 0.469839 -0.210259 -0.0316031 3
29.2532 0.469509 -0.210456 -0.0325887 3
29.3993 0.469715 -0.210657 -0.0323792 3
29.5169 0.469449 -0.210829 -0.0317913 3
29.6104 0.469254 -0.210828 -0.031773 3
29.7348 0.469359 -0.211091 -0.0325297 3
29.8481 0.468693 -0.210804 -0.0332007 3
29.981 0.468898 -0.210875 -0.0331564 3
30.1022 0.46932 -0.210881 -0.0321295 3
30.2245 0.46892 -0.21065 -0.0318646 3
30.3661 0.468996 -0.211121 -0.0322407 3
30.4635 0.469237 -0.211169 -0.0315922 3
30.5529 0.468674 -0.211895 -0.0328488 3
30.6872 0.468777 -0.21181 -0.0318633 3
30.7978 0.468283 -0.212237 -0.0326945 3
30.9271 0.468549 -0.212173 -0.0316364 3
31.063 0.468607 -0.212178 -0.0316271 3
31.1879 0.4688 -0.212551 -0.0298234 3
31.2939 0.468598 -0.212851 -0.0297235 3
31.4173 0.468517 -0.213277 -0.0283887 3
31.5371 0.468127 -0.213583 -0.0286536 3
31.6767 0.468873 -0.213923 -0.0270149 3
31.7874 0.469057 -0.214075 -0.0256508 4
31.891 0.469014 -0.214564 -0.0257193 4
32.0492 0.469132 -0.214668 -0.0257131 4
32.1617 0.46864 -0.215065 -0.0253716 4
32.2624 0.468848 -0.214959 -0.0244686 4
32.3888 0.469581 -0.215261 -0.022978 4
32.5269 0.469286 -0.215387 -0.0225796 4
32.6486 0.468601 -0.215116 -0.0240856 4
32.7489 0.469857 -0.215353 -0.0204894 4
32.8598 0.46889 -0.214518 -0.0232759 4
32.9815 0.469031 -0.213519 -0.0231459 4
33.1241 0.469152 -0.211856 -0.0242291 4
33.2417 0.469215 -0.209988 -0.0251281 4
33.3701 0.46904 -0.207737 -0.0259517 4
33.5035 0.46926 -0.205315 -0.0269762 4
33.6306 0.469117 -0.202122 -0.0287812 4
33.7678 0.469262 -0.19865 -0.0291658 4
33.8799 0.470179 -0.196083 -0.029463 4
34.0257 0.469622 -0.192239 -0.0307954 4
34.155 0.470206 -0.18952 -0.0330643 4
34.2713 0.47031 -0.186697 -0.0335707 4
34.3708 0.47048 -0.184982 -0.0339403 4
34.5015 0.470773 -0.18205 -0.0356151 4
34.6143 0.471622 -0.179347 -0.0352223 4
34.7282 0.471844 -0.177792 -0.035437 4
34.8576 0.471988 -0.175214 -0.0362727 4
34.9619 0.472394 -0.173774 -0.0365873 4
35.0797 0.472033 -0.171398 -0.0380187 4
35.2033 0.47156 -0.170808 -0.0363081 4
35.3134 0.471469 -0.168743 -0.0373012 4
35.4315 0.471429 -0.168675 -0.0382198 5
35.5631 0.471627 -0.168072 -0.0379847 5
35.6964 0.471572 -0.168039 -0.0383642 5
35.8149 0.471486 -0.168208 -0.0382634 5
35.9392 0.471348 -0.168446 -0.0380228 5
36.0504 0.471342 -0.168322 -0.0371915 5
36.1779 0.471332 -0.16861 -0.0386036 5
36.2895 0.471646 -0.16833 -0.0377963 5
36.438 0.471612 -0.168574 -0.0380512 5
36.5342 0.471518 -0.168323 -0.0374271 5
36.6928 0.471663 -0.16862 -0.0383647 5
36.796 0.471321 -0.168403 -0.0383828 5
36.9145 0.471523 -0.168567 -0.0388797 5
37.0298 0.471678 -0.168582 -0.0382341 5
37.1568 0.471423 -0.16845 -0.0382495 5
37.2759 0.471369 -0.168449 -0.0388048 5
37.3991 0.471657 -0.168401 -0.0382761 5
37.5128 0.471486 -0.168432 -0.0384144 5
37.6206 0.471489 -0.168444 -0.0382689 5
37.7303 0.471504 -0.168189 -0.0382741 5
37.8615 0.471469 -0.168373 -0.0372736 5
37.9663 0.47172 -0.168303 -0.0377662 5
38.0788 0.471714 -0.168247 -0.038311 5
38.2022 0.47138 -0.168366 -0.038529 5
38.3135 0.471546 -0.168582 -0.0387793 5
38.4112 0.471599 -0.16832 -0.0385818 5
38.5444 0.471311 -0.168565 -0.0388345 5
38.6426 0.471291 -0.168661 -0.0371263 5
38.7573 0.471418 -0.168439 -0.0382171 5
38.8692 0.471715 -0.168372 -0.038538 5
38.9765 0.471276 -0.168467 -0.0378573 5
39.0979 0.471606 -0.16842 -0.0380287 5
39.208 0.471588 -0.168343 -0.0383231 5
39.3286 0.471651 -0.168303 -0.038375 5
39.4519 0.471439 -0.168467 -0.0380953 5
39.5735 0.471629 -0.168284 -0.0383227 5
39.6862 0.471638 -0.168598 -0.0386441 5
39.7944 0.471421 -0.16861 -0.0379212 5
39.9205 0.471323 -0.168374 -0.0383239 5
40.0167 0.471406 -0.168567 -0.0377754 5
40.1337 0.47132 -0.168543 -0.0383955 5
40.2629 0.471436 -0.168617 -0.0383065 5
40.357 0.471261 -0.16838 -0.0382768 5
40.4479 0.471471 -0.168485 -0.0381266 5
40.57 0.471525 -0.168625 -0.0382032 5
40.7133 0.471548 -0.168373 -0.0375298 5
40.8269 0.471646 -0.16854 -0.038734 5
