1.43051e-06 0.378795 0.0944982 0.23 0
0.117108 0.378793 0.0945009 0.23 0
0.206795 0.378769 0.0945076 0.23 0
0.302712 0.378805 0.0945184 0.23 0
0.389016 0.378784 0.0945071 0.23 0
0.488828 0.378781 0.0945208 0.23 0
0.578747 0.378789 0.094509 0.23 0
0.691956 0.378789 0.0945035 0.23 0
0.808737 0.37879 0.0945123 0.23 0
0.897264 0.378788 0.0945029 0.23 0
0.998008 0.378777 0.0945022 0.23 0
1.11623 0.378787 0.0945088 0.23 0
1.25834 0.378783 0.0945017 0.23 0
1.37376 0.378791 0.0945192 0.23 0
1.49387 0.378774 0.0944886 0.23 0
1.6117 0.378793 0.0945194 0.23 0
1.71368 0.378791 0.0944999 0.23 0
1.79926 0.378783 0.0945289 0.23 0
1.91134 0.378776 0.0945067 0.23 0
1.99939 0.378789 0.0945098 0.23 0
2.10815 0.378804 0.0944979 0.23 0
2.22806 0.378792 0.0945019 0.23 0
2.35047 0.378767 0.0945047 0.23 0
2.49834 0.378786 0.0945167 0.23 0
2.61356 0.378788 0.0945135 0.23 0
2.73318 0.378772 0.0945093 0.23 0
2.8563 0.378795 0.0945135 0.23 0
2.97077 0.378793 0.0944958 0.23 0
3.09803 0.378785 0.0945056 0.23 0
3.21158 0.378791 0.0945113 0.23 0
3.32694 0.3788 0.0945064 0.23 0
3.44323 0.378797 0.094515 0.23 0
3.55956 0.378796 0.094514 0.23 0
3.67816 0.378785 0.0945069 0.23 0
3.80486 0.378791 0.0945091 0.23 0
3.92471 0.378788 0.0945021 0.23 0
4.05242 0.378796 0.094508 0.23 0
4.17755 0.378784 0.0945165 0.23 0
4.29821 0.378785 0.0945041 0.23 0
4.42299 0.378799 0.094506 0.23 0
4.53188 0.378791 0.0944999 0.23 0
4.65294 0.378792 0.0945105 0.23 0
4.76686 0.378785 0.0945141 0.23 0
4.89621 0.378795 0.0945242 0.23 0
5.018 0.378791 0.0945091 0.23 0
5.14198 0.378781 0.094515 0.23 0
5.27992 0.378777 0.094503 0.23 0
5.41953 0.378798 0.0945049 0.23 0
5.54825 0.3788 0.0945008 0.23 0
5.67945 0.378789 0.0945103 0.23 0
5.81925 0.378783 0.0945137 0.23 0
5.95378 0.378788 0.0945185 0.23 0
6.08742 0.378785 0.0945068 0.23 0
6.22087 0.378796 0.0944988 0.23 0
6.36664 0.378803 0.0945188 0.23 0
6.47095 0.378787 0.0945235 0.23 0
6.59757 0.378789 0.0945081 0.23 0
6.7235 0.378793 0.0944958 0.23 0
6.83066 0.378775 0.0944841 0.23 0
6.9585 0.378784 0.0944967 0.23 0
7.07977 0.378788 0.0945134 0.23 0
7.19805 0.378783 0.0944994 0.23 0
7.32053 0.378792 0.0945142 0.23 0
7.42109 0.378816 0.0945333 0.23 0
7.52927 0.378886 0.094578 0.23 0
7.66712 0.379003 0.0946322 0.23 0
7.784 0.379094 0.0946605 0.23 0
7.90129 0.379177 0.0946712 0.23 0
8.01258 0.379294 0.0947352 0.23 0
8.13083 0.379413 0.0947694 0.23 0
8.25485 0.379544 0.0948009 0.23 0
8.36347 0.37967 0.0948286 0.23 0
8.47452 0.379786 0.0948807 0.23 0
8.62067 0.379918 0.0949292 0.23 0
8.74046 0.380047 0.0949481 0.23 0
8.84251 0.380154 0.0950064 0.23 0
8.96706 0.3803 0.0950332 0.23 0
9.09114 0.380365 0.0950561 0.23 0
9.21092 0.38049 0.0950656 0.23 0
9.31546 0.380543 0.0950635 0.23 0
9.44482 0.380657 0.0950685 0.23 0
9.5561 0.380669 0.0950383 0.23 0
9.68527 0.38073 0.0950402 0.23 0
9.81379 0.380753 0.0950079 0.23 0
9.92791 0.380734 0.0949355 0.23 0
10.0428 0.380741 0.0949147 0.23 0
10.1587 0.380751 0.0948646 0.23 0
10.2766 0.380705 0.0948219 0.23 0
10.387 0.380661 0.0947358 0.23 0
10.4984 0.380629 0.0946851 0.23 0
10.6148 0.380578 0.0946218 0.23 0
10.7498 0.380491 0.0945466 0.23 0
10.8584 0.380442 0.0944582 0.23 0
10.9724 0.380341 0.0943948 0.23 0
11.112 0.380269 0.0943104 0.23 0
11.2396 0.38017 0.0942401 0.23 0
11.3581 0.380109 0.0941668 0.23 0
11.4753 0.5358 0.0941079 0.23 1
11.6126 0.5358 0.0940424 0.229244 1
11.7049 0.5358 0.0940139 0.229843 1
11.8314 0.5358 0.0939535 0.23041 1
11.9425 0.5358 0.0939448 0.230791 1
12.0617 0.5358 0.093942 0.23107 1
12.2068 0.5358 0.0939273 0.231085 1
12.3233 0.5358 0.0939165 0.231072 1
12.453 0.5358 0.093984 0.231224 1
12.5795 0.5358 0.0941388 0.231419 1
12.7031 0.5358 0.094375 0.231704 1
12.8344 0.5358 0.0947172 0.232096 1
12.9571 0.5358 0.0949832 0.232581 1
13.0826 0.5358 0.0953107 0.233022 1
13.211 0.5358 0.0957541 0.233564 1
13.3157 0.5358 0.0961398 0.234046 1
13.4264 0.5358 0.0964502 0.23458 1
13.5401 0.5358 0.0968053 0.235028 1
13.6416 0.5358 0.0972121 0.23556 1
13.769 0.5358 0.0976332 0.236131 1
13.8794 0.5358 0.0979256 0.236578 1
13.9788 0.5358 0.098223 0.236934 1
14.0957 0.5358 0.0984972 0.237322 1
14.206 0.5358 0.0987088 0.237719 1
14.3476 0.5358 0.098982 0.238109 1
14.4526 0.5358 0.0990526 0.238335 1
14.5872 0.5358 0.0992715 0.238501 1
14.6953 0.5358 0.0991869 0.238573 1
14.8277 0.5358 0.0992236 0.238571 1
14.9626 0.5358 0.0990764 0.238546 1
15.0805 0.5358 0.0989788 0.238507 1
15.2079 0.5358 0.0987377 0.238253 1
15.3242 0.5358 0.0984589 0.238046 1
15.4316 0.5358 0.0982219 0.23774 1
15.5474 0.5358 0.0977806 0.237326 1
15.6677 0.5358 0.0973768 0.236988 1
15.7758 0.5358 0.0969981 0.236506 1
15.8992 0.5358 0.0965082 0.236098 1
16.0116 0.5358 0.0961338 0.235674 1
16.1189 0.5358 0.0956901 0.235147 1
16.2431 0.5358 0.0951641 0.234602 1
16.3643 0.5358 0.094771 0.234223 1
16.4784 0.5358 0.0943681 0.233778 1
16.6024 0.5358 0.0938741 0.233281 1
16.7311 0.5358 0.0935034 0.232878 1
16.8576 0.5358 -0.3 0.232639 2
16.9812 0.535772 -0.3 0.232345 2
17.0853 0.536551 -0.3 0.232182 2
17.2086 0.536981 -0.3 0.23217 2
17.3323 0.537023 -0.3 0.232152 2
17.4513 0.537012 -0.3 0.232166 2
17.5609 0.537064 -0.3 0.232209 2
17.6815 0.537256 -0.3 0.2322 2
17.7818 0.537462 -0.3 0.23222 2
17.9053 0.537746 -0.3 0.232242 2
18.0252 0.538119 -0.3 0.232245 2
18.1423 0.538554 -0.3 0.232235 2
18.2613 0.539043 -0.3 0.23228 2
18.3733 0.53958 -0.3 0.232324 2
18.4932 0.540203 -0.3 0.232315 2
18.6277 0.540936 -0.3 0.23236 2
18.7425 0.541646 -0.3 0.232387 2
18.8589 0.542374 -0.3 0.232382 2
18.9599 0.543083 -0.3 0.232423 2
19.0789 0.54397 -0.3 0.232433 2
19.2028 0.544899 -0.3 0.232492 2
19.3148 0.545785 -0.3 0.23255 2
19.4378 0.546832 -0.3 0.232578 2
19.5465 0.547677 -0.3 0.232599 2
19.6488 0.548557 -0.3 0.232664 2
19.7858 0.549744 -0.3 0.232706 2
19.9047 0.550786 -0.3 0.232695 2
20.0433 0.552057 -0.3 0.23282 2
20.1549 0.553055 -0.3 0.232866 2
20.2752 0.554141 -0.3 0.232882 2
20.3968 0.555296 -0.3 0.232965 2
20.5033 0.556219 -0.3 0.232993 2
20.6201 0.557255 -0.3 0.233056 2
20.752 0.558466 -0.3 0.233146 2
20.874 0.559509 -0.3 0.233183 2
20.9809 0.560415 -0.3 0.233204 2
21.1075 0.561476 -0.3 0.233178 2
21.2353 0.562546 -0.3 0.233261 2
21.3484 0.563504 -0.3 0.233358 2
21.4832 0.56447 -0.3 0.23337 2
21.5957 0.56537 -0.3 0.233384 2
21.7091 0.566184 -0.3 0.233417 2
21.8451 0.567114 -0.3 0.2335 2
21.9715 0.567845 -0.3 0.233529 2
22.0922 0.56854 -0.3 0.233532 2
22.2135 0.569222 -0.3 0.233567 2
22.3372 0.569867 -0.3 0.233668 2
22.4633 0.570436 -0.3 0.233679 2
22.5796 0.570877 -0.3 0.233685 2
22.7024 0.571355 -0.3 0.233744 2
22.8236 0.571758 -0.3 0.233718 2
22.9488 0.572064 -0.3 0.233777 2
23.0849 0.572327 -0.3 0.233806 2
23.2394 0.572567 -0.3 0.233854 2
23.3468 0.572653 -0.3 0.233818 2
23.4726 0.572687 -0.3 0.233865 2
23.5769 0.572633 -0.3 0.233818 2
23.7036 0.572566 -0.3 0.233937 2
23.8196 0.572437 -0.3 0.233888 2
23.9241 0.572242 -0.3 0.233864 2
24.0738 0.571843 -0.3 0.233848 2
24.1644 0.571626 -0.3 0.233964 2
24.3182 0.571044 -0.3 0.233943 2
24.4326 0.570624 -0.3 0.233893 2
24.553 0.570052 -0.3 0.233841 2
24.6826 0.569439 -0.3 0.233917 2
24.8089 0.568807 -0.3 0.233905 2
24.9317 0.56804 -0.3 0.233878 2
25.0648 0.567177 -0.3 0.233779 2
25.1945 0.566297 -0.3 0.233889 2
25.3167 0.565451 -0.3 0.233814 2
25.4399 0.564471 -0.3 0.233816 2
25.5642 0.563546 -0.3 0.233804 2
25.6809 0.562594 -0.3 0.233844 2
25.7927 0.561682 -0.3 0.233821 2
25.9066 0.560712 -0.3 0.233803 2
26.0259 0.559561 -0.3 0.233749 2
26.152 0.558474 -0.3 0.233698 2
26.272 0.557396 -0.3 0.233719 2
26.3991 0.556222 -0.3 0.233716 2
26.5281 0.554974 -0.3 0.233643 2
26.6299 0.554044 -0.3 0.233647 2
26.7574 0.55279 -0.3 0.233569 2
26.8996 0.551582 -0.3 0.233591 2
27.0144 0.550466 -0.3 0.233575 2
27.132 0.549376 -0.3 0.233548 2
27.2514 0.548332 -0.3 0.233497 2
27.3772 0.547209 -0.3 0.233482 2
27.5003 0.54612 -0.3 0.233468 2
27.6301 0.545056 -0.3 0.233469 2
27.7568 0.544065 -0.3 0.233497 2
27.8719 0.543237 -0.3 0.233444 2
27.9966 0.542244 -0.3 0.233371 2
28.1309 0.541397 -0.3 0.233371 2
28.2636 0.540533 -0.3 0.23337 2
28.3894 0.539802 -0.3 0.233362 2
28.5194 0.539185 -0.3 0.233365 2
28.6678 0.538541 -0.3 0.25 3
28.7608 0.538137 -0.298683 0.25 3
28.9105 0.537662 -0.300032 0.25 3
29.0277 0.53735 -0.300835 0.25 3
29.1367 0.537189 -0.301364 0.25 3
29.2532 0.537063 -0.301705 0.25 3
29.3993 0.537041 -0.301857 0.25 3
29.5169 0.537013 -0.301887 0.25 3
29.6104 0.537022 -0.301889 0.25 3
29.7348 0.537058 -0.301885 0.25 3
29.8481 0.537081 -0.301932 0.25 3
29.981 0.537112 -0.301965 0.25 3
30.1022 0.537115 -0.302068 0.25 3
30.2245 0.53712 -0.302121 0.25 3
30.3661 0.537115 -0.302235 0.25 3
30.4635 0.537121 -0.302304 0.25 3
30.5529 0.537138 -0.302402 0.25 3
30.6872 0.537126 -0.302501 0.25 3
30.7978 0.537127 -0.302589 0.25 3
30.9271 0.537145 -0.302724 0.25 3
31.063 0.537152 -0.302879 0.25 3
31.1879 0.537156 -0.302965 0.25 3
31.2939 0.537134 -0.303094 0.25 3
31.4173 0.537127 -0.303198 0.25 3
31.5371 0.537112 -0.303309 0.25 3
31.6767 0.537072 -0.259 0.215 4
31.7874 0.537084 -0.259 0.215 4
31.891 0.537083 -0.259 0.215 4
32.0492 0.537084 -0.259 0.215 4
32.1617 0.537037 -0.259 0.215 4
32.2624 0.537047 -0.259 0.215 4
32.3888 0.537029 -0.259 0.215 4
32.5269 0.537021 -0.259 0.215 4
32.6486 0.537022 -0.259 0.215 4
32.7489 0.537018 -0.259 0.215 4
32.8598 0.537026 -0.259 0.215 4
32.9815 0.537135 -0.259 0.215 4
33.1241 0.537258 -0.259 0.215 4
33.2417 0.537416 -0.259 0.215 4
33.3701 0.537505 -0.259 0.215 4
33.5035 0.537645 -0.259 0.215 4
33.6306 0.53774 -0.259 0.215 4
33.7678 0.53792 -0.259 0.215 4
33.8799 0.537896 -0.259 0.215 4
34.0257 0.537958 -0.259 0.215 4
34.155 0.53802 -0.259 0.215 4
34.2713 0.538024 -0.259 0.215 4
34.3708 0.537942 -0.259 0.215 4
34.5015 0.537947 -0.259 0.215 4
34.6143 0.537857 -0.259 0.215 4
34.7282 0.537778 -0.259 0.215 4
34.8576 0.537673 -0.259 0.215 4
34.9619 0.537632 -0.259 0.215 4
35.0797 0.537513 -0.259 0.215 4
35.2033 0.537345 -0.259 0.215 4
35.3134 0.537303 -0.259 0.215 5
35.4315 0.537285 -0.261181 0.2164 5
35.5631 0.537232 -0.260809 0.21608 5
35.6964 0.537243 -0.260758 0.216072 5
35.8149 0.537251 -0.260769 0.216082 5
35.9392 0.537266 -0.260753 0.216113 5
36.0504 0.537267 -0.260752 0.216058 5
36.1779 0.537259 -0.260764 0.216086 5
36.2895 0.537275 -0.260737 0.216051 5
36.438 0.537274 -0.260745 0.216028 5
36.5342 0.537278 -0.260762 0.216036 5
36.6928 0.537283 -0.260755 0.216066 5
36.796 0.537278 -0.260773 0.216071 5
36.9145 0.537268 -0.260788 0.216058 5
37.0298 0.53728 -0.260754 0.216014 5
37.1568 0.537278 -0.260756 0.21603 5
37.2759 0.537292 -0.260749 0.216056 5
37.3991 0.537283 -0.260753 0.216046 5
37.5128 0.537297 -0.260744 0.21604 5
37.6206 0.537286 -0.260747 0.216038 5
37.7303 0.537293 -0.260755 0.216052 5
37.8615 0.537277 -0.260749 0.216042 5
37.9663 0.537298 -0.260735 0.216039 5
38.0788 0.537281 -0.260745 0.216057 5
38.2022 0.537293 -0.260736 0.216076 5
38.3135 0.537279 -0.260748 0.216035 5
38.4112 0.537298 -0.260759 0.216053 5
38.5444 0.537308 -0.260734 0.216049 5
38.6426 0.537285 -0.260748 0.216056 5
38.7573 0.537293 -0.260756 0.216043 5
38.8692 0.53732 -0.260735 0.216067 5
38.9765 0.537284 -0.260755 0.21604 5
39.0979 0.537275 -0.260762 0.216033 5
39.208 0.537296 -0.260735 0.216033 5
39.3286 0.537289 -0.260764 0.216081 5
39.4519 0.537275 -0.260768 0.216056 5
39.5735 0.537285 -0.260774 0.216063 5
39.6862 0.537264 -0.260768 0.216028 5
39.7944 0.537264 -0.260793 0.216038 5
39.9205 0.537297 -0.260723 0.216062 5
40.0167 0.537279 -0.260739 0.21605 5
40.1337 0.537261 -0.260787 0.216048 5
40.2629 0.537286 -0.260735 0.216017 5
40.357 0.53728 -0.260757 0.216045 5
40.4479 0.537288 -0.260757 0.216047 5
40.57 0.537282 -0.260749 0.216023 5
40.7133 0.537273 -0.26077 0.216052 5
40.8269 0.537292 -0.260758 0.216073 5
