6.53267e-05 0.326669 0.196049 -0.0754253 0
0.0877407 0.326679 0.196072 -0.0757219 0
0.209957 0.326586 0.19603 -0.0752057 0
0.310956 0.326624 0.196111 -0.0760543 0
0.426615 0.326349 0.196134 -0.0764075 0
0.540033 0.326515 0.196046 -0.0754421 0
0.624592 0.326562 0.196019 -0.0753977 0
0.732339 0.326458 0.196102 -0.0764069 0
0.842927 0.32659 0.196098 -0.0748463 0
0.950547 0.326568 0.196082 -0.0761692 0
1.08657 0.326625 0.196038 -0.0757618 0
1.21423 0.326639 0.196065 -0.0759108 0
1.34415 0.326648 0.195994 -0.0748479 0
1.46817 0.326659 0.196055 -0.0762266 0
1.56814 0.326641 0.196019 -0.0754307 0
1.67243 0.326411 0.196059 -0.0757896 0
1.78452 0.326468 0.196121 -0.0759267 0
1.9161 0.326546 0.196088 -0.0757669 0
2.01991 0.326631 0.195985 -0.0743836 0
2.11001 0.32665 0.196152 -0.075951 0
2.23373 0.326697 0.19611 -0.0758303 0
2.37894 0.326566 0.196047 -0.0751143 0
2.51685 0.32671 0.196039 -0.0757665 0
2.64958 0.326679 0.195955 -0.0747128 0
2.77972 0.326567 0.196061 -0.0759399 0
2.87746 0.326613 0.195947 -0.0753338 0
2.99958 0.326606 0.196021 -0.075115 0
3.11026 0.326613 0.196017 -0.075389 0
3.22672 0.326582 0.196059 -0.0755185 0
3.34267 0.326638 0.196118 -0.076117 0
3.4681 0.326529 0.19605 -0.076073 0
3.56981 0.326754 0.196059 -0.0754092 0
3.70205 0.326579 0.196112 -0.0767799 0
3.81987 0.326567 0.196025 -0.0753067 0
3.94968 0.326358 0.196133 -0.0768875 0
4.06442 0.326434 0.196052 -0.0762103 0
4.18873 0.326659 0.196091 -0.0759985 0
4.32634 0.326678 0.196062 -0.0751301 0
4.45386 0.326604 0.1961 -0.0764564 0
4.5826 0.326542 0.196058 -0.0761256 0
4.71275 0.326538 0.196044 -0.0755344 0
4.84416 0.326487 0.196104 -0.0764132 0
4.99312 0.326513 0.195979 -0.0754165 0
5.13501 0.32655 0.19604 -0.0764756 0
5.26105 0.326379 0.196149 -0.0764636 0
5.39829 0.326666 0.196032 -0.0750437 0
5.52147 0.326653 0.196058 -0.0758646 0
5.64823 0.326415 0.196098 -0.0763693 0
5.74809 0.326353 0.196116 -0.0766019 0
5.85171 0.326438 0.196101 -0.0771131 0
5.97487 0.326466 0.196442 -0.0765548 0
6.12099 0.326701 0.196578 -0.0768353 0
6.22267 0.32672 0.196678 -0.075654 0
6.35117 0.326768 0.196911 -0.0751812 0
6.48307 0.327096 0.197198 -0.0755267 0
6.60477 0.327127 0.197542 -0.0751147 0
6.71859 0.327389 0.197685 -0.0736424 0
6.85752 0.327634 0.198109 -0.0738283 0
6.9622 0.327136 0.198411 -0.0739741 0
7.07753 0.327598 0.198819 -0.0723386 0
7.19777 0.32807 0.199309 -0.0708765 0
7.31603 0.327705 0.199789 -0.0714369 0
7.44318 0.328005 0.200004 -0.0701834 0
7.55589 0.328126 0.200415 -0.0693683 0
7.68567 0.328115 0.200597 -0.0670545 0
7.79505 0.327996 0.200715 -0.066774 0
7.92399 0.328359 0.200691 -0.0658861 0
8.05167 0.328475 0.201107 -0.0650163 0
8.17264 0.328541 0.201308 -0.0630863 0
8.30132 0.327574 0.201152 -0.0616578 0
8.43534 0.32621 0.201446 -0.0610554 0
8.54768 0.325699 0.201941 -0.0599167 0
8.65551 0.325594 0.201931 -0.0584364 0
8.78177 0.326065 0.202866 -0.0598243 0
8.90131 0.327474 0.202635 -0.0570993 0
9.033 0.325722 0.202735 -0.0557795 0
9.15243 0.326686 0.202527 -0.0531035 0
9.28719 0.326959 0.202563 -0.0514961 0
9.41463 0.326287 0.2027 -0.0518061 0
9.5481 0.325267 0.202184 -0.049809 0
9.67437 0.326354 0.202601 -0.0477862 0
9.80963 0.325952 0.202443 -0.0460721 0
9.93349 0.326804 0.202377 -0.0435218 0
10.0402 0.325912 0.202549 -0.0435029 0
10.1471 0.32524 0.202271 -0.0431619 0
10.2708 0.325212 0.202259 -0.0416451 1
10.3906 0.327368 0.20231 -0.0392186 1
10.5061 0.326131 0.202017 -0.0392362 1
10.6303 0.32673 0.202248 -0.0383871 1
10.7748 0.326309 0.202031 -0.0375263 1
10.8857 0.327349 0.202052 -0.0364172 1
11.0418 0.327061 0.202028 -0.0374893 1
11.1655 0.326766 0.202204 -0.0367244 1
11.2939 0.327667 0.202532 -0.0379113 1
11.4166 0.330076 0.202848 -0.0361392 1
11.5434 0.331731 0.203095 -0.0359454 1
11.666 0.334195 0.203102 -0.0364498 1
11.7975 0.338382 0.203475 -0.0343018 1
11.9294 0.339542 0.203824 -0.0358841 1
12.0496 0.345089 0.204353 -0.0333527 1
12.1476 0.348796 0.204493 -0.0334894 1
12.2789 0.35415 0.20503 -0.0323674 1
12.3904 0.359101 0.205251 -0.0308153 1
12.5166 0.363448 0.205328 -0.0302187 1
12.6308 0.366693 0.20526 -0.0306001 1
12.7249 0.372505 0.205802 -0.0296379 1
12.8617 0.37725 0.205817 -0.029712 1
12.9868 0.38219 0.205673 -0.0293224 1
13.1367 0.389419 0.205765 -0.0264078 1
13.2613 0.395456 0.205716 -0.0261176 1
13.3786 0.401204 0.205214 -0.0248451 1
13.5036 0.406002 0.204919 -0.0257222 1
13.637 0.413651 0.204805 -0.0247163 1
13.7388 0.418284 0.204631 -0.0263346 1
13.862 0.424928 0.20429 -0.0249904 1
13.9892 0.431305 0.203953 -0.0241344 1
14.1155 0.435289 0.20346 -0.0259845 1
14.2328 0.441913 0.203117 -0.0251991 1
14.3704 0.446603 0.20256 -0.0258585 1
14.474 0.452356 0.201875 -0.0249683 1
14.6084 0.45781 0.201281 -0.0246859 1
14.7374 0.460877 0.200628 -0.027207 1
14.8466 0.465696 0.1998 -0.02335 1
14.9739 0.469404 0.199536 -0.0254708 1
15.0819 0.471675 0.199267 -0.0260226 1
15.2083 0.475647 0.198313 -0.0257291 1
15.316 0.476624 0.19806 -0.026322 1
15.4206 0.478232 0.197743 -0.0279149 1
15.5382 0.480661 0.197327 -0.0277746 2
15.6577 0.482739 0.197176 -0.0258589 2
15.7899 0.482971 0.197171 -0.0290884 2
15.9035 0.484238 0.197021 -0.0270783 2
16.0141 0.48357 0.197018 -0.0293705 2
16.1188 0.483999 0.196748 -0.0275566 2
16.2387 0.484225 0.196409 -0.0284038 2
16.3509 0.48389 0.195893 -0.0290029 2
16.4737 0.484367 0.19524 -0.0280658 2
16.6086 0.484101 0.194 -0.0279774 2
16.7423 0.484078 0.192895 -0.0283255 2
16.8491 0.484905 0.191543 -0.0282519 2
16.9479 0.485296 0.190373 -0.0288123 2
17.0731 0.486247 0.18854 -0.0290267 2
17.1987 0.485902 0.18617 -0.0281117 2
17.3193 0.487865 0.183857 -0.0258603 2
17.458 0.488654 0.181223 -0.0259332 2
17.5876 0.490089 0.178905 -0.0247732 2
17.7047 0.489867 0.176404 -0.0264249 2
17.8184 0.489858 0.173507 -0.0266435 2
17.9364 0.489893 0.170582 -0.0267417 2
18.0523 0.491864 0.167222 -0.0275217 2
18.1779 0.493084 0.164044 -0.0261553 2
18.2997 0.494059 0.160079 -0.0257848 2
18.4119 0.495081 0.156703 -0.0250085 2
18.5413 0.49471 0.153207 -0.028703 2
18.6382 0.497236 0.149185 -0.0244673 2
18.7521 0.497371 0.145708 -0.0240638 2
18.868 0.498831 0.141843 -0.0240911 2
18.9824 0.499708 0.137383 -0.0255471 2
19.1096 0.500305 0.133034 -0.0262607 2
19.2284 0.50132 0.128472 -0.0256958 2
19.3291 0.502474 0.124795 -0.024672 2
19.4458 0.502875 0.119913 -0.0257442 2
19.5628 0.504168 0.115033 -0.0238302 2
19.6941 0.505213 0.110158 -0.0241318 2
19.8333 0.505666 0.103457 -0.0243555 2
19.9354 0.505602 0.0998388 -0.0270079 2
20.0669 0.508264 0.0933698 -0.022265 2
20.1861 0.508399 0.0883711 -0.0240194 2
20.3247 0.510122 0.0816583 -0.0223715 2
20.4434 0.510641 0.0756431 -0.0226334 2
20.5637 0.512305 0.0701052 -0.0235731 2
20.6875 0.513733 0.0642358 -0.0250093 2
20.8126 0.513539 0.05839 -0.0251532 2
20.9278 0.514214 0.0524485 -0.0251761 2
21.0398 0.514323 0.0472317 -0.0233205 2
21.1551 0.515262 0.041041 -0.0228764 2
21.299 0.515864 0.0342456 -0.0184952 2
21.4252 0.517115 0.0277505 -0.0170771 2
21.5386 0.515894 0.021643 -0.0198799 2
21.6821 0.514939 0.0140379 -0.0237989 2
21.8011 0.515646 0.0083946 -0.0228949 2
21.9282 0.515474 0.00167233 -0.0253042 2
22.0243 0.51554 -0.00382835 -0.0259856 2
22.1624 0.51515 -0.0106822 -0.0258345 2
22.2762 0.515421 -0.0166146 -0.0261779 2
22.3854 0.514484 -0.0227895 -0.0281498 2
22.511 0.515038 -0.0295974 -0.0259929 2
22.6345 0.515201 -0.0358315 -0.0252827 2
22.7473 0.514734 -0.0415315 -0.0255434 2
22.8857 0.513191 -0.0483876 -0.0287082 2
22.9737 0.512606 -0.0527203 -0.0317549 2
23.0968 0.511663 -0.0590162 -0.0321602 2
23.2067 0.511845 -0.0645196 -0.0325924 2
23.3233 0.511581 -0.0719229 -0.0283501 2
23.452 0.510938 -0.0775082 -0.0281957 2
23.558 0.510161 -0.08308 -0.0306026 2
23.6824 0.509714 -0.0890513 -0.0283508 2
23.811 0.508407 -0.0954172 -0.0295154 2
23.9485 0.5068 -0.102027 -0.0253875 2
24.0729 0.505996 -0.10846 -0.0231638 2
24.1938 0.504564 -0.113542 -0.0216895 2
24.3204 0.503889 -0.11735 -0.019901 2
24.4373 0.502708 -0.122839 -0.0197188 2
24.5792 0.500895 -0.127912 -0.0227788 2
24.6894 0.499581 -0.132174 -0.0226672 2
24.7909 0.498592 -0.13541 -0.023617 2
24.9256 0.497237 -0.141658 -0.0267003 2
25.0232 0.497194 -0.144665 -0.0253615 2
25.1464 0.49572 -0.150316 -0.0257983 2
25.2691 0.495007 -0.154276 -0.0241304 2
25.3997 0.492751 -0.158486 -0.0257105 2
25.518 0.490524 -0.162184 -0.0266551 2
25.6481 0.490236 -0.166515 -0.0253046 2
25.772 0.487511 -0.171315 -0.0244726 2
25.8987 0.485898 -0.174013 -0.0285788 2
26.0168 0.483497 -0.177244 -0.0283893 2
26.1335 0.482564 -0.181203 -0.0302525 2
26.2591 0.482062 -0.184501 -0.0293901 2
26.3773 0.48195 -0.187241 -0.0290956 2
26.5229 0.480726 -0.190188 -0.0286416 2
26.6366 0.479259 -0.192279 -0.0293775 2
26.7753 0.477217 -0.195174 -0.0306984 2
26.8711 0.477187 -0.196277 -0.0293354 2
26.9768 0.477778 -0.198181 -0.0281701 2
27.1117 0.47682 -0.199994 -0.0284285 2
27.2351 0.476058 -0.20157 -0.0278425 2
27.3764 0.474626 -0.202353 -0.026842 3
27.4954 0.474214 -0.203487 -0.0282869 3
27.6056 0.474001 -0.204564 -0.0279252 3
27.7498 0.473922 -0.204664 -0.0275867 3
27.8681 0.473786 -0.205433 -0.0282487 3
27.9806 0.473709 -0.205199 -0.027439 3
28.1163 0.473227 -0.20517 -0.0284972 3
28.2221 0.47338 -0.205244 -0.0290818 3
28.3562 0.473503 -0.20551 -0.0282093 3
28.4697 0.473149 -0.205144 -0.0288163 3
28.5894 0.473573 -0.205344 -0.0285383 3
28.7171 0.473017 -0.205205 -0.0285231 3
28.8386 0.47284 -0.205294 -0.0283372 3
28.9605 0.472995 -0.205734 -0.0281905 3
29.0782 0.472908 -0.205756 -0.0275424 3
29.2037 0.472977 -0.206391 -0.0279285 3
29.3317 0.472333 -0.206279 -0.0276048 3
29.454 0.47266 -0.206481 -0.0271146 3
29.5619 0.471747 -0.207004 -0.028207 3
29.6875 0.472083 -0.207525 -0.0267745 3
29.809 0.472347 -0.207661 -0.0256161 3
29.9391 0.472225 -0.208078 -0.0250777 3
30.0984 0.472739 -0.208932 -0.0246538 3
30.2021 0.472193 -0.208855 -0.0247646 3
30.3039 0.472829 -0.209205 -0.0243794 4
30.4127 0.471652 -0.208895 -0.0230939 4
30.5667 0.472187 -0.209696 -0.0217541 4
30.6565 0.472394 -0.209634 -0.0207451 4
30.8042 0.472226 -0.209771 -0.0204618 4
30.9061 0.47188 -0.20999 -0.0195104 4
31.0337 0.472556 -0.210038 -0.0192838 4
31.145 0.472378 -0.210444 -0.0195167 4
31.2874 0.471666 -0.207376 -0.020437 4
31.3858 0.47361 -0.172892 -0.0328414 4
31.5167 0.668305 0.787056 -0.33066 4
31.6584 0.591575 -0.235757 -0.0179018 4
31.7744 1.59093 -0.216908 -0.174567 4
31.8836 0.728373 -0.41269 -0.155419 4
32.0157 1.42195 0.575542 -0.583743 4
32.1476 0.773071 -0.519173 0.349698 4
32.2615 0.622399 -0.162846 0.140448 4
32.3837 1.58333 0.358766 -0.195816 4
32.5243 1.93109 1.54848 -0.828026 4
32.6147 2.0991 0.594583 -0.413636 4
32.736 1.68105 0.476582 -0.398224 4
32.851 1.27707 0.229391 -0.0861252 4
32.9737 1.60878 0.415533 -0.355274 4
33.0741 1.99591 0.744956 -0.537826 4
33.1863 1.60611 0.756623 -0.21398 4
33.3272 1.79967 0.374709 -0.353293 4
33.4306 1.76814 0.248356 -0.300495 4
33.5348 0.885291 0.0814099 -0.0433588 4
33.654 0.734056 -0.108488 0.139336 4
33.7869 1.59536 0.342175 -0.375436 4
33.9225 0.80223 0.0587845 -0.0330502 4
34.0393 1.77463 0.299748 -0.353934 4
34.1369 1.1551 0.14838 -0.119317 4
34.2487 1.91085 0.424977 -0.450748 4
34.3665 2.71976 1.16095 -0.227714 4
34.5018 1.77041 0.297583 -0.431059 4
34.6102 2.074 0.333064 -0.382718 4
34.6981 1.83745 0.405198 -0.559757 4
34.8316 1.72284 0.325529 -0.439052 4
34.9412 1.90628 0.364271 -0.454528 4
35.0358 1.86794 0.373561 -0.554034 4
35.1625 1.85452 0.366149 -0.439223 4
35.2866 0.543875 -0.0818585 -0.0312105 4
35.3994 1.38664 0.201348 -0.0184852 4
35.5166 1.68558 0.330809 -0.385235 4
35.6486 1.98624 0.444385 -0.578156 4
35.7592 1.55588 0.195649 -0.290586 4
35.9066 1.80255 0.314456 -0.430026 4
35.9845 1.48586 0.274412 -0.31445 4
36.1137 0.903088 0.010601 0.00837755 4
36.2137 2.10478 0.512864 -0.55085 4
36.3256 0.608586 -0.0324904 0.051211 4
36.4467 1.92228 0.382055 -0.593592 4
36.5523 0.719524 0.0782224 -0.0886412 4
36.6718 1.82206 0.309276 -0.350085 4
36.8109 0.656821 -0.0268949 -0.00174874 4
36.9261 2.02585 0.412813 -0.634579 4
37.0261 2.07853 0.417614 -0.589437 4
