6.53267e-05 0.451312 0.18944 -0.0689773 0
0.0877407 0.451222 0.189471 -0.0686169 0
0.209957 0.451148 0.189445 -0.0683342 0
0.310956 0.451228 0.189503 -0.0694041 0
0.426615 0.451226 0.189537 -0.0693283 0
0.540033 0.451112 0.189429 -0.0679401 0
0.624592 0.45121 0.189415 -0.0686971 0
0.732339 0.451169 0.189465 -0.0685603 0
0.842927 0.451122 0.189452 -0.0674727 0
0.950547 0.451174 0.189472 -0.0689956 0
1.08657 0.45114 0.189403 -0.06861 0
1.21423 0.451195 0.189423 -0.0686429 0
1.34415 0.451115 0.189436 -0.0680765 0
1.46817 0.451291 0.189446 -0.0693688 0
1.56814 0.451187 0.189422 -0.0688127 0
1.67243 0.451181 0.189435 -0.0686474 0
1.78452 0.451175 0.189512 -0.0688248 0
1.9161 0.451203 0.189525 -0.0690154 0
2.01991 0.451159 0.189522 -0.0687022 0
2.11001 0.451239 0.189542 -0.0690343 0
2.23373 0.45123 0.189481 -0.0687498 0
2.37894 0.451256 0.189461 -0.0684039 0
2.51685 0.451352 0.189371 -0.0687765 0
2.64958 0.451158 0.189479 -0.0685307 0
2.77972 0.45113 0.189436 -0.0689282 0
2.87746 0.451155 0.18941 -0.0685764 0
2.99958 0.451146 0.18941 -0.0680267 0
3.11026 0.451178 0.189422 -0.0688534 0
3.22672 0.451281 0.189502 -0.0692476 0
3.34267 0.45137 0.189449 -0.0691536 0
3.4681 0.451213 0.189458 -0.0691371 0
3.56981 0.451308 0.189492 -0.0689733 0
3.70205 0.451188 0.189421 -0.0690567 0
3.81987 0.451238 0.189416 -0.0687449 0
3.94968 0.451353 0.189465 -0.0701197 0
4.06442 0.451283 0.189446 -0.0696074 0
4.18873 0.451206 0.189428 -0.0686084 0
4.32634 0.451247 0.189428 -0.0683438 0
4.45386 0.451256 0.189463 -0.0695138 0
4.5826 0.451377 0.189469 -0.0696053 0
4.71275 0.451139 0.189414 -0.0681691 0
4.84416 0.451359 0.189468 -0.0693374 0
4.99312 0.451178 0.189426 -0.0686901 0
5.13501 0.451334 0.189432 -0.0698526 0
5.26105 0.451295 0.189438 -0.0686504 0
5.39829 0.451184 0.189408 -0.0676967 0
5.52147 0.451191 0.189458 -0.068948 0
5.64823 0.451363 0.189475 -0.0700216 0
5.74809 0.451255 0.189486 -0.069273 0
5.85171 0.451221 0.189433 -0.0694844 0
5.97487 0.451406 0.189809 -0.0692622 0
6.12099 0.451635 0.189861 -0.0691528 0
6.22267 0.45172 0.190076 -0.0689747 0
6.35117 0.451897 0.190314 -0.0686644 0
6.48307 0.452135 0.190589 -0.0691763 0
6.60477 0.452339 0.190839 -0.0686325 0
6.71859 0.45264 0.191159 -0.0684189 0
6.85752 0.452882 0.191482 -0.0684037 0
6.9622 0.453008 0.191571 -0.0667953 0
7.07753 0.453272 0.191966 -0.0653828 0
7.19777 0.453686 0.192474 -0.0639213 0
7.31603 0.453876 0.193022 -0.0646467 0
7.44318 0.45406 0.193211 -0.0630922 0
7.55589 0.454584 0.193697 -0.0621003 0
7.68567 0.454585 0.194024 -0.060699 0
7.79505 0.454905 0.194268 -0.0602946 0
7.92399 0.454892 0.1943 -0.0591434 0
8.05167 0.455246 0.194665 -0.0582303 0
8.17264 0.4552 0.194862 -0.0569857 0
8.30132 0.454623 0.194926 -0.0559563 0
8.43534 0.454901 0.194905 -0.0548657 0
8.54768 0.455013 0.195086 -0.0518572 0
8.65551 0.45471 0.195379 -0.0510969 0
8.78177 0.455865 0.195401 -0.0503292 0
8.90131 0.456113 0.195156 -0.047238 0
9.033 0.455637 0.195239 -0.0450741 0
9.15243 0.45585 0.195337 -0.0434109 0
9.28719 0.456139 0.19548 -0.0417472 0
9.41463 0.456102 0.195248 -0.0403503 0
9.5481 0.456382 0.19515 -0.0383717 0
9.67437 0.455819 0.19543 -0.0381337 0
9.80963 0.455925 0.195201 -0.0363677 0
9.93349 0.455735 0.195384 -0.0355389 0
10.0402 0.455503 0.195318 -0.0345517 0
10.1471 0.45508 0.195218 -0.0349008 0
10.2708 0.454963 0.194945 -0.0333815 1
10.3906 0.455167 0.195051 -0.0325671 1
10.5061 0.454513 0.194765 -0.0324615 1
10.6303 0.455023 0.194921 -0.0304782 1
10.7748 0.455081 0.194734 -0.0301 1
10.8857 0.454631 0.194607 -0.0315788 1
11.0418 0.455275 0.19488 -0.0313726 1
11.1655 0.456935 0.195116 -0.0303558 1
11.2939 0.458112 0.194929 -0.0304539 1
11.4166 0.459381 0.195676 -0.0314976 1
11.5434 0.462307 0.195765 -0.0301444 1
11.666 0.463837 0.195594 -0.0309457 1
11.7975 0.467578 0.196178 -0.0295143 1
11.9294 0.469687 0.196286 -0.0306072 1
12.0496 0.474134 0.197014 -0.0301102 1
12.1476 0.477266 0.196976 -0.0282051 1
12.2789 0.483219 0.197402 -0.0283116 1
12.3904 0.488185 0.197641 -0.0265888 1
12.5166 0.491658 0.198202 -0.0279371 1
12.6308 0.496015 0.198345 -0.0294228 1
12.7249 0.500821 0.19845 -0.0288186 1
12.8617 0.505688 0.199214 -0.0290097 1
12.9868 0.511726 0.198684 -0.0292802 1
13.1367 0.517378 0.198859 -0.026969 1
13.2613 0.524159 0.198634 -0.0239044 1
13.3786 0.529535 0.198485 -0.0225569 1
13.5036 0.535404 0.197904 -0.0229603 1
13.637 0.54119 0.198028 -0.0228521 1
13.7388 0.546906 0.19749 -0.02413 1
13.862 0.553004 0.197323 -0.0225837 1
13.9892 0.559017 0.197064 -0.0226015 1
14.1155 0.562783 0.196456 -0.0229888 1
14.2328 0.568615 0.195833 -0.0212691 1
14.3704 0.573809 0.195007 -0.0229178 1
14.474 0.578965 0.194722 -0.0216998 1
14.6084 0.583835 0.194101 -0.0211729 1
14.7374 0.587476 0.193187 -0.0212728 1
14.8466 0.591185 0.192857 -0.0208753 1
14.9739 0.594973 0.19247 -0.0212731 1
15.0819 0.598908 0.192165 -0.0205669 1
15.2083 0.601509 0.191528 -0.0209827 1
15.316 0.603019 0.19104 -0.0216829 1
15.4206 0.605406 0.190933 -0.0227566 1
15.5382 0.607381 0.190741 -0.0216071 2
15.6577 0.608479 0.19055 -0.0216036 2
15.7899 0.609214 0.190467 -0.0222457 2
15.9035 0.609081 0.190609 -0.0230813 2
16.0141 0.609167 0.190499 -0.0227768 2
16.1188 0.609247 0.190341 -0.0224274 2
16.2387 0.609247 0.189981 -0.0234094 2
16.3509 0.609553 0.189456 -0.0227112 2
16.4737 0.609789 0.188394 -0.0215399 2
16.6086 0.610063 0.18746 -0.0226073 2
16.7423 0.610459 0.185932 -0.0226325 2
16.8491 0.611027 0.184768 -0.0224239 2
16.9479 0.611394 0.183653 -0.0226054 2
17.0731 0.612316 0.18181 -0.0224015 2
17.1987 0.612826 0.179507 -0.0208897 2
17.3193 0.613416 0.177104 -0.0210637 2
17.458 0.614231 0.174654 -0.022261 2
17.5876 0.615407 0.172279 -0.0209235 2
17.7047 0.616701 0.169187 -0.0204194 2
17.8184 0.617266 0.166668 -0.0192357 2
17.9364 0.617588 0.163866 -0.0198347 2
18.0523 0.618875 0.160592 -0.0207773 2
18.1779 0.620041 0.157109 -0.020414 2
18.2997 0.620491 0.153616 -0.0206728 2
18.4119 0.621462 0.150426 -0.0207919 2
18.5413 0.622541 0.146124 -0.0212581 2
18.6382 0.623232 0.142689 -0.0198441 2
18.7521 0.624274 0.139087 -0.020075 2
18.868 0.62541 0.135003 -0.0195588 2
18.9824 0.626007 0.130775 -0.0199649 2
19.1096 0.627557 0.126194 -0.0196761 2
19.2284 0.62878 0.121704 -0.0184915 2
19.3291 0.629442 0.117705 -0.018945 2
19.4458 0.630732 0.112797 -0.0184567 2
19.5628 0.631461 0.108456 -0.018143 2
19.6941 0.633223 0.103176 -0.0182301 2
19.8333 0.633142 0.0965611 -0.0178631 2
19.9354 0.634228 0.0925687 -0.0196201 2
20.0669 0.63475 0.0862812 -0.0186913 2
20.1861 0.636056 0.0811406 -0.0189129 2
20.3247 0.63669 0.0748205 -0.0177722 2
20.4434 0.637202 0.0695908 -0.0191515 2
20.5637 0.637649 0.0634727 -0.019356 2
20.6875 0.638463 0.0574524 -0.0202684 2
20.8126 0.639298 0.0512429 -0.0185726 2
20.9278 0.639762 0.0451691 -0.0199439 2
21.0398 0.640066 0.0405501 -0.0187109 2
21.1551 0.640399 0.0342065 -0.0187499 2
21.299 0.641039 0.0269185 -0.0177458 2
21.4252 0.642267 0.020701 -0.0168377 2
21.5386 0.641437 0.0148242 -0.0183471 2
21.6821 0.642116 0.0071356 -0.0186559 2
21.8011 0.64158 0.00159046 -0.0192775 2
21.9282 0.641366 -0.0050846 -0.0194965 2
22.0243 0.641832 -0.0106839 -0.0187111 2
22.1624 0.641336 -0.0173889 -0.019833 2
22.2762 0.641431 -0.023341 -0.0193443 2
22.3854 0.641203 -0.0292537 -0.019845 2
22.511 0.641017 -0.0362104 -0.0189541 2
22.6345 0.641011 -0.0420901 -0.0190338 2
22.7473 0.640651 -0.0480971 -0.0188905 2
22.8857 0.639776 -0.0550933 -0.0201598 2
22.9737 0.639927 -0.0594468 -0.020114 2
23.0968 0.638854 -0.0662321 -0.0211931 2
23.2067 0.638351 -0.0711392 -0.0214446 2
23.3233 0.63888 -0.0785913 -0.0157541 2
23.452 0.637623 -0.0839967 -0.0167889 2
23.558 0.636791 -0.0893242 -0.017365 2
23.6824 0.636205 -0.0950137 -0.0150252 2
23.811 0.634704 -0.101208 -0.0153704 2
23.9485 0.63309 -0.107022 -0.0141169 2
24.0729 0.632488 -0.113147 -0.0133247 2
24.1938 0.631401 -0.118406 -0.0123973 2
24.3204 0.630213 -0.123397 -0.012297 2
24.4373 0.628864 -0.128429 -0.0125666 2
24.5792 0.627529 -0.13418 -0.0125721 2
24.6894 0.625822 -0.138807 -0.0124488 2
24.7909 0.624425 -0.142848 -0.0120957 2
24.9256 0.624253 -0.148275 -0.0128071 2
25.0232 0.623268 -0.151443 -0.0118258 2
25.1464 0.621473 -0.156704 -0.0119184 2
25.2691 0.620233 -0.16103 -0.0139489 2
25.3997 0.619474 -0.165081 -0.0145429 2
25.518 0.618642 -0.169352 -0.0148105 2
25.6481 0.618194 -0.173322 -0.0148714 2
25.772 0.616877 -0.178222 -0.0139426 2
25.8987 0.61468 -0.181216 -0.0172639 2
26.0168 0.613889 -0.184994 -0.0174959 2
26.1335 0.612646 -0.18799 -0.0163035 2
26.2591 0.611466 -0.190941 -0.0179141 2
26.3773 0.611092 -0.193458 -0.0169097 2
26.5229 0.610302 -0.197174 -0.0167317 2
26.6366 0.608572 -0.199317 -0.0177148 2
26.7753 0.608239 -0.201867 -0.0181454 2
26.8711 0.607062 -0.203253 -0.0167472 2
26.9768 0.606267 -0.205073 -0.0170885 2
27.1117 0.605558 -0.206625 -0.0154749 2
27.2351 0.60551 -0.20793 -0.0145381 2
27.3764 0.604819 -0.209192 -0.0128666 3
27.4954 0.603125 -0.209797 -0.0142604 3
27.6056 0.603149 -0.211054 -0.0139723 3
27.7498 0.6031 -0.211256 -0.0144924 3
27.8681 0.603269 -0.211884 -0.014174 3
27.9806 0.602867 -0.211906 -0.0137581 3
28.1163 0.603001 -0.211459 -0.0137261 3
28.2221 0.602498 -0.211348 -0.0146871 3
28.3562 0.602833 -0.212035 -0.0137149 3
28.4697 0.60145 -0.211314 -0.0156775 3
28.5894 0.602898 -0.21178 -0.0142714 3
28.7171 0.602849 -0.211981 -0.0141308 3
28.8386 0.6031 -0.211989 -0.0133391 3
28.9605 0.602842 -0.212647 -0.0139504 3
29.0782 0.60252 -0.213058 -0.0133839 3
29.2037 0.602738 -0.213173 -0.0133831 3
29.3317 0.602579 -0.213564 -0.0130799 3
29.454 0.60263 -0.213762 -0.0131896 3
29.5619 0.602903 -0.213878 -0.0120238 3
29.6875 0.602874 -0.214224 -0.011089 3
29.809 0.602381 -0.214483 -0.010091 3
29.9391 0.601956 -0.214855 -0.0101915 3
30.0984 0.60237 -0.214973 -0.00847334 3
30.2021 0.60243 -0.215342 -0.00778349 3
30.3039 0.602158 -0.214975 -0.00745721 4
30.4127 0.60269 -0.215295 -0.00681448 4
30.5667 0.602389 -0.215457 -0.0056021 4
30.6565 0.602085 -0.215617 -0.0057957 4
30.8042 0.602638 -0.215592 -0.00594475 4
30.9061 0.602609 -0.215976 -0.00381489 4
31.0337 0.602392 -0.215777 -0.00444172 4
31.145 0.602629 -0.215966 -0.00358336 4
31.2874 0.602318 -0.212432 -0.00381135 4
31.3858 0.598649 -0.175653 -0.013014 4
31.5167 0.552627 -0.381376 -0.0131439 4
31.6584 0.661458 -0.186083 -0.000309169 4
31.7744 0.580665 -0.293411 0.0237629 4
31.8836 0.754394 -0.363921 0.155762 4
32.0157 0.620084 -0.193734 0.0958443 4
32.1476 0.794614 -0.425595 0.370436 4
32.2615 0.514672 0.305738 -0.263115 4
32.3837 0.574898 -0.248447 0.139807 4
32.5243 0.429302 -0.179441 0.151029 4
32.6147 0.60892 -0.26581 0.10491 4
32.736 0.582405 -0.272604 0.152125 4
32.851 0.347651 -0.204574 0.0597849 4
32.9737 0.577471 -0.286047 0.153113 4
33.0741 0.581583 -0.262719 0.205622 4
33.1863 0.512328 -0.128909 -0.0218894 4
33.3272 0.578233 -0.329064 0.172323 4
33.4306 0.60693 -0.237362 0.118615 4
33.5348 0.455177 -0.180287 0.115959 4
33.654 0.5934 -0.169273 0.163356 4
33.7869 0.588986 -0.277953 0.138025 4
33.9225 0.386646 -0.235702 0.0818216 4
34.0393 0.600827 -0.268539 0.171274 4
34.1369 0.63405 -0.182028 0.144009 4
34.2487 0.657647 -0.204974 0.086457 4
34.3665 0.314458 -0.35629 0.192035 4
34.5018 0.641352 -0.249754 0.14124 4
34.6102 0.521101 -0.307254 0.15222 4
34.6981 0.644138 -0.197473 0.10395 4
34.8316 0.597163 -0.225695 0.128169 4
34.9412 0.564116 -0.260895 0.124504 4
35.0358 0.667866 -0.205506 0.111328 4
35.1625 0.582587 -0.284996 0.135833 4
35.2866 0.378871 0.498096 -0.568561 4
35.3994 0.551144 -0.0784904 -0.0885036 4
35.5166 0.58092 -0.334622 0.170798 4
35.6486 0.666039 -0.201558 0.0880424 4
35.7592 0.627463 -0.298278 0.175369 4
35.9066 0.606516 -0.295039 0.137931 4
35.9845 0.567686 -0.314367 0.178053 4
36.1137 0.684863 -0.159874 0.0572207 4
36.2137 0.571525 -0.280796 0.125847 4
36.3256 0.553646 -0.241165 0.206082 4
36.4467 0.677563 -0.145979 0.100519 4
36.5523 0.577053 -0.0213506 -0.10427 4
36.6718 0.543833 -0.331012 0.174402 4
36.8109 0.554758 -0.170509 0.156104 4
36.9261 0.739177 -0.166554 0.12427 4
37.0261 0.655669 -0.189955 0.105419 4
