6.53267e-05 0.380353 0.10242 0.165275 0 0
0.0877407 0.380342 0.102432 0.16529 0 0
0.209957 0.380349 0.102417 0.16528 0 0
0.310956 0.380349 0.102425 0.165266 0 0
0.426615 0.380367 0.10245 0.165283 0 0
0.540033 0.380345 0.102418 0.165276 0 0
0.624592 0.380343 0.102424 0.165259 0 0
0.732339 0.380351 0.10243 0.165276 0 0
0.842927 0.380352 0.102442 0.165284 0 0
0.950547 0.380353 0.102426 0.165266 0 0
1.08657 0.380341 0.102425 0.165263 0 0
1.21423 0.380354 0.102417 0.165276 0 0
1.34415 0.380348 0.102427 0.165266 0 0
1.46817 0.380347 0.102432 0.165272 0 0
1.56814 0.380341 0.102436 0.165261 0 0
1.67243 0.380359 0.102423 0.165272 0 0
1.78452 0.380349 0.102443 0.165277 0 0
1.9161 0.380355 0.102441 0.165277 0 0
2.01991 0.380352 0.102428 0.165287 0 0
2.11001 0.380356 0.102454 0.165288 0 0
2.23373 0.380354 0.102437 0.16527 0 0
2.37894 0.380354 0.102437 0.165298 0 0
2.51685 0.380343 0.102428 0.165278 0 0
2.64958 0.380351 0.102432 0.165271 0 0
2.77972 0.380337 0.102419 0.165262 0 0
2.87746 0.38034 0.102429 0.165258 0 0
2.99958 0.380364 0.102427 0.165273 0 0
3.11026 0.38036 0.102418 0.165265 0 0
3.22672 0.380356 0.102438 0.165284 0 0
3.34267 0.380349 0.102439 0.16527 0 0
3.4681 0.38035 0.102436 0.165254 0 0
3.56981 0.380363 0.10242 0.165285 0 0
3.70205 0.380347 0.102427 0.16527 0 0
3.81987 0.380354 0.10243 0.165278 0 0
3.94968 0.380355 0.102429 0.165281 0 0
4.06442 0.380339 0.102432 0.165263 0 0
4.18873 0.380351 0.102429 0.165269 0 0
4.32634 0.380349 0.102437 0.165269 0 0
4.45386 0.380345 0.102417 0.165264 0 0
4.5826 0.380359 0.10242 0.165282 0 0
4.71275 0.380347 0.102427 0.165276 0 0
4.84416 0.380347 0.102435 0.165279 0 0
4.99312 0.380352 0.102417 0.165274 0 0
5.13501 0.380344 0.10243 0.165262 0 0
5.26105 0.380362 0.102436 0.165278 0 0
5.39829 0.380352 0.102431 0.165277 0 0
5.52147 0.380337 0.102432 0.165267 0 0
5.64823 0.380342 0.102426 0.165276 0 0
5.74809 0.380347 0.102446 0.165277 0 0
5.85171 0.380366 0.10242 0.165342 0 0
5.97487 0.380414 0.102474 0.16581 0 0
6.12099 0.380486 0.102522 0.16656 0 0
6.22267 0.380565 0.102562 0.16719 0 0
6.35117 0.380681 0.10262 0.16829 0 0
6.48307 0.380815 0.102643 0.16951 0 0
6.60477 0.380939 0.10269 0.170791 0 0
6.71859 0.381063 0.102749 0.172238 0 0
6.85752 0.381236 0.102812 0.17401 0 0
6.9622 0.381328 0.102844 0.175463 0 0
7.07753 0.38149 0.102914 0.177145 0 0
7.19777 0.381631 0.102951 0.179088 0 0
7.31603 0.381772 0.103025 0.181075 0 0
7.44318 0.381881 0.10304 0.18329 0 0
7.55589 0.382018 0.103089 0.185307 0 0
7.68567 0.382142 0.103103 0.187662 0 0
7.79505 0.382216 0.103129 0.189659 0 0
7.92399 0.382293 0.103113 0.19222 0 0
8.05167 0.382391 0.10314 0.194769 0 0
8.17264 0.382433 0.1031 0.197164 0 0
8.30132 0.382445 0.10309 0.199644 0 0
8.43534 0.38249 0.10305 0.20233 0 0
8.54768 0.382507 0.103005 0.204562 0 0
8.65551 0.382485 0.102984 0.206598 0 0
8.78177 0.382443 0.102917 0.209014 0 0
8.90131 0.382404 0.102828 0.211291 0 0
9.033 0.382348 0.102747 0.21377 0 0
9.15243 0.382277 0.102691 0.215867 0 0
9.28719 0.382185 0.102575 0.217975 0 0
9.41463 0.38209 0.102503 0.220011 0 0
9.5481 0.381998 0.102398 0.222029 0 0
9.67437 0.381897 0.102301 0.223837 0 0
9.80963 0.38179 0.102212 0.225498 0 0
9.93349 0.381717 0.102136 0.226869 0 0
10.0402 0.381675 0.102074 0.22799 0 0
10.1471 0.3816 0.102019 0.228871 0 0
10.2708 0.38153 0.101974 0.229792 0 1
10.3906 0.381472 0.101916 0.230429 0 1
10.5061 0.381433 0.101877 0.230745 0 1
10.6303 0.381421 0.101865 0.231048 0 1
10.7748 0.381407 0.101877 0.231062 0 1
10.8857 0.381435 0.101888 0.231096 0 1
11.0418 0.382174 0.101999 0.23124 0 1
11.1655 0.383357 0.102133 0.23146 0 1
11.2939 0.385079 0.102404 0.231785 0 1
11.4166 0.387255 0.102697 0.23216 0 1
11.5434 0.389734 0.10302 0.232553 0 1
11.666 0.392596 0.103378 0.232995 0 1
11.7975 0.396264 0.103797 0.233605 0 1
11.9294 0.400059 0.104238 0.234154 0 1
12.0496 0.404239 0.104686 0.234684 0 1
12.1476 0.407641 0.104981 0.235119 0 1
12.2789 0.412328 0.10543 0.235712 0 1
12.3904 0.416994 0.10579 0.236202 0 1
12.5166 0.421929 0.106115 0.236676 0 1
12.6308 0.426583 0.106413 0.237064 0 1
12.7249 0.430764 0.106627 0.237372 0 1
12.8617 0.436829 0.106904 0.237786 0 1
12.9868 0.442654 0.107058 0.238019 0 1
13.1367 0.449743 0.107222 0.238299 0 1
13.2613 0.455311 0.107202 0.238412 0 1
13.3786 0.460981 0.107221 0.238426 0 1
13.5036 0.466576 0.107117 0.238334 0 1
13.637 0.473024 0.106942 0.238294 0 1
13.7388 0.477739 0.106827 0.238065 0 1
13.862 0.483628 0.10641 0.237829 0 1
13.9892 0.488981 0.10623 0.237488 0 1
14.1155 0.494482 0.105748 0.237192 0 1
14.2328 0.499174 0.105434 0.236833 0 1
14.3704 0.504955 0.104923 0.2362 0 1
14.474 0.508941 0.104448 0.235946 0 1
14.6084 0.513884 0.103979 0.235366 0 1
14.7374 0.51816 0.103401 0.234812 0 1
14.8466 0.521348 0.102973 0.234465 0 1
14.9739 0.524992 0.102544 0.233967 0 1
15.0819 0.527824 0.102213 0.233577 0 1
15.2083 0.530456 0.101737 0.233127 0 1
15.316 0.532613 0.101443 0.232836 0 1
15.4206 0.534214 0.10117 0.232608 0 1
15.5382 0.535634 0.100996 0.232386 0 2
15.6577 0.536589 0.100905 0.232194 0 2
15.7899 0.537016 0.100787 0.232121 0 2
15.9035 0.537006 0.10081 0.232113 0 2
16.0141 0.537023 0.100793 0.232116 0 2
16.1188 0.537052 0.100618 0.232119 0 2
16.2387 0.53723 0.100185 0.232123 0 2
16.3509 0.537442 0.0996646 0.232119 0 2
16.4737 0.537759 0.0988221 0.232148 0 2
16.6086 0.538221 0.0976804 0.232162 0 2
16.7423 0.538702 0.0963489 0.232193 0 2
16.8491 0.539174 0.095082 0.232239 0 2
16.9479 0.539666 0.0938981 0.232227 0 2
17.0731 0.540359 0.0919949 0.232302 0 2
17.1987 0.541122 0.0898711 0.232278 0 2
17.3193 0.541888 0.0877812 0.232279 0 2
17.458 0.542837 0.0851241 0.232342 0 2
17.5876 0.543778 0.0825017 0.232379 0 2
17.7047 0.544693 0.0798679 0.232391 0 2
17.8184 0.545585 0.0771435 0.23242 0 2
17.9364 0.546571 0.0742518 0.232445 0 2
18.0523 0.547607 0.0710256 0.232503 0 2
18.1779 0.548641 0.067814 0.232539 0 2
18.2997 0.549746 0.064264 0.232621 0 2
18.4119 0.550762 0.0610285 0.23264 0 2
18.5413 0.551956 0.0569552 0.232728 0 2
18.6382 0.552916 0.0536755 0.232724 0 2
18.7521 0.553986 0.0498871 0.232803 0 2
18.868 0.555009 0.0459672 0.232834 0 2
18.9824 0.55615 0.0418254 0.232848 0 2
19.1096 0.557303 0.0374008 0.232969 0 2
19.2284 0.558404 0.0328917 0.232985 0 2
19.3291 0.559341 0.0288945 0.23299 0 2
19.4458 0.56045 0.0241105 0.233055 0 2
19.5628 0.561439 0.0196628 0.23302 0 2
19.6941 0.56267 0.0140885 0.233157 0 2
19.8333 0.563813 0.00827429 0.233209 0 2
19.9354 0.564594 0.00407418 0.233212 0 2
20.0669 0.565656 -0.00188475 0.233228 0 2
20.1861 0.566599 -0.00715706 0.233316 0 2
20.3247 0.567606 -0.0133182 0.233358 0 2
20.4434 0.568417 -0.0189364 0.233414 0 2
20.5637 0.569192 -0.0246458 0.233386 0 2
20.6875 0.569895 -0.0303203 0.233408 0 2
20.8126 0.570628 -0.0364942 0.233541 0 2
20.9278 0.571258 -0.0422661 0.233531 0 2
21.0398 0.571744 -0.0473519 0.2336 0 2
21.1551 0.572229 -0.0534111 0.233539 0 2
21.299 0.572804 -0.0605397 0.233572 0 2
21.4252 0.573202 -0.0669798 0.233643 0 2
21.5386 0.573474 -0.0727033 0.233681 0 2
21.6821 0.573738 -0.0800489 0.233695 0 2
21.8011 0.573934 -0.0862001 0.233739 0 2
21.9282 0.574041 -0.0923995 0.233717 0 2
22.0243 0.574053 -0.0976867 0.233706 0 2
22.1624 0.574036 -0.104685 0.233799 0 2
22.2762 0.573956 -0.110476 0.23378 0 2
22.3854 0.573778 -0.116247 0.233783 0 2
22.511 0.573507 -0.122873 0.233769 0 2
22.6345 0.573242 -0.129053 0.233804 0 2
22.7473 0.572916 -0.134768 0.233861 0 2
22.8857 0.572404 -0.141664 0.233818 0 2
22.9737 0.572049 -0.146114 0.233804 0 2
23.0968 0.571455 -0.152574 0.233766 0 2
23.2067 0.570956 -0.157844 0.233849 0 2
23.3233 0.570293 -0.163862 0.233805 0 2
23.452 0.569619 -0.169658 0.233777 0 2
23.558 0.568883 -0.17512 0.233757 0 2
23.6824 0.568077 -0.180975 0.233807 0 2
23.811 0.567082 -0.18749 0.233798 0 2
23.9485 0.5661 -0.193483 0.233792 0 2
24.0729 0.565012 -0.199775 0.233708 0 2
24.1938 0.564023 -0.205127 0.233728 0 2
24.3204 0.563007 -0.210464 0.23377 0 2
24.4373 0.561893 -0.215853 0.233732 0 2
24.5792 0.560652 -0.221604 0.233641 0 2
24.6894 0.55965 -0.226146 0.233597 0 2
24.7909 0.558637 -0.230557 0.233641 0 2
24.9256 0.557349 -0.236017 0.233652 0 2
25.0232 0.556511 -0.239392 0.233618 0 2
25.1464 0.555149 -0.244565 0.233602 0 2
25.2691 0.553975 -0.248963 0.233524 0 2
25.3997 0.552767 -0.253469 0.233523 0 2
25.518 0.551603 -0.257643 0.233561 0 2
25.6481 0.550428 -0.261783 0.233478 0 2
25.772 0.549143 -0.265937 0.233405 0 2
25.8987 0.54803 -0.269709 0.233443 0 2
26.0168 0.546897 -0.273197 0.233388 0 2
26.1335 0.545935 -0.276201 0.233372 0 2
26.2591 0.54491 -0.279362 0.2334 0 2
26.3773 0.543993 -0.282243 0.233416 0 2
26.5229 0.542841 -0.285561 0.233335 0 2
26.6366 0.54201 -0.288049 0.233355 0 2
26.7753 0.541102 -0.290626 0.233297 0 2
26.8711 0.540454 -0.292414 0.233321 0 2
26.9768 0.53985 -0.294094 0.233291 0 2
27.1117 0.539235 -0.295882 0.233291 0 2
27.2351 0.538624 -0.297515 0.233225 0 2
27.3764 0.538025 -0.299135 0.233267 0 3
27.4954 0.537686 -0.300113 0.233224 0 3
27.6056 0.537379 -0.300884 0.233226 0 3
27.7498 0.53723 -0.301383 0.233236 0 3
27.8681 0.53703 -0.301918 0.23321 0 3
27.9806 0.537042 -0.301917 0.233232 0 3
28.1163 0.537042 -0.301929 0.233232 0 3
28.2221 0.537057 -0.301914 0.233258 0 3
28.3562 0.537085 -0.301996 0.233511 0 3
28.4697 0.537103 -0.302038 0.23396 0 3
28.5894 0.537097 -0.30211 0.234511 0 3
28.7171 0.537124 -0.302143 0.235196 0 3
28.8386 0.537104 -0.302259 0.235947 0 3
28.9605 0.537112 -0.302353 0.236844 0 3
29.0782 0.537116 -0.302454 0.237615 0 3
29.2037 0.53712 -0.30256 0.238657 0 3
29.3317 0.537115 -0.302675 0.239791 0 3
29.454 0.537106 -0.302784 0.240857 0 3
29.5619 0.537136 -0.302882 0.241849 0 3
29.6875 0.537137 -0.302961 0.242983 0 3
29.809 0.537135 -0.303108 0.244064 0 3
29.9391 0.537146 -0.303194 0.245152 0 3
30.0984 0.537107 -0.30337 0.246402 0 3
30.2021 0.537091 -0.303444 0.247187 0 3
30.3039 0.537059 -0.303526 0.248054 0 4
30.4127 0.537045 -0.30361 0.248723 0 4
30.5667 0.537061 -0.303686 0.249674 0 4
30.6565 0.537053 -0.303728 0.250104 0 4
30.8042 0.537031 -0.303808 0.250664 0 4
30.9061 0.537008 -0.303835 0.250914 0 4
31.0337 0.537014 -0.303859 0.2511 0 4
31.145 0.537009 -0.303859 0.251118 0 4
31.2874 0.536497 -0.303559 0.253143 0 4
31.3858 0.531516 -0.299979 0.273234 0 4
31.5167 0.516553 -0.289917 0.322017 0 4
31.6584 0.49761 -0.278933 0.369002 0 4
31.7744 0.477533 -0.268369 0.409298 0 4
31.8836 0.464261 -0.261977 0.432269 0 4
32.0157 0.452893 -0.256643 0.450209 0 4
32.1476 0.452152 -0.256258 0.451235 0 4
32.2615 0.452306 -0.256287 0.450814 0 4
32.3837 0.452177 -0.256275 0.451124 0 4
32.5243 0.452177 -0.256275 0.451124 0 4
32.6147 0.452177 -0.256275 0.451124 0 4
32.736 0.452177 -0.256275 0.451124 0 4
32.851 0.452177 -0.256275 0.451124 0 4
32.9737 0.452177 -0.256275 0.451124 0 4
33.0741 0.452177 -0.256275 0.451124 0 4
33.1863 0.452177 -0.256275 0.451124 0 4
33.3272 0.452177 -0.256275 0.451124 0 4
33.4306 0.452177 -0.256275 0.451124 0 4
33.5348 0.452177 -0.256275 0.451124 0 4
33.654 0.452177 -0.256275 0.451124 0 4
33.7869 0.452177 -0.256275 0.451124 0 4
33.9225 0.452177 -0.256275 0.451124 0 4
34.0393 0.452177 -0.256275 0.451124 0 4
34.1369 0.452177 -0.256275 0.451124 0 4
34.2487 0.452177 -0.256275 0.451124 0 4
34.3665 0.452177 -0.256275 0.451124 0 4
34.5018 0.452177 -0.256275 0.451124 0 4
34.6102 0.452177 -0.256275 0.451124 0 4
34.6981 0.452177 -0.256275 0.451124 0 4
34.8316 0.452177 -0.256275 0.451124 0 4
34.9412 0.452177 -0.256275 0.451124 0 4
35.0358 0.452177 -0.256275 0.451124 0 4
35.1625 0.452177 -0.256275 0.451124 0 4
35.2866 0.452177 -0.256275 0.451124 0 4
35.3994 0.452177 -0.256275 0.451124 0 4
35.5166 0.452177 -0.256275 0.451124 0 4
35.6486 0.452177 -0.256275 0.451124 0 4
35.7592 0.452177 -0.256275 0.451124 0 4
35.9066 0.452177 -0.256275 0.451124 0 4
35.9845 0.452177 -0.256275 0.451124 0 4
36.1137 0.452177 -0.256275 0.451124 0 4
36.2137 0.452177 -0.256275 0.451124 0 4
36.3256 0.452177 -0.256275 0.451124 0 4
36.4467 0.452177 -0.256275 0.451124 0 4
36.5523 0.452177 -0.256275 0.451124 0 4
36.6718 0.452177 -0.256275 0.451124 0 4
36.8109 0.452177 -0.256275 0.451124 0 4
36.9261 0.452177 -0.256275 0.451124 0 4
37.0261 0.452177 -0.256275 0.451124 0 4
