0.000124693 0.349067 0.186879 -0.0724808 0
0.0818543 0.349105 0.187004 -0.0731377 0
0.218937 0.349125 0.186924 -0.0727583 0
0.320106 0.348975 0.186782 -0.0719811 0
0.40904 0.349105 0.186959 -0.0725741 0
0.505186 0.349124 0.186914 -0.072965 0
0.600604 0.349031 0.18686 -0.0724453 0
0.723273 0.349058 0.186984 -0.073497 0
0.820819 0.349097 0.186978 -0.0733538 0
0.897207 0.349075 0.186891 -0.0728277 0
1.00077 0.349106 0.186951 -0.0730701 0
1.11442 0.349069 0.186865 -0.0725399 0
1.22702 0.349088 0.18688 -0.0728276 0
1.34828 0.349124 0.186918 -0.0730092 0
1.47882 0.349112 0.186996 -0.0736793 0
1.61238 0.349124 0.186948 -0.0735231 0
1.71657 0.34907 0.187016 -0.0732149 0
1.83179 0.349072 0.186876 -0.0731958 0
1.95591 0.349126 0.186987 -0.0729427 0
2.07192 0.349093 0.186915 -0.0730617 0
2.1743 0.349072 0.186889 -0.0731315 0
2.30633 0.349094 0.18695 -0.0730865 0
2.42493 0.349116 0.186889 -0.072456 0
2.55228 0.349105 0.186897 -0.0730791 0
2.66711 0.349136 0.186888 -0.0729223 0
2.77392 0.349084 0.186967 -0.0731798 0
2.90802 0.349167 0.186994 -0.0739768 0
3.02832 0.349109 0.186947 -0.0728169 0
3.16517 0.349054 0.18691 -0.0731285 0
3.31241 0.349052 0.18688 -0.0721962 0
3.42394 0.349088 0.186946 -0.0728984 0
3.54552 0.349049 0.186886 -0.0729611 0
3.66365 0.349112 0.186951 -0.0726232 0
3.7779 0.349167 0.186936 -0.0731923 0
3.89973 0.34903 0.186931 -0.0721363 0
4.00778 0.349098 0.186959 -0.0732655 0
4.11979 0.34908 0.186963 -0.0724611 0
4.24351 0.349046 0.186896 -0.0725151 0
4.3722 0.349151 0.187024 -0.0732378 0
4.51778 0.349026 0.186866 -0.0725292 0
4.63646 0.349077 0.186955 -0.073606 0
4.76452 0.349083 0.186973 -0.0729928 0
4.8933 0.349095 0.18693 -0.0735597 0
5.04865 0.34914 0.186975 -0.0736603 0
5.16757 0.349098 0.186941 -0.0729387 0
5.28691 0.349089 0.186901 -0.0729904 0
5.40337 0.349095 0.186896 -0.0737944 0
5.52882 0.349163 0.18697 -0.0734588 0
5.62766 0.349113 0.186961 -0.0740575 0
5.74679 0.349156 0.187005 -0.073607 0
5.85801 0.349181 0.186983 -0.0741187 0
5.97757 0.349088 0.186895 -0.0729297 0
6.09249 0.34903 0.186835 -0.0727201 0
6.2165 0.349144 0.186979 -0.073826 0
6.34633 0.349193 0.186922 -0.0740921 0
6.46797 0.349077 0.18685 -0.0730606 0
6.58437 0.349225 0.187046 -0.0741332 0
6.71018 0.349145 0.186967 -0.0736262 0
6.82665 0.3491 0.186933 -0.0733978 0
6.95199 0.349077 0.186921 -0.072481 0
7.05524 0.349059 0.186867 -0.0731956 0
7.16356 0.349155 0.187022 -0.0741094 0
7.27938 0.349084 0.186885 -0.0725143 0
7.37939 0.349086 0.186903 -0.0731597 0
7.49032 0.349075 0.186935 -0.0726415 0
7.61279 0.349105 0.18698 -0.0734942 0
7.72821 0.349131 0.186893 -0.072808 0
7.83816 0.349048 0.186842 -0.0727784 0
7.96393 0.349148 0.186951 -0.0738006 0
8.08733 0.349072 0.186944 -0.0736883 0
8.19784 0.349076 0.186956 -0.0736174 0
8.33263 0.349226 0.187049 -0.074719 0
8.43652 0.349131 0.186936 -0.0732945 0
8.55935 0.34901 0.186862 -0.0734104 0
8.69089 0.349108 0.186965 -0.0731348 0
8.8077 0.349116 0.187001 -0.0741182 0
8.91625 0.349161 0.186959 -0.0737102 0
9.03886 0.349058 0.186888 -0.0726604 0
9.14911 0.349135 0.186936 -0.072699 0
9.26873 0.349115 0.187002 -0.0732571 0
9.39218 0.349081 0.186895 -0.0729931 0
9.51449 0.349183 0.186975 -0.0738716 0
9.63571 0.349084 0.186981 -0.0740055 0
9.73527 0.349156 0.186926 -0.0737145 0
9.8614 0.349156 0.186967 -0.0738494 0
9.97613 0.349114 0.186987 -0.0736123 0
10.0882 0.3491 0.186972 -0.0737187 0
10.2188 0.349152 0.187002 -0.0738785 0
10.34 0.349153 0.186909 -0.0737893 0
10.464 0.34913 0.186939 -0.0735751 0
10.5881 0.349073 0.186877 -0.0728408 0
10.7154 0.349105 0.186949 -0.0738293 0
10.8087 0.349133 0.186951 -0.0739964 0
10.9246 0.34907 0.18688 -0.0735079 0
11.0559 0.349225 0.187007 -0.074518 0
11.1568 0.349062 0.186928 -0.0729379 0
11.258 0.349052 0.186882 -0.0726009 0
11.3731 0.349177 0.186962 -0.0736737 0
11.4853 0.349046 0.186855 -0.0723376 0
11.6142 0.349107 0.186955 -0.0735311 0
11.7542 0.349101 0.186895 -0.0732784 0
11.8916 0.3492 0.187033 -0.0741973 0
12.0083 0.348987 0.18683 -0.0725936 0
12.1351 0.349006 0.186976 -0.0737957 0
12.2575 0.349197 0.18707 -0.0744793 0
12.3738 0.34918 0.186926 -0.0742633 0
12.5135 0.349093 0.186972 -0.073855 0
12.6348 0.34913 0.186978 -0.073734 0
12.7486 0.349142 0.186895 -0.0738169 0
12.859 0.34906 0.186896 -0.0734838 0
12.951 0.349063 0.186899 -0.0732125 0
13.0783 0.349156 0.187008 -0.0744262 0
13.2242 0.349022 0.186872 -0.0724668 0
13.3228 0.349172 0.187033 -0.0736314 0
13.4599 0.349052 0.186918 -0.0730032 0
13.5923 0.349269 0.187227 -0.0740087 0
13.6877 0.349367 0.187408 -0.0733042 0
13.8038 0.349539 0.187501 -0.0728749 0
13.9394 0.349748 0.187626 -0.0739453 0
14.0522 0.349936 0.187776 -0.0727519 0
14.1744 0.350186 0.188206 -0.0729906 0
14.2927 0.350352 0.188573 -0.0730282 0
14.4343 0.350441 0.18866 -0.0715301 0
14.5811 0.350824 0.189083 -0.0710658 0
14.6844 0.350704 0.189258 -0.0704429 0
14.8174 0.35114 0.189743 -0.0700477 0
14.9578 0.350925 0.190183 -0.0700107 0
15.078 0.350578 0.190534 -0.0706249 0
15.1811 0.35033 0.190529 -0.0688661 0
15.2999 0.35024 0.190961 -0.0684212 0
15.4383 0.350028 0.191233 -0.0666972 0
15.5555 0.34812 0.191913 -0.0680669 0
15.6686 0.349269 0.19148 -0.0642105 0
15.8128 0.348358 0.191618 -0.0632112 0
15.9174 0.347765 0.192379 -0.0641754 0
16.0194 0.348224 0.192356 -0.0640386 0
16.1655 0.348294 0.192496 -0.0611104 0
16.2822 0.34873 0.192646 -0.0600749 0
16.3898 0.348672 0.192881 -0.0588521 0
16.5087 0.349798 0.192662 -0.0556054 0
16.6243 0.348741 0.192938 -0.0560638 0
16.7593 0.350298 0.192784 -0.0518756 0
16.8689 0.349556 0.192925 -0.0501552 0
16.9866 0.350192 0.192934 -0.0494649 0
17.1058 0.349657 0.193074 -0.0486724 0
17.2313 0.349567 0.193038 -0.0478473 0
17.3751 0.350686 0.193287 -0.0481004 0
17.484 0.350445 0.193023 -0.0452506 0
17.5962 0.350729 0.193273 -0.044584 0
17.7213 0.35174 0.19329 -0.0431923 1
17.8466 0.351757 0.193192 -0.0422576 1
17.98 0.351742 0.193002 -0.0399246 1
18.0981 0.352048 0.193086 -0.0389594 1
18.2166 0.351833 0.192941 -0.0398074 1
18.3306 0.351931 0.192905 -0.0385662 1
18.4328 0.351451 0.19287 -0.0396889 1
18.5436 0.351671 0.192963 -0.0388086 1
18.6683 0.351606 0.193369 -0.0409991 1
18.8052 0.353126 0.193319 -0.0393981 1
18.9214 0.353881 0.193535 -0.038294 1
19.0531 0.355078 0.193613 -0.0378865 1
19.1757 0.358257 0.193484 -0.0353555 1
19.2972 0.358794 0.193692 -0.0375872 1
19.4236 0.362633 0.193664 -0.0373363 1
19.535 0.364542 0.194359 -0.0367628 1
19.6481 0.367667 0.194588 -0.0371017 1
19.7859 0.369603 0.194449 -0.0368513 1
19.8994 0.373547 0.194511 -0.0364492 1
20.0105 0.377625 0.194807 -0.0354844 1
20.1372 0.380496 0.194986 -0.0348786 1
20.2724 0.385046 0.194897 -0.0346858 1
20.4152 0.39123 0.19514 -0.0329911 1
20.5328 0.395557 0.194885 -0.0311228 1
20.6543 0.401002 0.194712 -0.0317517 1
20.7704 0.404893 0.194712 -0.0307044 1
20.8908 0.411059 0.194494 -0.0294946 1
21.0048 0.414435 0.1946 -0.0302212 1
21.1264 0.419213 0.194478 -0.0298977 1
21.2414 0.424245 0.193946 -0.0291665 1
21.3637 0.427426 0.193574 -0.0306285 1
21.4792 0.432645 0.193542 -0.0282242 1
21.6019 0.438365 0.193377 -0.0291875 1
21.7565 0.442608 0.19297 -0.02933 1
21.8804 0.447826 0.192694 -0.0295445 1
21.9873 0.45105 0.192601 -0.030897 1
22.1045 0.456464 0.192004 -0.0303001 1
22.2343 0.460009 0.191414 -0.029859 1
22.3288 0.462612 0.191226 -0.0305252 1
22.4531 0.46685 0.190722 -0.0289057 1
22.5859 0.469278 0.190226 -0.030663 1
22.69 0.472263 0.189682 -0.0283252 1
22.7956 0.47382 0.189509 -0.0299473 1
22.9554 0.476029 0.189347 -0.0299818 1
23.0826 0.477241 0.188829 -0.0308406 2
23.2015 0.478338 0.188894 -0.0323312 2
23.3286 0.480211 0.188823 -0.0321453 2
23.4707 0.480758 0.188603 -0.0322073 2
23.559 0.481105 0.18848 -0.0313154 2
23.6645 0.481399 0.188296 -0.032827 2
23.8025 0.481276 0.187733 -0.0305494 2
23.9244 0.482016 0.187092 -0.0305 2
24.0403 0.481976 0.186524 -0.0298072 2
24.1555 0.481693 0.185604 -0.0322075 2
24.2704 0.481889 0.184651 -0.0325384 2
24.411 0.481981 0.183 -0.0308967 2
24.5226 0.482283 0.18149 -0.0317281 2
24.6444 0.48341 0.179717 -0.031208 2
24.7753 0.48329 0.177619 -0.0302684 2
24.8902 0.484688 0.175941 -0.0321712 2
25.0182 0.485016 0.173003 -0.0279581 2
25.1387 0.485038 0.170317 -0.0301004 2
25.2432 0.486664 0.168355 -0.0304884 2
25.3712 0.487738 0.16541 -0.0292417 2
25.5191 0.488488 0.16144 -0.0286895 2
25.6492 0.488091 0.157945 -0.0272037 2
25.77 0.490184 0.154805 -0.027959 2
25.8965 0.490197 0.150924 -0.0277403 2
25.9899 0.491472 0.148164 -0.0288328 2
26.1312 0.492278 0.144208 -0.0288592 2
26.2652 0.493766 0.139948 -0.0275708 2
26.3891 0.493877 0.135243 -0.0277978 2
26.5085 0.495356 0.131505 -0.0274506 2
26.6286 0.497423 0.126557 -0.0266081 2
26.7509 0.497275 0.122337 -0.0295835 2
26.8755 0.49803 0.117118 -0.0280508 2
26.9988 0.49899 0.11274 -0.0288666 2
27.1155 0.500549 0.108658 -0.0273853 2
27.2387 0.501213 0.10256 -0.0286828 2
27.3583 0.501199 0.0979283 -0.0309988 2
27.4741 0.502819 0.0934932 -0.0267193 2
27.5923 0.503807 0.0879474 -0.0254606 2
27.7316 0.503476 0.0819599 -0.028515 2
27.8223 0.505975 0.0772988 -0.0261114 2
27.9393 0.506472 0.0723523 -0.0255962 2
28.076 0.506576 0.0663457 -0.0259963 2
28.1865 0.508803 0.0614197 -0.0217983 2
28.3133 0.508082 0.0547336 -0.0264749 2
28.4468 0.508495 0.0485973 -0.0260475 2
28.5623 0.508281 0.0422083 -0.0272946 2
28.695 0.509347 0.0354849 -0.0235971 2
28.8198 0.510259 0.0299776 -0.024738 2
28.9271 0.510801 0.0247082 -0.0244398 2
29.0505 0.510719 0.0188643 -0.0262268 2
29.1908 0.510974 0.0112778 -0.0265757 2
29.3047 0.510619 0.00575817 -0.0255191 2
29.4272 0.509868 -0.000881225 -0.0261484 2
29.5655 0.511298 -0.00765121 -0.0249188 2
29.6842 0.510656 -0.0134844 -0.0272987 2
29.8172 0.510104 -0.02087 -0.0294042 2
29.9173 0.510753 -0.02551 -0.029084 2
30.0634 0.509537 -0.0334209 -0.0311653 2
30.1519 0.509975 -0.0379072 -0.0307927 2
30.2759 0.509826 -0.0441054 -0.0306493 2
30.3883 0.509111 -0.0493569 -0.0345021 2
30.5193 0.508518 -0.0563382 -0.0318007 2
30.656 0.508035 -0.0629968 -0.0308574 2
30.7611 0.507379 -0.0680242 -0.0322215 2
30.9029 0.507435 -0.0758163 -0.0263631 2
31.0167 0.506357 -0.0823357 -0.0264987 2
31.1218 0.506134 -0.087368 -0.0289275 2
31.2317 0.504713 -0.0923587 -0.0278498 2
31.3593 0.503695 -0.0977933 -0.02609 2
31.4831 0.502507 -0.103531 -0.0237786 2
31.6037 0.501381 -0.109744 -0.021716 2
31.7485 0.500506 -0.115393 -0.0228386 2
31.8836 0.498788 -0.121339 -0.0208915 2
32.0202 0.497936 -0.126194 -0.022643 2
32.1486 0.496605 -0.130345 -0.0240818 2
32.2773 0.495253 -0.135586 -0.023369 2
32.4203 0.495153 -0.141491 -0.0250745 2
32.5229 0.493011 -0.145007 -0.0266717 2
32.6359 0.493135 -0.148636 -0.0248021 2
32.7642 0.490673 -0.151877 -0.0279752 2
32.8918 0.488479 -0.158251 -0.0256402 2
33.0202 0.487956 -0.162372 -0.0246565 2
33.1394 0.486554 -0.165543 -0.0277458 2
33.2664 0.484447 -0.170331 -0.0319235 2
33.3974 0.483561 -0.174307 -0.0318049 2
33.5167 0.482853 -0.177441 -0.0316023 2
33.6335 0.481662 -0.180497 -0.0314289 2
33.752 0.479872 -0.183796 -0.0318702 2
33.8672 0.479163 -0.186304 -0.031835 2
34.0157 0.478686 -0.189561 -0.0304146 2
34.1363 0.477533 -0.192371 -0.029545 2
34.2684 0.476871 -0.194589 -0.029596 2
34.4178 0.474996 -0.197609 -0.0308817 2
34.5396 0.474244 -0.199395 -0.0310742 2
34.6562 0.474132 -0.200676 -0.0295636 2
34.7813 0.47294 -0.202098 -0.0292994 2
34.9025 0.472373 -0.203045 -0.0285858 3
35.0145 0.472079 -0.204082 -0.0281933 3
35.1342 0.471301 -0.204975 -0.0282961 3
35.257 0.471011 -0.205585 -0.0285234 3
35.3767 0.4709 -0.205732 -0.0289977 3
35.5056 0.471112 -0.206066 -0.0292667 3
35.6359 0.470927 -0.206049 -0.0294581 3
35.7335 0.471146 -0.206024 -0.0294827 3
35.8461 0.4709 -0.205787 -0.0292317 3
35.9679 0.470807 -0.206155 -0.0296116 3
36.089 0.470929 -0.20569 -0.0292445 3
36.2012 0.471087 -0.205848 -0.029649 3
36.3348 0.470821 -0.206293 -0.0292105 3
36.4663 0.470633 -0.206359 -0.0295208 3
36.5941 0.470311 -0.206429 -0.029411 3
36.6942 0.470641 -0.206522 -0.0294692 3
36.8044 0.470415 -0.206755 -0.0290333 3
36.933 0.470258 -0.207172 -0.0285721 3
37.0593 0.470667 -0.20718 -0.0283712 3
37.177 0.470208 -0.207438 -0.0270778 3
37.3083 0.470381 -0.207789 -0.0271838 3
37.4293 0.469852 -0.208056 -0.0266352 3
37.5528 0.470105 -0.208458 -0.026122 3
37.6572 0.470152 -0.20772 -0.0256857 3
37.7807 0.469785 -0.208348 -0.0246015 3
37.9058 0.469941 -0.208836 -0.0240646 4
38.006 0.469977 -0.20907 -0.023003 4
38.1514 0.470046 -0.209502 -0.0224635 4
38.2603 0.470351 -0.209577 -0.0210919 4
38.3959 0.469909 -0.209711 -0.0212719 4
38.5263 0.470233 -0.210314 -0.0203013 4
38.6783 0.470015 -0.209969 -0.0204594 4
38.7924 0.469301 -0.210144 -0.0203533 4
38.8839 0.46947 -0.209983 -0.0212144 4
38.9924 0.469558 -0.2099 -0.0202126 4
39.1084 0.470307 -0.209004 -0.0196269 4
39.2217 0.469988 -0.208074 -0.0200191 4
39.3385 0.469957 -0.206422 -0.0200899 4
39.4485 0.470164 -0.204759 -0.0217829 4
39.594 0.47043 -0.202118 -0.0227537 4
39.7167 0.470431 -0.199878 -0.0233467 4
39.8035 0.471003 -0.198212 -0.0232311 4
39.9115 0.470817 -0.195354 -0.0226396 4
40.0361 0.471904 -0.19258 -0.0208823 4
40.1625 0.471362 -0.189045 -0.0232848 4
40.3036 0.472251 -0.186587 -0.023466 4
40.4143 0.47241 -0.184511 -0.0252289 4
40.5486 0.472294 -0.181408 -0.0274423 4
40.6721 0.472241 -0.179087 -0.0287495 4
40.7934 0.472776 -0.175998 -0.029488 4
40.9067 0.473167 -0.173799 -0.0292579 4
41.0285 0.472937 -0.172559 -0.0312517 4
41.1333 0.473443 -0.171269 -0.031628 4
41.2571 0.473188 -0.169525 -0.0312285 4
41.3681 0.472978 -0.168237 -0.0314922 4
41.4994 0.471653 -0.166305 -0.0297602 4
41.6372 0.471381 -0.165585 -0.0283851 5
41.765 0.470619 -0.164678 -0.0278647 5
41.906 0.471182 -0.164478 -0.026537 5
42.0073 0.470534 -0.164577 -0.0271826 5
42.1269 0.469893 -0.170479 -0.0260151 5
42.2631 0.469974 -0.170121 -0.0268884 5
42.3972 0.471196 -0.169709 -0.0306602 5
42.5158 0.47304 -0.169737 -0.035812 5
42.6171 0.473553 -0.170142 -0.0350714 5
42.716 0.473697 -0.170316 -0.0341589 5
42.8372 0.47374 -0.170388 -0.03472 5
42.9553 0.473243 -0.170112 -0.0347686 5
43.0837 0.473757 -0.170487 -0.0345182 5
43.1946 0.473878 -0.170227 -0.0353632 5
43.3072 0.474066 -0.170744 -0.0349286 5
43.4221 0.473694 -0.170204 -0.0345996 5
43.5282 0.473923 -0.170405 -0.0346417 5
43.6811 0.473989 -0.170293 -0.0338478 5
43.7623 0.473856 -0.170432 -0.0349234 5
43.8847 0.473965 -0.170279 -0.0350738 5
43.9925 0.473685 -0.170319 -0.0353282 5
44.1002 0.473971 -0.17032 -0.0348796 5
44.21 0.474116 -0.170261 -0.0349532 5
44.3266 0.474296 -0.170403 -0.0355181 5
44.4435 0.474052 -0.170483 -0.0351558 5
44.5511 0.474103 -0.170243 -0.0347513 5
44.6864 0.473863 -0.170286 -0.0343013 5
44.8025 0.474133 -0.170365 -0.0343844 5
44.914 0.474001 -0.17017 -0.034225 5
45.0584 0.47402 -0.170288 -0.0343461 5
45.186 0.473889 -0.170072 -0.0346594 5
45.3007 0.473684 -0.170261 -0.0345999 5
45.4262 0.47373 -0.170508 -0.0350932 5
45.5383 0.473833 -0.170335 -0.0349133 5
45.6637 0.473921 -0.170577 -0.0350659 5
45.7685 0.474186 -0.170497 -0.0355647 5
45.8911 0.473735 -0.17043 -0.034551 5
46.0093 0.474001 -0.170778 -0.0356455 5
46.1216 0.473809 -0.170425 -0.0349515 5
46.2259 0.473865 -0.170547 -0.0350505 5
