0.000124693 0.406807 0.0940931 0.171879 0 0
0.0818543 0.40681 0.0941066 0.171886 0 0
0.218937 0.406801 0.0941032 0.171882 0 0
0.320106 0.406796 0.0940904 0.171855 0 0
0.40904 0.406799 0.0941 0.171884 0 0
0.505186 0.406802 0.0941036 0.171865 0 0
0.600604 0.406809 0.0940918 0.171869 0 0
0.723273 0.406803 0.0940943 0.171863 0 0
0.820819 0.406799 0.0941 0.171872 0 0
0.897207 0.406796 0.094094 0.171862 0 0
1.00077 0.406803 0.0941041 0.171878 0 0
1.11442 0.406796 0.0940896 0.171873 0 0
1.22702 0.406797 0.0940985 0.171869 0 0
1.34828 0.4068 0.0941072 0.171882 0 0
1.47882 0.406804 0.0940935 0.171881 0 0
1.61238 0.4068 0.0940951 0.171872 0 0
1.71657 0.406811 0.0941095 0.171882 0 0
1.83179 0.40681 0.094086 0.17187 0 0
1.95591 0.406814 0.0941091 0.171886 0 0
2.07192 0.406799 0.0941085 0.171874 0 0
2.1743 0.406803 0.0940911 0.171857 0 0
2.30633 0.406799 0.0941098 0.171875 0 0
2.42493 0.406805 0.0940997 0.171885 0 0
2.55228 0.406801 0.0941045 0.171871 0 0
2.66711 0.406789 0.0941067 0.171863 0 0
2.77392 0.406803 0.0941086 0.171873 0 0
2.90802 0.406813 0.0941108 0.17188 0 0
3.02832 0.4068 0.0940839 0.171881 0 0
3.16517 0.406803 0.0940966 0.171882 0 0
3.31241 0.406812 0.0940893 0.17189 0 0
3.42394 0.406811 0.0940928 0.171889 0 0
3.54552 0.406798 0.0941035 0.171871 0 0
3.66365 0.406804 0.0941256 0.171885 0 0
3.7779 0.406798 0.0940963 0.171871 0 0
3.89973 0.406796 0.0941177 0.171872 0 0
4.00778 0.406805 0.0941118 0.171883 0 0
4.11979 0.406808 0.0941026 0.171901 0 0
4.24351 0.406809 0.0940941 0.171876 0 0
4.3722 0.40681 0.0941058 0.171892 0 0
4.51778 0.406801 0.0940987 0.171874 0 0
4.63646 0.406803 0.094089 0.17188 0 0
4.76452 0.406804 0.0941069 0.171879 0 0
4.8933 0.406802 0.0940907 0.171862 0 0
5.04865 0.406799 0.094091 0.171888 0 0
5.16757 0.406803 0.0941095 0.171879 0 0
5.28691 0.406799 0.0941022 0.17188 0 0
5.40337 0.406793 0.0940822 0.171861 0 0
5.52882 0.40681 0.0941022 0.171891 0 0
5.62766 0.406805 0.0940998 0.171878 0 0
5.74679 0.406809 0.0940986 0.171889 0 0
5.85801 0.406789 0.0941077 0.171881 0 0
5.97757 0.406806 0.0940935 0.171878 0 0
6.09249 0.406801 0.094067 0.171871 0 0
6.2165 0.406808 0.0941034 0.171871 0 0
6.34633 0.406792 0.0941051 0.171873 0 0
6.46797 0.406798 0.094095 0.171858 0 0
6.58437 0.406817 0.0941106 0.171896 0 0
6.71018 0.406808 0.0940936 0.171892 0 0
6.82665 0.406798 0.0940995 0.171883 0 0
6.95199 0.406824 0.0941121 0.171898 0 0
7.05524 0.4068 0.0940982 0.171855 0 0
7.16356 0.406792 0.0940975 0.171876 0 0
7.27938 0.406814 0.0941037 0.171879 0 0
7.37939 0.406818 0.0940869 0.171878 0 0
7.49032 0.406803 0.0940899 0.171898 0 0
7.61279 0.40682 0.0941034 0.171885 0 0
7.72821 0.40681 0.0941187 0.17189 0 0
7.83816 0.406791 0.0941162 0.171855 0 0
7.96393 0.40681 0.0941012 0.171867 0 0
8.08733 0.406797 0.0941008 0.171869 0 0
8.19784 0.4068 0.0940772 0.171885 0 0
8.33263 0.406809 0.0941152 0.171888 0 0
8.43652 0.406797 0.0941044 0.171883 0 0
8.55935 0.40679 0.0940773 0.171855 0 0
8.69089 0.406816 0.0940913 0.171889 0 0
8.8077 0.406792 0.0941006 0.171876 0 0
8.91625 0.4068 0.094096 0.171884 0 0
9.03886 0.406806 0.0940873 0.171883 0 0
9.14911 0.4068 0.0941104 0.171888 0 0
9.26873 0.406801 0.0941095 0.171882 0 0
9.39218 0.406797 0.0941012 0.171859 0 0
9.51449 0.406804 0.0941082 0.171869 0 0
9.63571 0.4068 0.0940983 0.171878 0 0
9.73527 0.406805 0.0940912 0.171865 0 0
9.8614 0.406807 0.0940989 0.171876 0 0
9.97613 0.406809 0.0940972 0.171888 0 0
10.0882 0.406819 0.0940962 0.171888 0 0
10.2188 0.406806 0.0941253 0.171881 0 0
10.34 0.406795 0.0940869 0.17187 0 0
10.464 0.406816 0.0941131 0.171877 0 0
10.5881 0.406796 0.0941057 0.171882 0 0
10.7154 0.406796 0.0941025 0.171869 0 0
10.8087 0.406802 0.0940893 0.171861 0 0
10.9246 0.406797 0.0940834 0.171877 0 0
11.0559 0.406815 0.0940908 0.171894 0 0
11.1568 0.406807 0.0940976 0.171881 0 0
11.258 0.406802 0.0941014 0.17187 0 0
11.3731 0.406806 0.0941061 0.171883 0 0
11.4853 0.406797 0.0940945 0.171869 0 0
11.6142 0.406796 0.0940995 0.171881 0 0
11.7542 0.40679 0.0940961 0.171873 0 0
11.8916 0.406799 0.0941054 0.17188 0 0
12.0083 0.40678 0.0940939 0.17186 0 0
12.1351 0.40681 0.0940862 0.171899 0 0
12.2575 0.406805 0.0941119 0.171888 0 0
12.3738 0.406802 0.0940902 0.171872 0 0
12.5135 0.40679 0.0940992 0.171873 0 0
12.6348 0.40681 0.0941023 0.17189 0 0
12.7486 0.406803 0.0940814 0.171878 0 0
12.859 0.406794 0.0940849 0.171862 0 0
12.951 0.406815 0.0940855 0.171887 0 0
13.0783 0.406796 0.0941093 0.171883 0 0
13.2242 0.406805 0.0940833 0.171892 0 0
13.3228 0.4068 0.0941072 0.171894 0 0
13.4599 0.406831 0.0940898 0.172118 0 0
13.5923 0.406888 0.0941014 0.172613 0 0
13.6877 0.406967 0.0941393 0.17312 0 0
13.8038 0.407017 0.0942 0.173809 0 0
13.9394 0.407109 0.0941837 0.174823 0 0
14.0522 0.407195 0.0942418 0.175873 0 0
14.1744 0.407314 0.0942812 0.177078 0 0
14.2927 0.407409 0.0942976 0.178302 0 0
14.4343 0.40753 0.0943056 0.180004 0 0
14.5811 0.407682 0.094369 0.181991 0 0
14.6844 0.407785 0.0943769 0.183431 0 0
14.8174 0.407917 0.0944208 0.18532 0 0
14.9578 0.408044 0.0944354 0.187419 0 0
15.078 0.408168 0.0944516 0.189454 0 0
15.1811 0.408226 0.0944549 0.19103 0 0
15.2999 0.408309 0.0944699 0.193078 0 0
15.4383 0.408406 0.0944777 0.195562 0 0
15.5555 0.408472 0.0944643 0.19753 0 0
15.6686 0.40855 0.0944592 0.199564 0 0
15.8128 0.408586 0.0944106 0.202084 0 0
15.9174 0.408601 0.0944041 0.203935 0 0
16.0194 0.408611 0.0943568 0.20574 0 0
16.1655 0.408622 0.0943107 0.208306 0 0
16.2822 0.408612 0.0942767 0.210357 0 0
16.3898 0.4086 0.0942116 0.212158 0 0
16.5087 0.408557 0.0941595 0.214136 0 0
16.6243 0.408512 0.0941005 0.216079 0 0
16.7593 0.40847 0.0940418 0.218173 0 0
16.8689 0.408426 0.0940054 0.219831 0 0
16.9866 0.408379 0.0939221 0.221419 0 0
17.1058 0.408291 0.0938588 0.223011 0 0
17.2313 0.408242 0.0937874 0.224578 0 0
17.3751 0.408143 0.0937006 0.226151 0 0
17.484 0.408107 0.0936795 0.227217 0 0
17.5962 0.408068 0.093616 0.228258 0 0
17.7213 0.408004 0.0935628 0.229237 0 1
17.8466 0.407939 0.0935114 0.229989 0 1
17.98 0.407907 0.0935003 0.230531 0 1
18.0981 0.407901 0.0935082 0.230909 0 1
18.2166 0.407879 0.093465 0.231046 0 1
18.3306 0.407891 0.0934704 0.231086 0 1
18.4328 0.407884 0.0934609 0.231044 0 1
18.5436 0.408093 0.0934933 0.231138 0 1
18.6683 0.408914 0.0935863 0.231307 0 1
18.8052 0.410154 0.0937028 0.231419 0 1
18.9214 0.411667 0.0938766 0.231696 0 1
19.0531 0.413682 0.0940831 0.231986 0 1
19.1757 0.416071 0.0943044 0.232253 0 1
19.2972 0.418618 0.0944962 0.232552 0 1
19.4236 0.421672 0.0947921 0.232905 0 1
19.535 0.424563 0.0950242 0.23331 0 1
19.6481 0.427691 0.0952961 0.233679 0 1
19.7859 0.431712 0.0955099 0.233999 0 1
19.8994 0.43528 0.0957428 0.234324 0 1
20.0105 0.439 0.0959924 0.23473 0 1
20.1372 0.443352 0.0962099 0.235012 0 1
20.2724 0.448276 0.09637 0.23532 0 1
20.4152 0.453546 0.0965659 0.235684 0 1
20.5328 0.457739 0.096666 0.23576 0 1
20.6543 0.46269 0.0966669 0.235935 0 1
20.7704 0.46697 0.0967416 0.236027 0 1
20.8908 0.471653 0.0967344 0.236125 0 1
21.0048 0.476072 0.096666 0.236149 0 1
21.1264 0.480955 0.0966145 0.236124 0 1
21.2414 0.485271 0.0964967 0.236018 0 1
21.3637 0.489884 0.0962901 0.235886 0 1
21.4792 0.494297 0.0961359 0.235731 0 1
21.6019 0.498722 0.0958943 0.235609 0 1
21.7565 0.504066 0.095512 0.235247 0 1
21.8804 0.508359 0.0952452 0.234988 0 1
21.9873 0.511737 0.0950405 0.234781 0 1
22.1045 0.515479 0.0946407 0.234472 0 1
22.2343 0.519154 0.0943236 0.234089 0 1
22.3288 0.521737 0.0941236 0.233836 0 1
22.4531 0.524942 0.0938085 0.23359 0 1
22.5859 0.527889 0.093391 0.233253 0 1
22.69 0.529963 0.0931653 0.23301 0 1
22.7956 0.531787 0.0929449 0.232713 0 1
22.9554 0.53412 0.0927166 0.232495 0 1
23.0826 0.535542 0.0925781 0.232326 0 2
23.2015 0.536429 0.0924875 0.232193 0 2
23.3286 0.536952 0.092397 0.232161 0 2
23.4707 0.536982 0.0923605 0.232132 0 2
23.559 0.536977 0.0923424 0.232119 0 2
23.6645 0.537009 0.0922539 0.232138 0 2
23.8025 0.537241 0.0916935 0.232165 0 2
23.9244 0.537481 0.0910653 0.232175 0 2
24.0403 0.537793 0.090313 0.232188 0 2
24.1555 0.538176 0.0892592 0.23221 0 2
24.2704 0.538559 0.0882724 0.232236 0 2
24.411 0.539142 0.0866335 0.232262 0 2
24.5226 0.539705 0.0851576 0.232267 0 2
24.6444 0.54038 0.0832434 0.232319 0 2
24.7753 0.541124 0.0811732 0.232325 0 2
24.8902 0.541848 0.0792145 0.232395 0 2
25.0182 0.542679 0.0767212 0.232376 0 2
25.1387 0.543526 0.0742829 0.232415 0 2
25.2432 0.544298 0.0720768 0.23244 0 2
25.3712 0.545303 0.0690262 0.232511 0 2
25.5191 0.54651 0.0653668 0.232537 0 2
25.6492 0.547566 0.0619751 0.23255 0 2
25.77 0.548566 0.0587495 0.23259 0 2
25.8965 0.549711 0.0550535 0.232641 0 2
25.9899 0.550542 0.0522277 0.232679 0 2
26.1312 0.551784 0.048017 0.232848 0 2
26.2652 0.553004 0.0435454 0.232834 0 2
26.3891 0.554147 0.039368 0.232859 0 2
26.5085 0.55518 0.0354545 0.232927 0 2
26.6286 0.55631 0.0308776 0.232978 0 2
26.7509 0.557406 0.0265479 0.233053 0 2
26.8755 0.558541 0.0216908 0.233101 0 2
26.9988 0.559579 0.0170577 0.233154 0 2
27.1155 0.560534 0.0126482 0.233176 0 2
27.2387 0.561593 0.00745318 0.233167 0 2
27.3583 0.562616 0.0024211 0.233284 0 2
27.4741 0.563511 -0.00226212 0.233338 0 2
27.5923 0.564409 -0.00735726 0.233335 0 2
27.7316 0.565391 -0.0132096 0.233336 0 2
27.8223 0.566083 -0.0175952 0.233381 0 2
27.9393 0.566872 -0.0226922 0.233457 0 2
28.076 0.567714 -0.028857 0.23354 0 2
28.1865 0.568383 -0.0340367 0.233524 0 2
28.3133 0.569082 -0.040089 0.233544 0 2
28.4468 0.569778 -0.0464969 0.233651 0 2
28.5623 0.570249 -0.0520045 0.233602 0 2
28.695 0.57081 -0.0585766 0.233678 0 2
28.8198 0.571277 -0.064375 0.233698 0 2
28.9271 0.571652 -0.0698164 0.233698 0 2
29.0505 0.571948 -0.0757619 0.233752 0 2
29.1908 0.572249 -0.0829435 0.233779 0 2
29.3047 0.572421 -0.0886001 0.233822 0 2
29.4272 0.572541 -0.0946307 0.233791 0 2
29.5655 0.572604 -0.101452 0.233792 0 2
29.6842 0.572533 -0.107205 0.233782 0 2
29.8172 0.572441 -0.114415 0.23387 0 2
29.9173 0.572371 -0.119188 0.233854 0 2
30.0634 0.572044 -0.126919 0.233877 0 2
30.1519 0.571822 -0.131313 0.233854 0 2
30.2759 0.571526 -0.137352 0.23391 0 2
30.3883 0.571162 -0.142947 0.233948 0 2
30.5193 0.570607 -0.149755 0.233952 0 2
30.656 0.57 -0.156426 0.233888 0 2
30.7611 0.569522 -0.161493 0.233876 0 2
30.9029 0.568763 -0.16843 0.233842 0 2
31.0167 0.568106 -0.173536 0.233825 0 2
31.1218 0.567409 -0.178859 0.233826 0 2
31.2317 0.566713 -0.184081 0.233843 0 2
31.3593 0.565851 -0.190038 0.23386 0 2
31.4831 0.56496 -0.195567 0.233861 0 2
31.6037 0.564 -0.201045 0.233781 0 2
31.7485 0.56287 -0.207442 0.233782 0 2
31.8836 0.561733 -0.213338 0.233849 0 2
32.0202 0.560564 -0.219106 0.23377 0 2
32.1486 0.559425 -0.224435 0.23374 0 2
32.2773 0.558245 -0.229726 0.233679 0 2
32.4203 0.55695 -0.235416 0.23367 0 2
32.5229 0.556007 -0.239385 0.233661 0 2
32.6359 0.554975 -0.243296 0.233663 0 2
32.7642 0.554148 -0.246623 0.233645 0 2
32.8918 0.552266 -0.253781 0.233571 0 2
33.0202 0.551364 -0.257088 0.2336 0 2
33.1394 0.550338 -0.260818 0.233546 0 2
33.2664 0.549046 -0.265319 0.23351 0 2
33.3974 0.547971 -0.268906 0.233488 0 2
33.5167 0.546892 -0.272401 0.233432 0 2
33.6335 0.545941 -0.275433 0.233447 0 2
33.752 0.544919 -0.278627 0.233475 0 2
33.8672 0.544027 -0.281499 0.233482 0 2
34.0157 0.542927 -0.284851 0.233404 0 2
34.1363 0.541987 -0.287543 0.233392 0 2
34.2684 0.541194 -0.289997 0.233382 0 2
34.4178 0.540212 -0.292732 0.233342 0 2
34.5396 0.539558 -0.294578 0.2333 0 2
34.6562 0.539033 -0.29611 0.233307 0 2
34.7813 0.538486 -0.297619 0.233257 0 2
34.9025 0.537959 -0.299081 0.233278 0 3
35.0145 0.537624 -0.300007 0.233257 0 3
35.1342 0.537341 -0.300827 0.233249 0 3
35.257 0.53713 -0.301418 0.233258 0 3
35.3767 0.537026 -0.301727 0.233259 0 3
35.5056 0.536993 -0.301851 0.233251 0 3
35.6359 0.536969 -0.3019 0.233267 0 3
35.7335 0.537005 -0.301873 0.233291 0 3
35.8461 0.537024 -0.301895 0.233435 0 3
35.9679 0.537044 -0.301951 0.233819 0 3
36.089 0.537064 -0.302027 0.234376 0 3
36.2012 0.537065 -0.302063 0.234885 0 3
36.3348 0.537043 -0.302169 0.235694 0 3
36.4663 0.537063 -0.302264 0.236634 0 3
36.5941 0.537062 -0.302352 0.237546 0 3
36.6942 0.537069 -0.302455 0.238349 0 3
36.8044 0.537067 -0.302543 0.239298 0 3
36.933 0.537046 -0.302655 0.240367 0 3
37.0593 0.537078 -0.302789 0.241565 0 3
37.177 0.537094 -0.302883 0.242665 0 3
37.3083 0.537076 -0.303041 0.243752 0 3
37.4293 0.537108 -0.303096 0.244809 0 3
37.5528 0.537056 -0.30324 0.245794 0 3
37.6572 0.537065 -0.303303 0.246695 0 3
37.7807 0.537033 -0.303415 0.247576 0 3
37.9058 0.537035 -0.303488 0.248498 0 4
38.006 0.537028 -0.303563 0.249111 0 4
38.1514 0.537001 -0.303647 0.249858 0 4
38.2603 0.53699 -0.303703 0.250376 0 4
38.3959 0.537022 -0.303721 0.250805 0 4
38.5263 0.536954 -0.303757 0.250977 0 4
38.6783 0.536971 -0.303761 0.251122 0 4
38.7924 0.536968 -0.303794 0.25116 0 4
38.8839 0.536959 -0.303759 0.251097 0 4
38.9924 0.53697 -0.303401 0.250996 0 4
39.1084 0.536998 -0.302542 0.250691 0 4
39.2217 0.537033 -0.301435 0.250239 0 4
39.3385 0.53714 -0.299994 0.249815 0 4
39.4485 0.537219 -0.298448 0.249267 0 4
39.594 0.537308 -0.295993 0.248355 0 4
39.7167 0.537371 -0.293902 0.247608 0 4
39.8035 0.537435 -0.292296 0.247064 0 4
39.9115 0.537523 -0.290154 0.246373 0 4
40.0361 0.537567 -0.287466 0.245444 0 4
40.1625 0.537581 -0.284815 0.244561 0 4
40.3036 0.537583 -0.281822 0.24342 0 4
40.4143 0.537622 -0.279413 0.242604 0 4
40.5486 0.537539 -0.276817 0.241663 0 4
40.6721 0.537593 -0.274086 0.240729 0 4
40.7934 0.537568 -0.271751 0.239973 0 4
40.9067 0.537444 -0.269548 0.239185 0 4
41.0285 0.537392 -0.267524 0.238485 0 4
41.1333 0.53736 -0.26586 0.237911 0 4
41.2571 0.537284 -0.264163 0.237221 0 4
41.3681 0.53718 -0.262956 0.23674 0 4
41.4994 0.537158 -0.261819 0.23639 0 4
41.6372 0.537123 -0.261045 0.236117 0 5
41.765 0.537155 -0.260864 0.236127 0 5
41.906 0.537134 -0.260866 0.236084 0 5
42.0073 0.537489 -0.261798 0.233022 0 5
42.1269 0.539431 -0.268061 0.212108 0 5
42.2631 0.539088 -0.267626 0.214305 0 5
42.3972 0.539199 -0.267278 0.215365 0 5
42.5158 0.53919 -0.267289 0.21511 0 5
42.6171 0.539193 -0.267284 0.214826 0 5
42.716 0.539164 -0.267302 0.214806 0 5
42.8372 0.539152 -0.26733 0.21476 0 5
42.9553 0.539169 -0.267296 0.21478 0 5
43.0837 0.539146 -0.267331 0.21478 0 5
43.1946 0.539146 -0.267326 0.214777 0 5
43.3072 0.539146 -0.267358 0.214762 0 5
43.4221 0.539155 -0.267332 0.214764 0 5
43.5282 0.539156 -0.26733 0.214775 0 5
43.6811 0.539154 -0.267331 0.214753 0 5
43.7623 0.539133 -0.267323 0.214766 0 5
43.8847 0.539146 -0.267327 0.214776 0 5
43.9925 0.539154 -0.267321 0.214767 0 5
44.1002 0.539144 -0.267335 0.214741 0 5
44.21 0.539155 -0.267325 0.21476 0 5
44.3266 0.53913 -0.26734 0.214773 0 5
44.4435 0.539154 -0.267309 0.214776 0 5
44.5511 0.539154 -0.267333 0.214764 0 5
44.6864 0.539163 -0.267322 0.21477 0 5
44.8025 0.539142 -0.267335 0.214756 0 5
44.914 0.539141 -0.267333 0.214773 0 5
45.0584 0.539146 -0.267312 0.214757 0 5
45.186 0.539153 -0.267313 0.214758 0 5
45.3007 0.539145 -0.267349 0.214754 0 5
45.4262 0.539141 -0.267332 0.214763 0 5
45.5383 0.539128 -0.267329 0.214715 0 5
45.6637 0.539149 -0.267321 0.214768 0 5
45.7685 0.539144 -0.26734 0.214764 0 5
45.8911 0.539154 -0.267326 0.214769 0 5
46.0093 0.539132 -0.267339 0.214744 0 5
46.1216 0.539138 -0.267331 0.214778 0 5
46.2259 0.539146 -0.267323 0.214724 0 5
