4.76837e-07 0.443072 0.131964 -0.0637124 0
0.080512 0.443071 0.131979 -0.0629076 0
0.186407 0.443093 0.131965 -0.0622754 0
0.272893 0.443001 0.13197 -0.062851 0
0.360349 0.443126 0.131995 -0.063113 0
0.450708 0.443007 0.132011 -0.0621853 0
0.533905 0.443043 0.131999 -0.0638497 0
0.614689 0.443026 0.131954 -0.0629413 0
0.70555 0.443069 0.131989 -0.0633757 0
0.791979 0.443085 0.132072 -0.0630421 0
0.876545 0.442997 0.132017 -0.0627493 0
0.963167 0.443029 0.131892 -0.0623104 0
1.05992 0.443137 0.13207 -0.0638546 0
1.16324 0.443048 0.131984 -0.0632378 0
1.26012 0.44304 0.132029 -0.0631717 0
1.34639 0.443123 0.13197 -0.0628868 0
1.44301 0.443055 0.131994 -0.0627872 0
1.53675 0.443029 0.131958 -0.0629424 0
1.62792 0.443096 0.132058 -0.0637712 0
1.72541 0.443048 0.131964 -0.0627325 0
1.80992 0.443071 0.131973 -0.0631181 0
1.906 0.443065 0.132053 -0.0631317 0
2.00085 0.443022 0.131895 -0.0622909 0
2.0837 0.443141 0.132035 -0.0634164 0
2.18129 0.443044 0.132035 -0.0630353 0
2.27152 0.443033 0.132039 -0.0630284 0
2.3593 0.44312 0.132023 -0.0637085 0
2.46244 0.443055 0.132015 -0.0630681 0
2.54588 0.443067 0.132022 -0.0639468 0
2.64116 0.44309 0.132014 -0.0636493 0
2.74201 0.443101 0.132033 -0.06316 0
2.84304 0.442988 0.13198 -0.0626036 0
2.94284 0.443016 0.131968 -0.0638307 0
3.05049 0.443057 0.132013 -0.0629216 0
3.14916 0.442971 0.131953 -0.0629883 0
3.24718 0.443061 0.132054 -0.0631546 0
3.34367 0.443021 0.131965 -0.063017 0
3.4345 0.443035 0.131933 -0.0635194 0
3.53478 0.443031 0.132034 -0.063331 0
3.62974 0.443156 0.132034 -0.064037 0
3.72756 0.443012 0.13194 -0.0627714 0
3.81416 0.443066 0.131978 -0.0626464 0
3.90924 0.443176 0.132088 -0.0640451 0
4.00805 0.443093 0.132069 -0.0638304 0
4.09245 0.443053 0.132022 -0.0636676 0
4.19138 0.443065 0.132046 -0.063663 0
4.29017 0.44308 0.132027 -0.0639293 0
4.37859 0.44305 0.13199 -0.0635358 0
4.47459 0.443023 0.131946 -0.0629122 0
4.58236 0.443074 0.132029 -0.0640047 0
4.67938 0.442974 0.131967 -0.0632095 0
4.75916 0.443091 0.132023 -0.0634549 0
4.85943 0.44306 0.132035 -0.0633927 0
4.94603 0.443066 0.13204 -0.0635429 0
5.03986 0.443059 0.132027 -0.0633932 0
5.14927 0.442991 0.132018 -0.0630498 0
5.26076 0.443031 0.132026 -0.0633511 0
5.35309 0.442983 0.131935 -0.0631524 0
5.46535 0.443089 0.132028 -0.0642601 0
5.55462 0.443087 0.132079 -0.0640121 0
5.6606 0.442972 0.131932 -0.0624599 0
5.74582 0.443016 0.132094 -0.0632901 0
5.83033 0.442988 0.131901 -0.063705 0
5.9366 0.443067 0.132036 -0.063306 0
6.02644 0.443227 0.132273 -0.0635746 0
6.12783 0.443365 0.132383 -0.0630567 0
6.21845 0.443369 0.1325 -0.062725 0
6.32798 0.443595 0.13262 -0.0629897 0
6.4243 0.443626 0.1326 -0.0638077 0
6.50888 0.443756 0.132817 -0.0622855 0
6.60855 0.443882 0.132918 -0.0612467 0
6.6943 0.44403 0.133003 -0.0615221 0
6.79879 0.444339 0.1335 -0.0611529 0
6.8909 0.44449 0.133733 -0.0605278 0
6.98094 0.444543 0.133588 -0.0596915 0
7.07596 0.444647 0.133869 -0.0595888 0
7.1592 0.444859 0.134013 -0.0580262 0
7.25256 0.445181 0.134318 -0.0573324 0
7.34441 0.445228 0.134296 -0.0563334 0
7.43777 0.445534 0.134557 -0.0555498 0
7.53824 0.445756 0.134673 -0.0532166 0
7.62866 0.445978 0.134907 -0.0522779 0
7.73267 0.446312 0.134813 -0.0505025 0
7.82309 0.446208 0.134876 -0.0493802 0
7.91889 0.446435 0.135251 -0.0485806 0
8.00547 0.446496 0.135619 -0.0474198 0
8.09986 0.44671 0.135921 -0.0464925 0
8.20423 0.446707 0.135839 -0.0452198 0
8.28925 0.446562 0.135766 -0.0437836 0
8.38998 0.446754 0.1361 -0.0432319 0
8.47805 0.446361 0.136206 -0.0419354 0
8.56779 0.446584 0.136266 -0.0410629 0
8.66801 0.447177 0.136732 -0.040545 0
8.75957 0.447193 0.136782 -0.0397475 0
8.86232 0.447699 0.136343 -0.0378199 0
8.95407 0.447275 0.136885 -0.0357354 0
9.06341 0.447507 0.136879 -0.0355977 0
9.14766 0.447485 0.136514 -0.0316015 0
9.24334 0.447346 0.137023 -0.0318761 0
9.33506 0.447314 0.137018 -0.0316201 0
9.42216 0.447494 0.136581 -0.0297929 0
9.53648 0.447337 0.137387 -0.0284197 0
9.61843 0.446832 0.137646 -0.0292113 0
9.71573 0.446747 0.137498 -0.0290237 0
9.81495 0.446738 0.137469 -0.0273789 0
9.88893 0.446674 0.137612 -0.0262012 0
9.99595 0.446367 0.137692 -0.0269352 0
10.0829 0.446409 0.137318 -0.0264647 0
10.1901 0.446877 0.137279 -0.0224955 1
10.2816 0.446605 0.137332 -0.0238639 1
10.3891 0.446742 0.13758 -0.0222114 1
10.4669 0.446529 0.136879 -0.020712 1
10.5658 0.446573 0.137261 -0.0210992 1
10.66 0.446141 0.136972 -0.0203214 1
10.7564 0.446321 0.137072 -0.0209322 1
10.8703 0.446368 0.137152 -0.019907 1
10.9488 0.446301 0.137344 -0.0219547 1
11.0539 0.4465 0.137278 -0.0216501 1
11.1401 0.44687 0.136993 -0.0207188 1
11.2416 0.447794 0.137197 -0.0212023 1
11.3386 0.449323 0.13669 -0.0194209 1
11.4238 0.44997 0.137429 -0.0220695 1
11.5288 0.45215 0.137485 -0.0220111 1
11.6201 0.45389 0.137442 -0.0211419 1
11.7277 0.45526 0.137608 -0.0220617 1
11.814 0.459217 0.136874 -0.017717 1
11.9222 0.461272 0.137179 -0.0193897 1
12.0139 0.463831 0.137536 -0.0197469 1
12.1235 0.466455 0.137889 -0.0190383 1
12.2117 0.470711 0.13846 -0.0177232 1
12.3209 0.474701 0.1382 -0.0180844 1
12.4064 0.478897 0.138165 -0.016117 1
12.51 0.484084 0.137799 -0.0175064 1
12.592 0.487844 0.136172 -0.00892258 1
12.689 0.492073 0.138322 -0.0144861 1
12.7847 0.494222 0.137652 -0.0173341 1
12.8758 0.500001 0.138619 -0.0113223 1
12.9817 0.503742 0.137576 -0.0107678 1
13.072 0.507972 0.138507 -0.0109728 1
13.1603 0.512814 0.138873 -0.0102058 1
13.2531 0.517551 0.138189 -0.0101076 1
13.3412 0.521121 0.139172 -0.009555 1
13.4456 0.525989 0.138722 -0.00955841 1
13.5309 0.531065 0.138744 -0.0110812 1
13.6329 0.535646 0.139388 -0.0103429 1
13.7233 0.539965 0.138758 -0.0138075 1
13.8158 0.544565 0.138892 -0.0102057 1
13.921 0.549784 0.139066 -0.00854917 1
14.0112 0.554269 0.138358 -0.00982723 1
14.1306 0.558529 0.137729 -0.00862459 1
14.2105 0.562895 0.137718 -0.00850867 1
14.3146 0.567138 0.137143 -0.00993821 1
14.4046 0.570873 0.13692 -0.00975606 1
14.4975 0.574553 0.136646 -0.00897773 1
14.6005 0.577617 0.13602 -0.0119011 1
14.6939 0.581447 0.135611 -0.0118941 1
14.799 0.58492 0.135454 -0.0123239 1
14.8905 0.588671 0.135361 -0.0125495 1
14.9936 0.591789 0.134803 -0.0122837 1
15.0798 0.594508 0.134073 -0.0122725 1
15.1757 0.597015 0.133965 -0.0114168 1
15.2687 0.5991 0.134199 -0.011404 1
15.362 0.60094 0.133545 -0.0123365 1
15.4693 0.602773 0.133312 -0.00915103 1
15.555 0.603833 0.132897 -0.00960026 2
15.6604 0.604813 0.132951 -0.0112134 2
15.7489 0.605767 0.132729 -0.0114815 2
15.858 0.606647 0.132864 -0.0105866 2
15.9513 0.606984 0.132943 -0.0117983 2
16.0473 0.607213 0.132699 -0.011211 2
16.1374 0.607699 0.132727 -0.0110217 2
16.2325 0.607559 0.132412 -0.0118023 2
16.3417 0.607378 0.131969 -0.0117492 2
16.4391 0.607843 0.131512 -0.0108402 2
16.5399 0.607834 0.131196 -0.0108828 2
16.6338 0.608309 0.129723 -0.0106741 2
16.7249 0.608821 0.128938 -0.0110399 2
16.8187 0.608772 0.128164 -0.0110257 2
16.8994 0.609211 0.127792 -0.0113393 2
17.0012 0.609076 0.126578 -0.0119821 2
17.0931 0.609598 0.125093 -0.0114124 2
17.1906 0.609578 0.123952 -0.0121311 2
17.2812 0.610298 0.122497 -0.0119748 2
17.3777 0.611007 0.120396 -0.0102747 2
17.4736 0.610965 0.118876 -0.0117209 2
17.568 0.611087 0.117324 -0.0102489 2
17.6713 0.611707 0.115572 -0.0106854 2
17.7596 0.611929 0.113976 -0.0108845 2
17.8593 0.612461 0.111922 -0.0113741 2
17.9484 0.613498 0.109459 -0.010326 2
18.0429 0.613592 0.107457 -0.00981637 2
18.1404 0.614121 0.105287 -0.00928582 2
18.2383 0.614615 0.102631 -0.00984574 2
18.3388 0.615285 0.100477 -0.0115678 2
18.4457 0.616034 0.0976368 -0.00983823 2
18.5401 0.616342 0.0947132 -0.00969195 2
18.6317 0.61715 0.0925803 -0.0107169 2
18.7382 0.617991 0.0896942 -0.010065 2
18.8188 0.619017 0.0868247 -0.0092419 2
18.9195 0.61911 0.0841782 -0.0100415 2
19.0161 0.619515 0.0811862 -0.0107958 2
19.1097 0.62038 0.0782069 -0.00974314 2
19.2043 0.621094 0.0745914 -0.00914836 2
19.2963 0.621177 0.0720119 -0.00948579 2
19.3877 0.621989 0.0686512 -0.0110743 2
19.4792 0.622903 0.0655304 -0.00910628 2
19.578 0.623074 0.0622032 -0.00965384 2
19.6802 0.623569 0.0581269 -0.00839338 2
19.7622 0.624282 0.0548738 -0.00907091 2
19.8745 0.624642 0.0516822 -0.0104936 2
19.9604 0.625063 0.0481774 -0.0101715 2
20.063 0.625791 0.0442004 -0.010256 2
20.149 0.626102 0.0405881 -0.00854386 2
20.2491 0.626863 0.0372499 -0.0101733 2
20.3441 0.627295 0.0331335 -0.010041 2
20.4388 0.628161 0.0290344 -0.0100972 2
20.5438 0.628579 0.025115 -0.00948408 2
20.6368 0.629382 0.0208762 -0.00836651 2
20.7315 0.629411 0.0168943 -0.00992133 2
20.822 0.629708 0.0135735 -0.0103704 2
20.9197 0.629617 0.00968055 -0.00975651 2
21.0229 0.629731 0.00541058 -0.0109167 2
21.1127 0.630292 0.00125015 -0.00950622 2
21.2128 0.630036 -0.00340766 -0.00960758 2
21.3141 0.631119 -0.00765368 -0.00920014 2
21.4119 0.631204 -0.0124769 -0.00900912 2
21.5123 0.631306 -0.0165227 -0.00996703 2
21.6042 0.631836 -0.020184 -0.00904321 2
21.6966 0.631642 -0.0242527 -0.00962664 2
21.7935 0.631765 -0.0288098 -0.00984329 2
21.8811 0.631789 -0.0326087 -0.00998008 2
21.9721 0.631891 -0.036517 -0.0109409 2
22.0746 0.632149 -0.0416761 -0.00962537 2
22.1656 0.631951 -0.0455751 -0.00932936 2
22.2675 0.631784 -0.0501801 -0.00928334 2
22.3617 0.632245 -0.0541262 -0.0085125 2
22.4585 0.631695 -0.0586724 -0.0102407 2
22.547 0.631331 -0.0627786 -0.00996131 2
22.6395 0.631259 -0.0665011 -0.0104392 2
22.7478 0.630719 -0.0718019 -0.0107462 2
22.8384 0.631421 -0.0768867 -0.00713142 2
22.9501 0.630872 -0.0816842 -0.00914257 2
23.0508 0.630162 -0.0849104 -0.0104582 2
23.1323 0.629987 -0.0893807 -0.010642 2
23.2333 0.629928 -0.0935319 -0.00872798 2
23.3458 0.629048 -0.0981036 -0.00925889 2
23.4234 0.628627 -0.101733 -0.00833251 2
23.521 0.628101 -0.105119 -0.00739852 2
23.6177 0.627684 -0.109368 -0.00646527 2
23.7186 0.626546 -0.113486 -0.00632511 2
23.8224 0.626139 -0.117903 -0.00549124 2
23.9101 0.625456 -0.120929 -0.00473087 2
24.0123 0.624695 -0.124951 -0.00487188 2
24.1033 0.624338 -0.128574 -0.00450841 2
24.196 0.623539 -0.131641 -0.00427311 2
24.2872 0.623199 -0.135767 -0.00549594 2
24.3887 0.622477 -0.139356 -0.00560777 2
24.4876 0.621887 -0.143053 -0.00583754 2
24.5803 0.621227 -0.146456 -0.00577063 2
24.6837 0.620628 -0.150327 -0.00535365 2
24.7778 0.61985 -0.153462 -0.00542198 2
24.874 0.619324 -0.15692 -0.00580364 2
24.9738 0.61928 -0.160478 -0.00567023 2
25.0707 0.618761 -0.163324 -0.00520256 2
25.1642 0.618241 -0.166481 -0.00519888 2
25.2706 0.617647 -0.169967 -0.00614133 2
25.3608 0.617128 -0.172876 -0.00617155 2
25.4615 0.615724 -0.175499 -0.00645446 2
25.5545 0.615646 -0.17827 -0.0058695 2
25.6472 0.615258 -0.181238 -0.00601092 2
25.7328 0.614951 -0.183432 -0.00767923 2
25.823 0.61393 -0.186468 -0.00794746 2
25.9177 0.612425 -0.188535 -0.00834157 2
26.0466 0.613097 -0.191794 -0.00763994 2
26.1284 0.611438 -0.193956 -0.00769918 2
26.2266 0.611128 -0.195728 -0.00761339 2
26.3154 0.609622 -0.197457 -0.00792496 2
26.4194 0.608863 -0.199986 -0.0077606 2
26.5064 0.607966 -0.201017 -0.00818945 2
26.6139 0.608431 -0.203523 -0.00771485 2
26.6977 0.608309 -0.204779 -0.00745415 2
26.7948 0.606378 -0.206437 -0.00809541 2
26.8975 0.60676 -0.207892 -0.0063441 2
26.9825 0.606256 -0.20884 -0.00639587 2
27.0849 0.606009 -0.210495 -0.00650936 2
27.1739 0.605005 -0.210595 -0.00621373 2
27.2745 0.605239 -0.211852 -0.00503235 3
27.368 0.604997 -0.212847 -0.0056129 3
27.4662 0.604509 -0.213742 -0.00679396 3
27.5644 0.604391 -0.214475 -0.00575662 3
27.6649 0.603708 -0.214843 -0.00686578 3
27.7586 0.603834 -0.215255 -0.00633589 3
27.8586 0.603557 -0.215335 -0.00620671 3
27.9559 0.603721 -0.215489 -0.00690301 3
28.0827 0.60355 -0.215499 -0.00739515 3
28.1653 0.603741 -0.215749 -0.00701683 3
28.2543 0.603666 -0.215602 -0.00740748 3
28.335 0.603419 -0.2157 -0.00745933 3
28.4269 0.603432 -0.215564 -0.00732526 3
28.5358 0.603487 -0.215618 -0.00837734 3
28.6364 0.603695 -0.215483 -0.00756376 3
28.7281 0.603742 -0.215731 -0.00738811 3
28.8235 0.603483 -0.216121 -0.00776854 3
28.9063 0.60312 -0.216273 -0.0071296 3
28.998 0.603241 -0.216489 -0.00693796 3
29.0972 0.603653 -0.216597 -0.00677701 3
29.2005 0.603032 -0.216845 -0.00619246 3
29.2999 0.603402 -0.217144 -0.00520328 3
29.3948 0.60302 -0.217145 -0.0048466 3
29.498 0.603239 -0.216955 -0.00431829 3
29.5939 0.603865 -0.216942 -0.00397706 3
29.6939 0.603321 -0.217232 -0.00358997 3
29.7915 0.603728 -0.217605 -0.00189751 3
29.8966 0.603582 -0.217665 -0.00198888 3
29.9788 0.602798 -0.217724 -0.00114576 3
30.0788 0.603904 -0.217709 -0.001106 3
30.1698 0.603273 -0.217768 0.000156865 3
30.2723 0.603878 -0.217768 -7.9371e-05 4
30.3664 0.603931 -0.218049 0.000439771 4
30.4655 0.603616 -0.218157 1.26772e-05 4
30.5601 0.603944 -0.218105 0.00173351 4
30.6651 0.603898 -0.21811 0.00138254 4
30.7588 0.603397 -0.218213 0.00222327 4
30.8591 0.603612 -0.218102 0.00215687 4
30.9559 0.604398 -0.218384 0.00314731 4
31.0488 0.603483 -0.218453 0.00169379 4
31.1846 0.60384 -0.218413 0.00173453 4
31.2646 0.603569 -0.218633 0.00281472 4
31.3529 0.603527 -0.21822 0.0011946 4
31.4456 0.603382 -0.217564 0.0022593 4
31.5471 0.603591 -0.216972 0.00243483 4
31.6409 0.604103 -0.216007 0.00199867 4
31.7361 0.603616 -0.214651 0.00140711 4
31.8398 0.60333 -0.213076 0.00104423 4
31.9365 0.603477 -0.211613 0.00124431 4
32.0358 0.603999 -0.209876 -0.000106234 4
32.1255 0.603939 -0.208054 0.00185453 4
32.2329 0.604064 -0.206078 1.27628e-05 4
32.3312 0.60421 -0.202809 0.00182722 4
32.425 0.603999 -0.200479 0.00215609 4
32.534 0.60463 -0.198568 0.00157155 4
32.6272 0.604717 -0.195867 0.00097625 4
32.7183 0.604772 -0.193779 -0.000622027 4
32.8162 0.604361 -0.191743 0.000854138 4
32.9121 0.604603 -0.189691 -0.000839077 4
33.013 0.604725 -0.187832 -0.00157286 4
33.1134 0.605021 -0.185964 -0.00183308 4
33.2053 0.604477 -0.184764 -0.00284894 4
33.2974 0.604476 -0.182836 -0.0032121 4
33.4202 0.604644 -0.181065 -0.00398809 4
33.4967 0.604696 -0.179318 -0.00384123 4
33.5972 0.604599 -0.178712 -0.00463765 4
33.6904 0.604672 -0.177423 -0.00485814 4
33.7803 0.604442 -0.177698 -0.00510175 4
33.8945 0.604457 -0.175725 -0.00438061 4
33.9703 0.604602 -0.174956 -0.00385307 5
34.0647 0.60412 -0.174455 -0.00163691 5
34.1572 0.604126 -0.174508 -0.00216225 5
34.2858 0.604202 -0.17392 -0.00319263 5
34.3692 0.604576 -0.173843 -0.00279608 5
34.4942 0.603755 -0.173929 -0.00171401 5
34.5726 0.604205 -0.173932 -0.00275097 5
34.6677 0.603445 -0.173716 -0.00185438 5
34.7653 0.603927 -0.173724 -0.00165268 5
34.8625 0.60376 -0.173874 -0.00201392 5
34.9592 0.604052 -0.173701 -0.0019289 5
35.0568 0.604411 -0.173956 -0.00266951 5
35.1503 0.604272 -0.174003 -0.00196398 5
35.2317 0.603468 -0.174006 -0.00234579 5
35.3314 0.603834 -0.174405 -0.00301933 5
35.423 0.60452 -0.174073 -0.00235707 5
35.5211 0.603978 -0.174281 -0.00186499 5
35.6201 0.603734 -0.17404 -0.00173339 5
35.7168 0.604161 -0.174297 -0.00222001 5
35.8152 0.603596 -0.173833 -0.000503805 5
35.9105 0.6038 -0.174173 -0.00248227 5
36.0162 0.604173 -0.17418 -0.00167229 5
36.1051 0.604546 -0.174171 -0.00245388 5
36.2061 0.60363 -0.174218 -0.00214387 5
36.2951 0.604012 -0.173835 -0.0025835 5
36.3968 0.602936 -0.174255 -0.00292654 5
36.5003 0.604411 -0.174094 -0.00246604 5
36.5901 0.604156 -0.174037 -0.00228908 5
36.6892 0.604084 -0.174025 -0.00158157 5
36.7909 0.604081 -0.173883 -0.00093364 5
36.8886 0.60385 -0.173806 -0.0014765 5
36.9767 0.603641 -0.17435 -0.00221288 5
37.0799 0.604067 -0.174212 -0.00222983 5
37.1663 0.604392 -0.173962 -0.00196812 5
37.271 0.603685 -0.174418 -0.00236763 5
37.3696 0.603771 -0.173979 -0.00175843 5
37.4859 0.604202 -0.174055 -0.00168201 5
37.5596 0.603612 -0.174052 -0.00140242 5
37.6562 0.60385 -0.174466 -0.00231797 5
37.7536 0.603922 -0.173993 -0.00181936 5
37.8503 0.604086 -0.17405 -0.00173142 5
37.9495 0.604228 -0.174252 -0.00217015 5
38.0432 0.60386 -0.174338 -0.00192616 5
38.1411 0.604208 -0.174021 -0.00162843 5
38.23 0.604119 -0.174025 -0.00209137 5
38.3267 0.60398 -0.174456 -0.00208359 5
38.4224 0.604262 -0.174206 -0.00238169 5
38.5178 0.603845 -0.173949 -0.0019104 5
38.6173 0.604091 -0.173978 -0.0013235 5
38.7021 0.603794 -0.174112 -0.00282991 5
38.7982 0.604169 -0.174171 -0.00257098 5
38.8912 0.603337 -0.173781 -0.000876501 5
38.9878 0.604331 -0.174139 -0.00280549 5
39.0837 0.603962 -0.174417 -0.00307519 5
39.1739 0.604148 -0.174494 -0.0028358 5
39.275 0.603632 -0.17387 -0.0015685 5
39.3634 0.603386 -0.173726 -0.000735607 5
39.465 0.60382 -0.173929 -0.00197295 5
39.5558 0.603717 -0.174338 -0.00156553 5
39.6829 0.603648 -0.174323 -0.00291019 5
39.7716 0.603562 -0.174453 -0.00206671 5
39.868 0.604113 -0.174059 -0.00251829 5
39.9496 0.60407 -0.174069 -0.00199019 5
40.0366 0.604011 -0.174197 -0.00225917 5
