4.76837e-07 0.324528 0.13607 -0.0700423 0
0.080512 0.324372 0.136158 -0.0701728 0
0.186407 0.324449 0.136083 -0.068907 0
0.272893 0.324482 0.136075 -0.0693957 0
0.360349 0.324486 0.136103 -0.0696186 0
0.450708 0.324472 0.136138 -0.0687445 0
0.533905 0.324287 0.136082 -0.0702266 0
0.614689 0.324476 0.136116 -0.0699777 0
0.70555 0.324506 0.136123 -0.0702118 0
0.791979 0.32443 0.136206 -0.069625 0
0.876545 0.324384 0.136133 -0.0690826 0
0.963167 0.324485 0.136002 -0.0693091 0
1.05992 0.32442 0.136143 -0.0699743 0
1.16324 0.324544 0.136133 -0.0702281 0
1.26012 0.32445 0.136149 -0.0698761 0
1.34639 0.324526 0.136134 -0.0701099 0
1.44301 0.324516 0.136157 -0.0697832 0
1.53675 0.324534 0.136136 -0.07031 0
1.62792 0.324475 0.136152 -0.0699316 0
1.72541 0.324472 0.136132 -0.0694173 0
1.80992 0.324492 0.136069 -0.0694908 0
1.906 0.324508 0.136203 -0.0696521 0
2.00085 0.324503 0.136071 -0.0697618 0
2.0837 0.324404 0.13618 -0.0703049 0
2.18129 0.32431 0.136153 -0.0699517 0
2.27152 0.324498 0.136147 -0.0698554 0
2.3593 0.324446 0.136095 -0.0697758 0
2.46244 0.324464 0.136134 -0.0697163 0
2.54588 0.324436 0.136117 -0.0697017 0
2.64116 0.324493 0.136144 -0.0703283 0
2.74201 0.32453 0.136149 -0.0699505 0
2.84304 0.324483 0.136157 -0.0698323 0
2.94284 0.324387 0.136063 -0.0701681 0
3.05049 0.324459 0.136163 -0.0700292 0
3.14916 0.324485 0.136146 -0.0702688 0
3.24718 0.324533 0.136148 -0.0696522 0
3.34367 0.324465 0.136085 -0.0695478 0
3.4345 0.324314 0.136121 -0.070609 0
3.53478 0.324461 0.13623 -0.0706962 0
3.62974 0.324352 0.136222 -0.0713159 0
3.72756 0.324449 0.136016 -0.0692407 0
3.81416 0.324514 0.13611 -0.0695256 0
3.90924 0.324426 0.136219 -0.0705562 0
4.00805 0.324437 0.136091 -0.0702509 0
4.09245 0.324457 0.136075 -0.0696302 0
4.19138 0.324381 0.136178 -0.0704788 0
4.29017 0.32447 0.136078 -0.0696651 0
4.37859 0.324373 0.136149 -0.0708952 0
4.47459 0.324421 0.136053 -0.0696803 0
4.58236 0.32428 0.136143 -0.0707269 0
4.67938 0.324422 0.136062 -0.0701268 0
4.75916 0.324328 0.13619 -0.0705661 0
4.85943 0.324452 0.136136 -0.0695978 0
4.94603 0.324436 0.136168 -0.0704384 0
5.03986 0.324467 0.136185 -0.0701585 0
5.14927 0.324478 0.136136 -0.0698654 0
5.26076 0.324439 0.136113 -0.0698125 0
5.35309 0.324392 0.136101 -0.0704079 0
5.46535 0.324175 0.136158 -0.0710028 0
5.55462 0.324479 0.13616 -0.0703927 0
5.6606 0.324446 0.136046 -0.0693437 0
5.74582 0.324496 0.136248 -0.0702709 0
5.83033 0.324367 0.135984 -0.0697317 0
5.9366 0.324542 0.136176 -0.0701636 0
6.02644 0.324625 0.136394 -0.0704132 0
6.12783 0.324622 0.136541 -0.0697612 0
6.21845 0.324729 0.136614 -0.0697156 0
6.32798 0.324888 0.136748 -0.0693302 0
6.4243 0.32487 0.136688 -0.0696684 0
6.50888 0.325173 0.13683 -0.0675843 0
6.60855 0.324246 0.137005 -0.0668182 0
6.6943 0.323423 0.137099 -0.067364 0
6.79879 0.323384 0.137759 -0.0676814 0
6.8909 0.323249 0.138031 -0.0675849 0
6.98094 0.323105 0.137927 -0.0673629 0
7.07596 0.323074 0.138147 -0.0671851 0
7.1592 0.321914 0.138274 -0.0668665 0
7.25256 0.322483 0.138555 -0.0658805 0
7.34441 0.321402 0.138601 -0.0651811 0
7.43777 0.321629 0.138921 -0.0652077 0
7.53824 0.322236 0.139049 -0.0637412 0
7.62866 0.321397 0.139462 -0.0635983 0
7.73267 0.322389 0.139461 -0.0618181 0
7.82309 0.322212 0.139379 -0.0605583 0
7.91889 0.322383 0.139493 -0.0592417 0
8.00547 0.321962 0.139657 -0.0576357 0
8.09986 0.322064 0.139972 -0.0570255 0
8.20423 0.322295 0.139966 -0.0560487 0
8.28925 0.321958 0.139855 -0.0549447 0
8.38998 0.321596 0.140235 -0.0541469 0
8.47805 0.32111 0.140156 -0.0524508 0
8.56779 0.322075 0.140384 -0.0522375 0
8.66801 0.322226 0.140764 -0.0513021 0
8.75957 0.32294 0.141179 -0.0511086 0
8.86232 0.321615 0.141577 -0.0511404 0
8.95407 0.321754 0.141437 -0.0482791 0
9.06341 0.322315 0.141913 -0.0482801 0
9.14766 0.323461 0.141837 -0.0458489 0
9.24334 0.322823 0.14211 -0.0452083 0
9.33506 0.323166 0.141917 -0.0438284 0
9.42216 0.323121 0.14193 -0.0436442 0
9.53648 0.323708 0.142095 -0.0409094 0
9.61843 0.32424 0.142107 -0.0404493 0
9.71573 0.323119 0.142171 -0.0398341 0
9.81495 0.323118 0.14211 -0.0388251 0
9.88893 0.322862 0.142425 -0.0386684 0
9.99595 0.322672 0.142453 -0.0379668 0
10.0829 0.323057 0.14207 -0.0366786 0
10.1901 0.324535 0.142103 -0.0337286 1
10.2816 0.322333 0.142095 -0.0349391 1
10.3891 0.323453 0.142046 -0.0326579 1
10.4669 0.322266 0.142021 -0.0329203 1
10.5658 0.323588 0.142235 -0.0316221 1
10.66 0.32355 0.141872 -0.030443 1
10.7564 0.323626 0.141997 -0.0307189 1
10.8703 0.323532 0.141878 -0.0307901 1
10.9488 0.323688 0.142092 -0.0311608 1
11.0539 0.324658 0.142076 -0.030011 1
11.1401 0.324953 0.141914 -0.0297938 1
11.2416 0.324878 0.142405 -0.0307259 1
11.3386 0.326308 0.141892 -0.0279225 1
11.4238 0.326844 0.142379 -0.0286405 1
11.5288 0.327614 0.142741 -0.0284923 1
11.6201 0.328255 0.142929 -0.0323025 1
11.7277 0.330539 0.143019 -0.0291273 1
11.814 0.335102 0.143267 -0.0279908 1
11.9222 0.33706 0.143571 -0.0278758 1
12.0139 0.340003 0.143403 -0.0278755 1
12.1235 0.343742 0.143795 -0.0260685 1
12.2117 0.350239 0.144197 -0.0237707 1
12.3209 0.35211 0.144211 -0.0242278 1
12.4064 0.355375 0.144015 -0.0246304 1
12.51 0.358441 0.144606 -0.0233638 1
12.592 0.363847 0.144693 -0.0218152 1
12.689 0.367987 0.144152 -0.0212556 1
12.7847 0.370602 0.144467 -0.020858 1
12.8758 0.376176 0.144643 -0.0197497 1
12.9817 0.379339 0.144518 -0.0186295 1
13.072 0.385456 0.144524 -0.0185186 1
13.1603 0.389951 0.144616 -0.0165943 1
13.2531 0.395054 0.144767 -0.0171661 1
13.3412 0.398829 0.14437 -0.0157959 1
13.4456 0.403088 0.144564 -0.0159664 1
13.5309 0.408793 0.143793 -0.0143632 1
13.6329 0.412414 0.143774 -0.0160043 1
13.7233 0.417711 0.143426 -0.0166153 1
13.8158 0.421703 0.143243 -0.0158216 1
13.921 0.426451 0.14332 -0.0163993 1
14.0112 0.430666 0.142732 -0.0174395 1
14.1306 0.435144 0.142235 -0.0163162 1
14.2105 0.440002 0.142583 -0.0193858 1
14.3146 0.444855 0.141972 -0.0176007 1
14.4046 0.450229 0.141065 -0.0156367 1
14.4975 0.452989 0.140891 -0.015758 1
14.6005 0.454847 0.140286 -0.0153218 1
14.6939 0.459827 0.140417 -0.017585 1
14.799 0.463428 0.139822 -0.0162074 1
14.8905 0.467761 0.139356 -0.0162615 1
14.9936 0.468706 0.13874 -0.0167545 1
15.0798 0.473302 0.138353 -0.0164897 1
15.1757 0.475485 0.138341 -0.016555 1
15.2687 0.477299 0.138448 -0.0176771 1
15.362 0.478605 0.137682 -0.0179392 1
15.4693 0.480757 0.137231 -0.0163152 1
15.555 0.483336 0.136666 -0.0161488 2
15.6604 0.484892 0.136643 -0.0156042 2
15.7489 0.485714 0.136472 -0.0172534 2
15.858 0.486578 0.136572 -0.0169948 2
15.9513 0.486315 0.13677 -0.0201578 2
16.0473 0.486537 0.136384 -0.0180844 2
16.1374 0.486467 0.136215 -0.0196881 2
16.2325 0.486264 0.136094 -0.0184365 2
16.3417 0.487349 0.135561 -0.017752 2
16.4391 0.486918 0.135241 -0.0182897 2
16.5399 0.487132 0.134545 -0.0160273 2
16.6338 0.486981 0.134106 -0.0180642 2
16.7249 0.487949 0.133744 -0.0198097 2
16.8187 0.486923 0.132235 -0.018971 2
16.8994 0.488427 0.131504 -0.0147133 2
17.0012 0.488074 0.130289 -0.0160154 2
17.0931 0.488285 0.129422 -0.0182883 2
17.1906 0.487308 0.128041 -0.0189652 2
17.2812 0.489799 0.126895 -0.017579 2
17.3777 0.489767 0.125401 -0.0194903 2
17.4736 0.489968 0.123486 -0.0181875 2
17.568 0.490961 0.121268 -0.0157529 2
17.6713 0.490613 0.119614 -0.0163059 2
17.7596 0.491922 0.118136 -0.0164559 2
17.8593 0.491355 0.116238 -0.0176321 2
17.9484 0.492006 0.114325 -0.0191239 2
18.0429 0.493162 0.111762 -0.0169676 2
18.1404 0.493764 0.109723 -0.0161852 2
18.2383 0.493447 0.106843 -0.0170916 2
18.3388 0.493888 0.10473 -0.0182692 2
18.4457 0.494806 0.102086 -0.0158738 2
18.5401 0.495281 0.0984593 -0.0156039 2
18.6317 0.496626 0.0964523 -0.0156932 2
18.7382 0.497397 0.0938537 -0.0164678 2
18.8188 0.498888 0.0915964 -0.0147213 2
18.9195 0.498228 0.0880804 -0.0174218 2
19.0161 0.499222 0.0848891 -0.0152567 2
19.1097 0.500138 0.0824253 -0.0161403 2
19.2043 0.499571 0.0794827 -0.0175834 2
19.2963 0.500237 0.0760319 -0.0152217 2
19.3877 0.501823 0.0731739 -0.0175857 2
19.4792 0.501203 0.0696404 -0.0168366 2
19.578 0.502722 0.0666379 -0.0154812 2
19.6802 0.502839 0.0625471 -0.0161632 2
19.7622 0.504264 0.0596263 -0.0144667 2
19.8745 0.503187 0.0558509 -0.0178737 2
19.9604 0.503877 0.0527924 -0.017578 2
20.063 0.505167 0.049003 -0.0172381 2
20.149 0.50584 0.0450258 -0.0135945 2
20.2491 0.506088 0.0415439 -0.0161114 2
20.3441 0.506139 0.0373178 -0.0160438 2
20.4388 0.50745 0.0335996 -0.0154036 2
20.5438 0.506823 0.0294357 -0.0157447 2
20.6368 0.507415 0.0254203 -0.0162053 2
20.7315 0.508159 0.0215223 -0.0172335 2
20.822 0.508735 0.0178896 -0.0164205 2
20.9197 0.509005 0.0138723 -0.0157614 2
21.0229 0.508495 0.00960626 -0.0176603 2
21.1127 0.509386 0.00499651 -0.0143007 2
21.2128 0.51073 0.000682414 -0.0127906 2
21.3141 0.510513 -0.00331736 -0.0151173 2
21.4119 0.510743 -0.00784147 -0.0142495 2
21.5123 0.510256 -0.0125524 -0.0145745 2
21.6042 0.510468 -0.0160306 -0.0139953 2
21.6966 0.509803 -0.0197169 -0.0163395 2
21.7935 0.510201 -0.0242542 -0.017253 2
21.8811 0.51053 -0.0284312 -0.0162481 2
21.9721 0.51057 -0.0321164 -0.0180271 2
22.0746 0.510901 -0.0377352 -0.0144878 2
22.1656 0.510709 -0.0405856 -0.0162911 2
22.2675 0.50985 -0.0458612 -0.0162459 2
22.3617 0.511117 -0.0498919 -0.0150619 2
22.4585 0.510259 -0.0538111 -0.0176421 2
22.547 0.509878 -0.0584205 -0.018727 2
22.6395 0.510676 -0.0619459 -0.0172196 2
22.7478 0.509884 -0.0671126 -0.0189357 2
22.8384 0.510168 -0.0726533 -0.0144543 2
22.9501 0.508885 -0.0782388 -0.015295 2
23.0508 0.507484 -0.0820405 -0.0200598 2
23.1323 0.506536 -0.0862546 -0.0176131 2
23.2333 0.50703 -0.0906808 -0.015375 2
23.3458 0.506141 -0.0951126 -0.0164416 2
23.4234 0.505821 -0.0984769 -0.0199368 2
23.521 0.505352 -0.10191 -0.0190581 2
23.6177 0.50612 -0.106153 -0.0164347 2
23.7186 0.505023 -0.110698 -0.0135583 2
23.8224 0.503599 -0.114673 -0.0140369 2
23.9101 0.503592 -0.117634 -0.0122926 2
24.0123 0.503618 -0.121444 -0.0134546 2
24.1033 0.502988 -0.12536 -0.0125149 2
24.196 0.502732 -0.127931 -0.0123551 2
24.2872 0.502033 -0.131546 -0.0139931 2
24.3887 0.501771 -0.135378 -0.0128527 2
24.4876 0.500907 -0.138901 -0.0140771 2
24.5803 0.499711 -0.141884 -0.0143492 2
24.6837 0.499327 -0.146194 -0.0137652 2
24.7778 0.498132 -0.149147 -0.0137354 2
24.874 0.49525 -0.152353 -0.0149539 2
24.9738 0.493221 -0.15559 -0.0175696 2
25.0707 0.49223 -0.158696 -0.0189854 2
25.1642 0.490896 -0.161441 -0.0194039 2
25.2706 0.489339 -0.165178 -0.0213005 2
25.3608 0.489159 -0.168304 -0.0212407 2
25.4615 0.488315 -0.171067 -0.0220395 2
25.5545 0.488236 -0.173607 -0.0209186 2
25.6472 0.488018 -0.176872 -0.0201231 2
25.7328 0.486367 -0.179412 -0.0215138 2
25.823 0.487205 -0.182219 -0.0196059 2
25.9177 0.486073 -0.184039 -0.01995 2
26.0466 0.485932 -0.18757 -0.0193107 2
26.1284 0.485092 -0.189742 -0.0198592 2
26.2266 0.484689 -0.191729 -0.0192093 2
26.3154 0.483914 -0.193059 -0.0191552 2
26.4194 0.482191 -0.195856 -0.0211961 2
26.5064 0.482266 -0.196611 -0.0198999 2
26.6139 0.482657 -0.199131 -0.0190916 2
26.6977 0.482521 -0.20057 -0.0188266 2
26.7948 0.479226 -0.201912 -0.0209698 2
26.8975 0.480276 -0.203369 -0.0176015 2
26.9825 0.477846 -0.204145 -0.01882 2
27.0849 0.47875 -0.206345 -0.0181642 2
27.1739 0.477933 -0.206421 -0.0181563 2
27.2745 0.477323 -0.207406 -0.0173258 3
27.368 0.476814 -0.20824 -0.0186453 3
27.4662 0.475855 -0.208707 -0.0192138 3
27.5644 0.475932 -0.210078 -0.0188118 3
27.6649 0.475041 -0.210059 -0.0194629 3
27.7586 0.475579 -0.210709 -0.0188879 3
27.8586 0.475955 -0.210538 -0.0191796 3
27.9559 0.47507 -0.211085 -0.0203223 3
28.0827 0.475464 -0.210915 -0.020178 3
28.1653 0.474144 -0.211112 -0.0217046 3
28.2543 0.474725 -0.210666 -0.0205918 3
28.335 0.474953 -0.210763 -0.0199456 3
28.4269 0.474258 -0.210508 -0.0203192 3
28.5358 0.474309 -0.21083 -0.022155 3
28.6364 0.474878 -0.210624 -0.0208374 3
28.7281 0.473937 -0.210919 -0.0221768 3
28.8235 0.474632 -0.211536 -0.0213422 3
28.9063 0.474174 -0.211308 -0.0209704 3
28.998 0.474641 -0.211443 -0.0202244 3
29.0972 0.473575 -0.211751 -0.0224968 3
29.2005 0.473882 -0.211915 -0.0215497 3
29.2999 0.474287 -0.212084 -0.0187078 3
29.3948 0.472727 -0.212026 -0.0202566 3
29.498 0.473683 -0.212383 -0.0190626 3
29.5939 0.474853 -0.212496 -0.0176855 3
29.6939 0.475362 -0.212894 -0.017275 3
29.7915 0.476173 -0.213142 -0.0160223 3
29.8966 0.476343 -0.21331 -0.0149906 3
29.9788 0.476649 -0.213601 -0.0143438 3
30.0788 0.477084 -0.213797 -0.0129151 3
30.1698 0.477327 -0.213638 -0.0122506 3
30.2723 0.478015 -0.213962 -0.0107696 4
30.3664 0.477281 -0.214175 -0.0101823 4
30.4655 0.477258 -0.214239 -0.010835 4
30.5601 0.477509 -0.214275 -0.00961745 4
30.6651 0.477726 -0.214581 -0.00938943 4
30.7588 0.47794 -0.214463 -0.00857663 4
30.8591 0.477691 -0.214638 -0.00802453 4
30.9559 0.478128 -0.214728 -0.0067819 4
31.0488 0.477831 -0.214787 -0.00727822 4
31.1846 0.478141 -0.214796 -0.00666406 4
31.2646 0.479134 -0.214831 -0.00521416 4
31.3529 0.477511 -0.214625 -0.00766615 4
31.4456 0.477244 -0.213847 -0.00863796 4
31.5471 0.478598 -0.213035 -0.00691543 4
31.6409 0.477654 -0.212437 -0.00719307 4
31.7361 0.478308 -0.211059 -0.00738581 4
31.8398 0.477007 -0.209768 -0.00898356 4
31.9365 0.477853 -0.208129 -0.00841783 4
32.0358 0.477662 -0.206605 -0.00831491 4
32.1255 0.478557 -0.204604 -0.00668983 4
32.2329 0.478321 -0.20265 -0.00969486 4
32.3312 0.478701 -0.19883 -0.00654467 4
32.425 0.478633 -0.197041 -0.00651503 4
32.534 0.478082 -0.194671 -0.0088035 4
32.6272 0.477481 -0.192864 -0.00994932 4
32.7183 0.478166 -0.191182 -0.0103003 4
32.8162 0.479077 -0.188606 -0.00919951 4
32.9121 0.478373 -0.187423 -0.0115956 4
33.013 0.478656 -0.185292 -0.0121825 4
33.1134 0.480347 -0.183061 -0.0112506 4
33.2053 0.478804 -0.181547 -0.0129452 4
33.2974 0.477529 -0.180079 -0.01521 4
33.4202 0.478328 -0.178348 -0.0156611 4
33.4967 0.47832 -0.177021 -0.016294 4
33.5972 0.478066 -0.176702 -0.0189409 4
33.6904 0.47864 -0.174954 -0.017972 4
33.7803 0.478159 -0.174154 -0.0182785 4
33.8945 0.47744 -0.17255 -0.0168983 4
33.9703 0.477209 -0.172213 -0.0169343 5
34.0647 0.477365 -0.171508 -0.014885 5
34.1572 0.477156 -0.171294 -0.0144029 5
34.2858 0.476519 -0.17058 -0.0152289 5
34.3692 0.475867 -0.171002 -0.0152791 5
34.4942 0.476516 -0.170539 -0.0149352 5
34.5726 0.476326 -0.170574 -0.0146768 5
34.6677 0.476403 -0.170476 -0.0149128 5
34.7653 0.476857 -0.170483 -0.0136887 5
34.8625 0.476405 -0.170607 -0.0148514 5
34.9592 0.476441 -0.17061 -0.0142611 5
35.0568 0.476311 -0.170373 -0.0141595 5
35.1503 0.477017 -0.170707 -0.0139655 5
35.2317 0.476445 -0.170841 -0.0152747 5
35.3314 0.476484 -0.170568 -0.0143065 5
35.423 0.476456 -0.170663 -0.0140559 5
35.5211 0.477352 -0.170504 -0.0138333 5
35.6201 0.477684 -0.170754 -0.0131117 5
35.7168 0.476692 -0.170982 -0.0151489 5
35.8152 0.476901 -0.170444 -0.0136309 5
35.9105 0.476097 -0.170724 -0.0153049 5
36.0162 0.476735 -0.170733 -0.0145955 5
36.1051 0.47625 -0.170842 -0.0147051 5
36.2061 0.476325 -0.170631 -0.0148382 5
36.2951 0.476499 -0.170875 -0.0149146 5
36.3968 0.475399 -0.170819 -0.0174185 5
36.5003 0.476869 -0.170399 -0.0136586 5
36.5901 0.47674 -0.170656 -0.0142093 5
36.6892 0.476562 -0.170723 -0.0145781 5
36.7909 0.477211 -0.170741 -0.0136088 5
36.8886 0.476363 -0.170671 -0.0144425 5
36.9767 0.476671 -0.170834 -0.0154742 5
37.0799 0.476967 -0.170212 -0.0140989 5
37.1663 0.476926 -0.170831 -0.0138503 5
37.271 0.477094 -0.170454 -0.0141511 5
37.3696 0.476423 -0.170629 -0.0145274 5
37.4859 0.476766 -0.170355 -0.0149974 5
37.5596 0.477071 -0.17055 -0.0137595 5
37.6562 0.476405 -0.170448 -0.0150121 5
37.7536 0.476155 -0.171341 -0.0153557 5
37.8503 0.476569 -0.170737 -0.0145978 5
37.9495 0.476734 -0.170692 -0.0148726 5
38.0432 0.475856 -0.171018 -0.0157016 5
38.1411 0.476486 -0.170564 -0.0148468 5
38.23 0.475544 -0.170807 -0.0159729 5
38.3267 0.476554 -0.170469 -0.0146621 5
38.4224 0.476204 -0.1706 -0.0144234 5
38.5178 0.476475 -0.17092 -0.0155822 5
38.6173 0.477155 -0.170645 -0.0142427 5
38.7021 0.476046 -0.170439 -0.014771 5
38.7982 0.47675 -0.170362 -0.0140227 5
38.8912 0.47688 -0.170754 -0.013744 5
38.9878 0.476517 -0.170588 -0.014973 5
39.0837 0.47662 -0.170523 -0.0146835 5
39.1739 0.475223 -0.171067 -0.0162942 5
39.275 0.477104 -0.170583 -0.0139123 5
39.3634 0.476638 -0.170461 -0.0144877 5
39.465 0.476307 -0.170604 -0.0144946 5
39.5558 0.476622 -0.170638 -0.0142795 5
39.6829 0.476226 -0.170928 -0.0153357 5
39.7716 0.47637 -0.170278 -0.0151812 5
39.868 0.476582 -0.170384 -0.0149169 5
39.9496 0.476418 -0.170479 -0.0146704 5
40.0366 0.476163 -0.170661 -0.0153898 5
