4.76837e-07 0.374785 0.0474073 0.23 0
0.080512 0.374785 0.0474145 0.23 0
0.186407 0.374777 0.0474327 0.23 0
0.272893 0.37479 0.0474112 0.23 0
0.360349 0.37478 0.0474174 0.23 0
0.450708 0.374795 0.0474312 0.23 0
0.533905 0.374772 0.0474279 0.23 0
0.614689 0.374773 0.047415 0.23 0
0.70555 0.374787 0.0474136 0.23 0
0.791979 0.374789 0.0474248 0.23 0
0.876545 0.374778 0.0474179 0.23 0
0.963167 0.374776 0.047401 0.23 0
1.05992 0.37479 0.0474256 0.23 0
1.16324 0.374779 0.0474121 0.23 0
1.26012 0.374788 0.0474127 0.23 0
1.34639 0.374776 0.0474108 0.23 0
1.44301 0.374783 0.0474271 0.23 0
1.53675 0.374791 0.0474223 0.23 0
1.62792 0.374792 0.0474099 0.23 0
1.72541 0.374776 0.0474193 0.23 0
1.80992 0.37477 0.0474378 0.23 0
1.906 0.374789 0.0474345 0.23 0
2.00085 0.374775 0.0474054 0.23 0
2.0837 0.374791 0.0474198 0.23 0
2.18129 0.374784 0.047424 0.23 0
2.27152 0.374774 0.0474279 0.23 0
2.3593 0.374785 0.0474124 0.23 0
2.46244 0.374783 0.0474271 0.23 0
2.54588 0.374772 0.0474212 0.23 0
2.64116 0.374783 0.0474164 0.23 0
2.74201 0.374777 0.0474291 0.23 0
2.84304 0.37479 0.0474139 0.23 0
2.94284 0.374766 0.0474098 0.23 0
3.05049 0.374793 0.0474112 0.23 0
3.14916 0.374767 0.0474343 0.23 0
3.24718 0.374786 0.0474329 0.23 0
3.34367 0.374783 0.0474057 0.23 0
3.4345 0.374769 0.0474151 0.23 0
3.53478 0.374776 0.0474359 0.23 0
3.62974 0.374789 0.0474202 0.23 0
3.72756 0.374777 0.0474102 0.23 0
3.81416 0.374777 0.0474206 0.23 0
3.90924 0.374792 0.0474295 0.23 0
4.00805 0.374787 0.0474207 0.23 0
4.09245 0.374775 0.0474127 0.23 0
4.19138 0.374791 0.0474282 0.23 0
4.29017 0.374777 0.0474112 0.23 0
4.37859 0.37477 0.0474176 0.23 0
4.47459 0.374776 0.04741 0.23 0
4.58236 0.374782 0.0474196 0.23 0
4.67938 0.374777 0.047409 0.23 0
4.75916 0.374775 0.0474292 0.23 0
4.85943 0.37478 0.0474188 0.23 0
4.94603 0.374786 0.0474235 0.23 0
5.03986 0.374792 0.0474144 0.23 0
5.14927 0.374789 0.0474037 0.23 0
5.26076 0.374781 0.0474204 0.23 0
5.35309 0.374782 0.0474137 0.23 0
5.46535 0.374781 0.0474214 0.23 0
5.55462 0.374775 0.0474296 0.23 0
5.6606 0.374783 0.0474038 0.23 0
5.74582 0.37479 0.0474247 0.23 0
5.83033 0.374768 0.0474058 0.23 0
5.9366 0.374782 0.047426 0.23 0
6.02644 0.374843 0.0474371 0.23 0
6.12783 0.374899 0.0474671 0.23 0
6.21845 0.374958 0.0474887 0.23 0
6.32798 0.375038 0.0475043 0.23 0
6.4243 0.375103 0.0475199 0.23 0
6.50888 0.375186 0.0475464 0.23 0
6.60855 0.375288 0.047558 0.23 0
6.6943 0.375351 0.0475718 0.23 0
6.79879 0.375499 0.0476055 0.23 0
6.8909 0.375599 0.0476501 0.23 0
6.98094 0.375673 0.0476356 0.23 0
7.07596 0.375772 0.0476755 0.23 0
7.1592 0.375858 0.0476941 0.23 0
7.25256 0.375954 0.0477111 0.23 0
7.34441 0.37603 0.0477119 0.23 0
7.43777 0.376174 0.0477526 0.23 0
7.53824 0.376257 0.0477369 0.23 0
7.62866 0.37633 0.0477556 0.23 0
7.73267 0.376379 0.04776 0.23 0
7.82309 0.376476 0.0477393 0.23 0
7.91889 0.37655 0.0477636 0.23 0
8.00547 0.376614 0.0477776 0.23 0
8.09986 0.376658 0.0477771 0.23 0
8.20423 0.376672 0.0477394 0.23 0
8.28925 0.3767 0.0477042 0.23 0
8.38998 0.376711 0.0476936 0.23 0
8.47805 0.376725 0.0476578 0.23 0
8.56779 0.376729 0.0476282 0.23 0
8.66801 0.376712 0.0475979 0.23 0
8.75957 0.376706 0.0475668 0.23 0
8.86232 0.376678 0.0475193 0.23 0
8.95407 0.37666 0.0474919 0.23 0
9.06341 0.376623 0.0474465 0.23 0
9.14766 0.376562 0.0473922 0.23 0
9.24334 0.37654 0.047353 0.23 0
9.33506 0.376466 0.0472996 0.23 0
9.42216 0.376398 0.0472286 0.23 0
9.53648 0.376339 0.0471842 0.23 0
9.61843 0.376267 0.0471428 0.23 0
9.71573 0.376178 0.0471017 0.23 0
9.81495 0.376132 0.047032 0.23 0
9.88893 0.376079 0.0470098 0.23 0
9.99595 0.376016 0.0469561 0.23 0
10.0829 0.5358 0.0469145 0.23 1
10.1901 0.5358 0.0468791 0.229142 1
10.2816 0.5358 0.0468401 0.229736 1
10.3891 0.5358 0.0468101 0.2303 1
10.4669 0.5358 0.0467995 0.230626 1
10.5658 0.5358 0.0468054 0.23088 1
10.66 0.5358 0.0467744 0.231027 1
10.7564 0.5358 0.0467807 0.231044 1
10.8703 0.5358 0.0467765 0.23107 1
10.9488 0.5358 0.0467697 0.231089 1
11.0539 0.5358 0.0468095 0.231193 1
11.1401 0.5358 0.0468637 0.231285 1
11.2416 0.5358 0.0469912 0.231576 1
11.3386 0.5358 0.0471563 0.231785 1
11.4238 0.5358 0.0473209 0.232092 1
11.5288 0.5358 0.0475694 0.232483 1
11.6201 0.5358 0.0477807 0.232825 1
11.7277 0.5358 0.0480476 0.233267 1
11.814 0.5358 0.0482436 0.233676 1
11.9222 0.5358 0.0485579 0.234318 1
12.0139 0.5358 0.048826 0.234707 1
12.1235 0.5358 0.0491736 0.235256 1
12.2117 0.5358 0.0494523 0.23573 1
12.3209 0.5358 0.049724 0.236232 1
12.4064 0.5358 0.0499178 0.236631 1
12.51 0.5358 0.0502483 0.237165 1
12.592 0.5358 0.0504602 0.237511 1
12.689 0.5358 0.0506125 0.237875 1
12.7847 0.5358 0.0507693 0.238256 1
12.8758 0.5358 0.0510006 0.23858 1
12.9817 0.5358 0.051096 0.23879 1
13.072 0.5358 0.051147 0.239068 1
13.1603 0.5358 0.0512681 0.239287 1
13.2531 0.5358 0.0513361 0.239325 1
13.3412 0.5358 0.0513108 0.239444 1
13.4456 0.5358 0.0512716 0.239476 1
13.5309 0.5358 0.051207 0.239361 1
13.6329 0.5358 0.0511015 0.239328 1
13.7233 0.5358 0.0509708 0.23917 1
13.8158 0.5358 0.0508414 0.239026 1
13.921 0.5358 0.0507182 0.238844 1
14.0112 0.5358 0.050443 0.238528 1
14.1306 0.5358 0.0501086 0.238143 1
14.2105 0.5358 0.0499479 0.237921 1
14.3146 0.5358 0.0496342 0.237386 1
14.4046 0.5358 0.0492511 0.237057 1
14.4975 0.5358 0.0489627 0.236699 1
14.6005 0.5358 0.0486855 0.236171 1
14.6939 0.5358 0.0483457 0.235733 1
14.799 0.5358 0.0479475 0.235369 1
14.8905 0.5358 0.0476213 0.234993 1
14.9936 0.5358 0.047305 0.234358 1
15.0798 0.5358 0.0470137 0.233965 1
15.1757 0.5358 0.046774 0.233589 1
15.2687 0.5358 0.0465083 0.233394 1
15.362 0.5358 0.046247 0.233 1
15.4693 0.5358 -0.3 0.232687 2
15.555 0.534976 -0.3 0.232487 2
15.6604 0.536014 -0.3 0.232263 2
15.7489 0.536617 -0.3 0.23217 2
15.858 0.536906 -0.3 0.232119 2
15.9513 0.536909 -0.3 0.232141 2
16.0473 0.536905 -0.3 0.23214 2
16.1374 0.536902 -0.3 0.232153 2
16.2325 0.537 -0.3 0.232172 2
16.3417 0.537197 -0.3 0.232174 2
16.4391 0.537358 -0.3 0.232167 2
16.5399 0.537601 -0.3 0.232207 2
16.6338 0.537844 -0.3 0.232201 2
16.7249 0.538073 -0.3 0.232225 2
16.8187 0.538406 -0.3 0.232262 2
16.8994 0.538688 -0.3 0.232282 2
17.0012 0.539048 -0.3 0.232306 2
17.0931 0.539455 -0.3 0.2323 2
17.1906 0.539882 -0.3 0.232352 2
17.2812 0.540332 -0.3 0.232373 2
17.3777 0.540794 -0.3 0.232379 2
17.4736 0.541296 -0.3 0.232403 2
17.568 0.541762 -0.3 0.232438 2
17.6713 0.542375 -0.3 0.232486 2
17.7596 0.542892 -0.3 0.232512 2
17.8593 0.543511 -0.3 0.232549 2
17.9484 0.544082 -0.3 0.232567 2
18.0429 0.544706 -0.3 0.232646 2
18.1404 0.545364 -0.3 0.232685 2
18.2383 0.545996 -0.3 0.232687 2
18.3388 0.546708 -0.3 0.232737 2
18.4457 0.547413 -0.3 0.23278 2
18.5401 0.548051 -0.3 0.232802 2
18.6317 0.548685 -0.3 0.232883 2
18.7382 0.549515 -0.3 0.232941 2
18.8188 0.550092 -0.3 0.232964 2
18.9195 0.550766 -0.3 0.23298 2
19.0161 0.551435 -0.3 0.233027 2
19.1097 0.552141 -0.3 0.233056 2
19.2043 0.552786 -0.3 0.233076 2
19.2963 0.553437 -0.3 0.23315 2
19.3877 0.554074 -0.3 0.233202 2
19.4792 0.554679 -0.3 0.233236 2
19.578 0.55536 -0.3 0.233308 2
19.6802 0.556001 -0.3 0.233309 2
19.7622 0.556594 -0.3 0.233375 2
19.8745 0.557281 -0.3 0.233446 2
19.9604 0.557798 -0.3 0.233449 2
20.063 0.558441 -0.3 0.233539 2
20.149 0.558956 -0.3 0.233512 2
20.2491 0.559486 -0.3 0.233505 2
20.3441 0.560043 -0.3 0.23361 2
20.4388 0.560531 -0.3 0.233633 2
20.5438 0.561047 -0.3 0.233623 2
20.6368 0.561484 -0.3 0.233642 2
20.7315 0.561944 -0.3 0.233716 2
20.822 0.562336 -0.3 0.233797 2
20.9197 0.562724 -0.3 0.23383 2
21.0229 0.563096 -0.3 0.233843 2
21.1127 0.563386 -0.3 0.233799 2
21.2128 0.563708 -0.3 0.233801 2
21.3141 0.563972 -0.3 0.233936 2
21.4119 0.564217 -0.3 0.233898 2
21.5123 0.564392 -0.3 0.233903 2
21.6042 0.564537 -0.3 0.233899 2
21.6966 0.564708 -0.3 0.23397 2
21.7935 0.564815 -0.3 0.233952 2
21.8811 0.564906 -0.3 0.233983 2
21.9721 0.564925 -0.3 0.234 2
22.0746 0.564942 -0.3 0.234014 2
22.1656 0.564945 -0.3 0.234048 2
22.2675 0.564897 -0.3 0.23402 2
22.3617 0.564814 -0.3 0.234032 2
22.4585 0.564662 -0.3 0.233988 2
22.547 0.564548 -0.3 0.234047 2
22.6395 0.564382 -0.3 0.234072 2
22.7478 0.564126 -0.3 0.234051 2
22.8384 0.5639 -0.3 0.234025 2
22.9501 0.563583 -0.3 0.234044 2
23.0508 0.563335 -0.3 0.234084 2
23.1323 0.562979 -0.3 0.234076 2
23.2333 0.562593 -0.3 0.234078 2
23.3458 0.56214 -0.3 0.23401 2
23.4234 0.561776 -0.3 0.233974 2
23.521 0.561397 -0.3 0.234052 2
23.6177 0.560902 -0.3 0.23404 2
23.7186 0.560353 -0.3 0.23396 2
23.8224 0.559755 -0.3 0.233915 2
23.9101 0.559267 -0.3 0.233959 2
24.0123 0.558713 -0.3 0.233961 2
24.1033 0.558133 -0.3 0.233939 2
24.196 0.557559 -0.3 0.233954 2
24.2872 0.556931 -0.3 0.233855 2
24.3887 0.55631 -0.3 0.233818 2
24.4876 0.555627 -0.3 0.233899 2
24.5803 0.554977 -0.3 0.233897 2
24.6837 0.554235 -0.3 0.233835 2
24.7778 0.553552 -0.3 0.233788 2
24.874 0.552852 -0.3 0.233718 2
24.9738 0.552181 -0.3 0.233761 2
25.0707 0.551511 -0.3 0.233728 2
25.1642 0.550756 -0.3 0.233702 2
25.2706 0.549999 -0.3 0.233645 2
25.3608 0.549304 -0.3 0.23365 2
25.4615 0.548574 -0.3 0.233549 2
25.5545 0.54793 -0.3 0.233593 2
25.6472 0.547256 -0.3 0.233573 2
25.7328 0.546645 -0.3 0.233561 2
25.823 0.545933 -0.3 0.233502 2
25.9177 0.545307 -0.3 0.233506 2
26.0466 0.544489 -0.3 0.233484 2
26.1284 0.543872 -0.3 0.233413 2
26.2266 0.543224 -0.3 0.233409 2
26.3154 0.542706 -0.3 0.233444 2
26.4194 0.542032 -0.3 0.233431 2
26.5064 0.54153 -0.3 0.23343 2
26.6139 0.540949 -0.3 0.233378 2
26.6977 0.540516 -0.3 0.233361 2
26.7948 0.539986 -0.3 0.233366 2
26.8975 0.539489 -0.3 0.233341 2
26.9825 0.539116 -0.3 0.233331 2
27.0849 0.538694 -0.3 0.23328 2
27.1739 0.538403 -0.3 0.25 3
27.2745 0.538046 -0.298345 0.25 3
27.368 0.537738 -0.299263 0.25 3
27.4662 0.537512 -0.300018 0.25 3
27.5644 0.537281 -0.300686 0.25 3
27.6649 0.537144 -0.301176 0.25 3
27.7586 0.537049 -0.301521 0.25 3
27.8586 0.536973 -0.301751 0.25 3
27.9559 0.536949 -0.301865 0.25 3
28.0827 0.536956 -0.301878 0.25 3
28.1653 0.536959 -0.301891 0.25 3
28.2543 0.536998 -0.301888 0.25 3
28.335 0.536983 -0.301947 0.25 3
28.4269 0.536994 -0.301981 0.25 3
28.5358 0.537028 -0.302021 0.25 3
28.6364 0.537027 -0.302085 0.25 3
28.7281 0.537023 -0.302132 0.25 3
28.8235 0.537021 -0.302179 0.25 3
28.9063 0.537028 -0.302251 0.25 3
28.998 0.537025 -0.302347 0.25 3
29.0972 0.537047 -0.302412 0.25 3
29.2005 0.537034 -0.302499 0.25 3
29.2999 0.537013 -0.302588 0.25 3
29.3948 0.537027 -0.302678 0.25 3
29.498 0.537067 -0.302732 0.25 3
29.5939 0.537082 -0.30281 0.25 3
29.6939 0.537042 -0.302945 0.25 3
29.7915 0.537041 -0.303034 0.25 3
29.8966 0.537039 -0.303104 0.25 3
29.9788 0.537023 -0.303186 0.25 3
30.0788 0.537034 -0.303252 0.25 3
30.1698 0.537012 -0.259 0.24 4
30.2723 0.537003 -0.259 0.24 4
30.3664 0.537003 -0.259 0.24 4
30.4655 0.537019 -0.259 0.24 4
30.5601 0.537008 -0.259 0.24 4
30.6651 0.536997 -0.259 0.24 4
30.7588 0.536973 -0.259 0.24 4
30.8591 0.536967 -0.259 0.24 4
30.9559 0.536936 -0.259 0.24 4
31.0488 0.536941 -0.259 0.24 4
31.1846 0.536958 -0.259 0.24 4
31.2646 0.536944 -0.259 0.24 4
31.3529 0.53693 -0.259 0.24 4
31.4456 0.536965 -0.259 0.24 4
31.5471 0.536978 -0.259 0.24 4
31.6409 0.537025 -0.259 0.24 4
31.7361 0.537138 -0.259 0.24 4
31.8398 0.537202 -0.259 0.24 4
31.9365 0.537245 -0.259 0.24 4
32.0358 0.537284 -0.259 0.24 4
32.1255 0.537324 -0.259 0.24 4
32.2329 0.537399 -0.259 0.24 4
32.3312 0.537481 -0.259 0.24 4
32.425 0.537491 -0.259 0.24 4
32.534 0.537495 -0.259 0.24 4
32.6272 0.537537 -0.259 0.24 4
32.7183 0.537575 -0.259 0.24 4
32.8162 0.537507 -0.259 0.24 4
32.9121 0.537503 -0.259 0.24 4
33.013 0.537512 -0.259 0.24 4
33.1134 0.537451 -0.259 0.24 4
33.2053 0.537427 -0.259 0.24 4
33.2974 0.537412 -0.259 0.24 4
33.4202 0.53737 -0.259 0.24 4
33.4967 0.537312 -0.259 0.24 4
33.5972 0.537264 -0.259 0.24 4
33.6904 0.537228 -0.259 0.24 4
33.7803 0.537168 -0.259 0.24 4
33.8945 0.537138 -0.259 0.24 5
33.9703 0.537117 -0.261255 0.241129 5
34.0647 0.537108 -0.260912 0.24107 5
34.1572 0.537119 -0.260781 0.241086 5
34.2858 0.537137 -0.260778 0.241104 5
34.3692 0.537127 -0.260792 0.24111 5
34.4942 0.537139 -0.260804 0.241137 5
34.5726 0.537143 -0.260789 0.241133 5
34.6677 0.537134 -0.260805 0.241092 5
34.7653 0.537123 -0.26081 0.241109 5
34.8625 0.537147 -0.260803 0.241101 5
34.9592 0.537136 -0.260814 0.241113 5
35.0568 0.537134 -0.26081 0.241127 5
35.1503 0.537151 -0.260812 0.241095 5
35.2317 0.537159 -0.260809 0.241105 5
35.3314 0.537148 -0.260818 0.241097 5
35.423 0.53717 -0.2608 0.241109 5
35.5211 0.537193 -0.260807 0.241091 5
35.6201 0.53718 -0.260822 0.241108 5
35.7168 0.537173 -0.260825 0.241109 5
35.8152 0.537201 -0.260824 0.241094 5
35.9105 0.537221 -0.260787 0.241078 5
36.0162 0.537217 -0.260823 0.241067 5
36.1051 0.53722 -0.260837 0.241104 5
36.2061 0.53724 -0.260837 0.241158 5
36.2951 0.537254 -0.260826 0.241121 5
36.3968 0.537244 -0.260833 0.2411 5
36.5003 0.537276 -0.260816 0.241128 5
36.5901 0.537261 -0.260844 0.241106 5
36.6892 0.537283 -0.260819 0.241104 5
36.7909 0.537282 -0.260832 0.241112 5
36.8886 0.537283 -0.260797 0.241058 5
36.9767 0.537298 -0.260786 0.241085 5
37.0799 0.537326 -0.260796 0.241136 5
37.1663 0.537316 -0.260776 0.241119 5
37.271 0.537338 -0.260771 0.241125 5
37.3696 0.537331 -0.260793 0.241114 5
37.4859 0.537337 -0.26077 0.241103 5
37.5596 0.537332 -0.260801 0.24112 5
37.6562 0.537333 -0.260791 0.241063 5
37.7536 0.537338 -0.260827 0.241057 5
37.8503 0.537356 -0.260776 0.241057 5
37.9495 0.537352 -0.260789 0.241089 5
38.0432 0.537342 -0.260791 0.24111 5
38.1411 0.537333 -0.260786 0.241049 5
38.23 0.537339 -0.260795 0.241094 5
38.3267 0.537339 -0.260777 0.241082 5
38.4224 0.53733 -0.260818 0.241101 5
38.5178 0.537353 -0.26078 0.241117 5
38.6173 0.537345 -0.260803 0.241081 5
38.7021 0.537337 -0.260785 0.241074 5
38.7982 0.537346 -0.260769 0.241087 5
38.8912 0.537344 -0.260778 0.241071 5
38.9878 0.537352 -0.260781 0.241096 5
39.0837 0.53732 -0.260795 0.241085 5
39.1739 0.53733 -0.260811 0.241087 5
39.275 0.537327 -0.260803 0.241091 5
39.3634 0.537341 -0.260778 0.241073 5
39.465 0.53733 -0.260797 0.241082 5
39.5558 0.537324 -0.260809 0.241072 5
39.6829 0.537343 -0.260802 0.241097 5
39.7716 0.537338 -0.260802 0.241121 5
39.868 0.53733 -0.260803 0.241085 5
39.9496 0.537338 -0.260793 0.24105 5
40.0366 0.537342 -0.260792 0.241087 5
