8.36849e-05 0.490607 0.197356 -0.0798443 0
0.096519 0.490558 0.197284 -0.0792958 0
0.201208 0.490625 0.197401 -0.0804451 0
0.2997 0.490702 0.197411 -0.0801325 0
0.406869 0.490643 0.197438 -0.0795975 0
0.499931 0.490628 0.197362 -0.0791712 0
0.603998 0.490593 0.197252 -0.0790608 0
0.715598 0.490693 0.197422 -0.0805741 0
0.804156 0.490584 0.197312 -0.0793456 0
0.898825 0.490605 0.197371 -0.0793177 0
1.01534 0.490656 0.197423 -0.0796836 0
1.1296 0.490658 0.197412 -0.0798491 0
1.24308 0.490598 0.197396 -0.0805366 0
1.32947 0.490662 0.197427 -0.0795186 0
1.42849 0.490635 0.197293 -0.0795277 0
1.54479 0.490559 0.197351 -0.0793322 0
1.64911 0.490637 0.197406 -0.0798103 0
1.76323 0.490635 0.197346 -0.0798201 0
1.86073 0.49064 0.197341 -0.079808 0
1.96586 0.490555 0.197285 -0.0796751 0
2.0703 0.490587 0.197281 -0.0793357 0
2.16976 0.490558 0.197401 -0.0798854 0
2.29034 0.490617 0.197462 -0.0796818 0
2.37859 0.490661 0.197337 -0.0798319 0
2.48405 0.490711 0.197375 -0.0800516 0
2.5846 0.490636 0.197329 -0.0799244 0
2.70583 0.490687 0.197403 -0.0807548 0
2.80775 0.490635 0.197396 -0.0794005 0
2.91451 0.490619 0.19732 -0.0798718 0
3.00402 0.490698 0.197548 -0.0788662 0
3.12228 0.490865 0.197642 -0.0801822 0
3.21972 0.49117 0.198071 -0.0795738 0
3.31828 0.491257 0.198151 -0.0793369 0
3.42547 0.4912 0.19801 -0.0789502 0
3.51686 0.491224 0.198349 -0.078754 0
3.62703 0.491484 0.198323 -0.0783768 0
3.71878 0.491582 0.198498 -0.0773262 0
3.82741 0.491712 0.199009 -0.0767218 0
3.93902 0.491896 0.199085 -0.0771611 0
4.03905 0.492213 0.199395 -0.0757567 0
4.13692 0.492454 0.199531 -0.0744858 0
4.23616 0.492429 0.199619 -0.0736529 0
4.33867 0.492661 0.199875 -0.0718755 0
4.43794 0.493063 0.200246 -0.0718216 0
4.54459 0.493471 0.200503 -0.0708971 0
4.63797 0.493501 0.201049 -0.0746581 0
4.74663 0.493533 0.201084 -0.0732805 0
4.85404 0.493621 0.201226 -0.0704302 0
4.95269 0.494049 0.201383 -0.069917 0
5.05496 0.494223 0.201643 -0.0686938 0
5.1627 0.494521 0.201948 -0.0681416 0
5.2692 0.494403 0.202019 -0.0656976 0
5.37635 0.49465 0.202042 -0.0649998 0
5.47504 0.494531 0.2019 -0.0624388 0
5.59503 0.494194 0.202386 -0.0630927 0
5.67324 0.49488 0.203021 -0.065437 0
5.78227 0.494929 0.202544 -0.0621553 0
5.88941 0.49434 0.202616 -0.0615189 0
5.99137 0.494369 0.202424 -0.058724 0
6.0927 0.494679 0.202554 -0.0580695 0
6.19599 0.494954 0.202622 -0.05706 0
6.29723 0.494757 0.202618 -0.0557754 0
6.40396 0.495015 0.202712 -0.0548994 0
6.50472 0.49489 0.202788 -0.0538178 0
6.60626 0.495255 0.202744 -0.0525318 0
6.70036 0.49502 0.202756 -0.0501386 0
6.79629 0.494509 0.202809 -0.0517439 0
6.89632 0.49455 0.20277 -0.0498363 0
6.99957 0.49458 0.202626 -0.0488757 0
7.09513 0.494644 0.202731 -0.0477703 0
7.19903 0.494816 0.202861 -0.0473265 1
7.29569 0.494512 0.202637 -0.0461444 1
7.39859 0.494431 0.202796 -0.0459731 1
7.49174 0.49449 0.202465 -0.0450582 1
7.59761 0.494002 0.202684 -0.0463569 1
7.69609 0.493936 0.202438 -0.0455348 1
7.81066 0.494074 0.202356 -0.0442144 1
7.90859 0.493685 0.202588 -0.0457036 1
8.00826 0.493937 0.202468 -0.0450635 1
8.10151 0.494424 0.202494 -0.044629 1
8.21327 0.494518 0.202763 -0.0463901 1
8.30279 0.494866 0.202388 -0.0450888 1
8.41708 0.496081 0.202613 -0.0448885 1
8.5089 0.497147 0.202716 -0.0458267 1
8.61904 0.498631 0.202884 -0.0456289 1
8.71705 0.500311 0.203276 -0.0458373 1
8.82246 0.501772 0.203147 -0.0459042 1
8.92677 0.503647 0.203292 -0.0462773 1
9.02968 0.505886 0.20316 -0.0439775 1
9.13438 0.508122 0.203254 -0.0465801 1
9.22922 0.511331 0.203307 -0.0438432 1
9.34047 0.513841 0.203906 -0.0449092 1
9.42835 0.516308 0.203469 -0.0444371 1
9.54051 0.519333 0.203849 -0.0451182 1
9.63147 0.521541 0.203545 -0.0442392 1
9.74421 0.524466 0.203633 -0.0435183 1
9.8392 0.528787 0.203887 -0.0418628 1
9.94412 0.53032 0.203596 -0.0430413 1
10.0374 0.534623 0.203818 -0.042118 1
10.1529 0.537851 0.203897 -0.0408421 1
10.2528 0.541588 0.204024 -0.0427281 1
10.3572 0.544055 0.203507 -0.0418923 1
10.4704 0.548097 0.203477 -0.0387842 1
10.5616 0.551646 0.203492 -0.0405781 1
10.6734 0.554921 0.203274 -0.0393743 1
10.7676 0.558226 0.203165 -0.0393424 1
10.8821 0.561412 0.202782 -0.0382449 1
10.9785 0.565388 0.202755 -0.0387267 1
11.0723 0.567427 0.20266 -0.0397253 1
11.1771 0.571171 0.202535 -0.0401389 1
11.2861 0.574639 0.202195 -0.0379822 1
11.3795 0.577296 0.202037 -0.0381709 1
11.5038 0.580221 0.201675 -0.0387441 1
11.5997 0.582903 0.201193 -0.0381658 1
11.698 0.585793 0.201174 -0.0379318 1
11.8041 0.588687 0.201029 -0.0374599 1
11.8978 0.589838 0.200598 -0.0384228 1
12.0115 0.592232 0.200356 -0.0373314 1
12.107 0.594091 0.200146 -0.0379363 1
12.1975 0.595392 0.200074 -0.0380546 1
12.3092 0.597234 0.19966 -0.038397 1
12.4131 0.599098 0.199564 -0.0390642 2
12.5127 0.599875 0.19935 -0.0387316 2
12.6014 0.600941 0.199605 -0.0381074 2
12.7044 0.601396 0.19937 -0.0387286 2
12.809 0.60182 0.199349 -0.0384826 2
12.9087 0.601987 0.199159 -0.0388001 2
13.0303 0.602166 0.199324 -0.0384142 2
13.128 0.602212 0.199373 -0.038669 2
13.2362 0.602206 0.198819 -0.0385469 2
13.3314 0.602499 0.198626 -0.0376618 2
13.4259 0.602282 0.198112 -0.0380285 2
13.5589 0.60272 0.197136 -0.037993 2
13.6717 0.602994 0.196374 -0.037923 2
13.7995 0.60397 0.194735 -0.0356569 2
13.9144 0.603927 0.193394 -0.0364781 2
14.0264 0.604929 0.19162 -0.0355188 2
14.1379 0.605622 0.190322 -0.0364183 2
14.2536 0.605757 0.188426 -0.0365 2
14.3403 0.606308 0.186968 -0.0367923 2
14.4383 0.606864 0.185051 -0.0373395 2
14.5375 0.607848 0.182899 -0.0360423 2
14.6267 0.608145 0.181115 -0.0371054 2
14.7354 0.608569 0.178678 -0.0361785 2
14.8333 0.609409 0.176601 -0.0352644 2
14.9423 0.61001 0.17369 -0.036342 2
15.0292 0.610809 0.171476 -0.0355331 2
15.1356 0.611935 0.168669 -0.0362084 2
15.2397 0.612639 0.165502 -0.0356646 2
15.3386 0.613146 0.162747 -0.0354128 2
15.4439 0.61431 0.159455 -0.0344688 2
15.5378 0.615347 0.156833 -0.0347579 2
15.6347 0.615974 0.15343 -0.036481 2
15.7411 0.617268 0.150014 -0.0343016 2
15.8316 0.618086 0.146789 -0.0335762 2
15.9441 0.619018 0.142735 -0.0354699 2
16.0341 0.619548 0.13958 -0.0344632 2
16.1492 0.620592 0.135439 -0.0350257 2
16.2396 0.621499 0.132256 -0.0339718 2
16.337 0.622085 0.128178 -0.0331948 2
16.4452 0.62284 0.123765 -0.0338445 2
16.5598 0.62429 0.11872 -0.0332177 2
16.6621 0.624951 0.114895 -0.0338646 2
16.7703 0.625771 0.110637 -0.0353991 2
16.8805 0.626512 0.105392 -0.0347846 2
16.9804 0.627362 0.101129 -0.0332367 2
17.0959 0.62844 0.0957301 -0.0309698 2
17.1989 0.628686 0.0914606 -0.0340644 2
17.3136 0.629827 0.0861635 -0.0334497 2
17.4069 0.63049 0.0818937 -0.0339969 2
17.5066 0.630783 0.0769755 -0.0342119 2
17.601 0.631223 0.0727148 -0.0327461 2
17.701 0.631776 0.0675385 -0.0338956 2
17.8136 0.632345 0.0622907 -0.0334954 2
17.9225 0.633437 0.0564519 -0.0318591 2
18.022 0.633679 0.0518708 -0.0323183 2
18.1028 0.634657 0.0474029 -0.0314428 2
18.2036 0.634358 0.0428405 -0.0336814 2
18.3076 0.635684 0.0370756 -0.0299488 2
18.4004 0.634691 0.0328808 -0.0331876 2
18.5119 0.635692 0.0268312 -0.0307224 2
18.6176 0.635582 0.0217505 -0.0323828 2
18.722 0.635691 0.0162388 -0.0324037 2
18.8402 0.635292 0.0103098 -0.033794 2
18.9382 0.636156 0.00519931 -0.0327577 2
19.0489 0.636266 -0.000703424 -0.0317888 2
19.1494 0.635816 -0.00606906 -0.0330225 2
19.2426 0.635217 -0.0110334 -0.0337191 2
19.3386 0.635426 -0.0157415 -0.0345678 2
19.4397 0.635502 -0.0221148 -0.0314531 2
19.5406 0.635362 -0.0267119 -0.0336605 2
19.6398 0.635438 -0.0323229 -0.0330243 2
19.7447 0.635433 -0.0372269 -0.0348253 2
19.8543 0.635898 -0.0430456 -0.0317319 2
19.9462 0.634217 -0.0478013 -0.0346953 2
20.0473 0.63482 -0.0533555 -0.0330796 2
20.1402 0.633702 -0.058313 -0.0350256 2
20.2352 0.633405 -0.0623482 -0.0340516 2
20.3459 0.63314 -0.0684556 -0.0349361 2
20.4386 0.632492 -0.0742396 -0.0321557 2
20.5484 0.632152 -0.0783544 -0.036017 2
20.6474 0.631189 -0.0835942 -0.0342397 2
20.7502 0.631032 -0.0884561 -0.0353718 2
20.848 0.630458 -0.0936105 -0.0315711 2
20.953 0.629332 -0.0981302 -0.0311326 2
21.0599 0.628499 -0.103026 -0.0305388 2
21.1706 0.627414 -0.107775 -0.0300367 2
21.2599 0.626265 -0.110927 -0.0274404 2
21.3722 0.624661 -0.115759 -0.0258937 2
21.4823 0.624296 -0.119724 -0.0253394 2
21.5852 0.623101 -0.124553 -0.0246975 2
21.6937 0.621661 -0.128859 -0.0251488 2
21.7923 0.620771 -0.132665 -0.0248836 2
21.8838 0.619173 -0.13639 -0.0256698 2
21.9913 0.618029 -0.140528 -0.026089 2
22.0889 0.61749 -0.14446 -0.0249728 2
22.1872 0.615796 -0.148091 -0.0246494 2
22.2835 0.614654 -0.151094 -0.0238029 2
22.3924 0.613799 -0.156161 -0.0228874 2
22.4914 0.612804 -0.157467 -0.0254059 2
22.5983 0.611145 -0.161794 -0.0255743 2
22.702 0.609729 -0.164392 -0.0266772 2
22.7959 0.609327 -0.167629 -0.0270447 2
22.9011 0.608683 -0.171162 -0.026719 2
23.0041 0.608254 -0.173946 -0.0272657 2
23.1071 0.607217 -0.177151 -0.0275361 2
23.2156 0.606425 -0.180231 -0.0281613 2
23.3315 0.605947 -0.183253 -0.0283064 2
23.4327 0.605189 -0.185237 -0.0286021 2
23.5356 0.60437 -0.187998 -0.0292981 2
23.6296 0.604581 -0.190237 -0.0281683 2
23.7192 0.602303 -0.192034 -0.0297737 2
23.8203 0.602826 -0.193599 -0.0283553 2
23.9087 0.601273 -0.195453 -0.0292436 2
24.0026 0.601056 -0.19658 -0.0286527 2
24.1006 0.600485 -0.198403 -0.0294284 2
24.201 0.600025 -0.198699 -0.0292611 2
24.2992 0.599473 -0.20004 -0.028297 2
24.3957 0.599056 -0.201184 -0.0256518 3
24.5093 0.598474 -0.202454 -0.0267911 3
24.6036 0.59757 -0.202869 -0.0258477 3
24.7023 0.597809 -0.203244 -0.0257211 3
24.8054 0.597036 -0.203376 -0.0263699 3
24.9149 0.59764 -0.204087 -0.0258802 3
25.0067 0.596645 -0.203768 -0.0262533 3
25.1368 0.596385 -0.203754 -0.02698 3
25.2303 0.596352 -0.204037 -0.0275325 3
25.3227 0.596722 -0.20368 -0.0261255 3
25.4156 0.596398 -0.2037 -0.0272783 3
25.5214 0.596442 -0.203218 -0.026484 3
25.6129 0.596693 -0.2036 -0.0264287 3
25.7127 0.596919 -0.203698 -0.0258457 3
25.8215 0.597053 -0.20397 -0.0256909 3
25.9174 0.596921 -0.20443 -0.0263743 3
26.0053 0.596991 -0.20492 -0.0259761 3
26.1182 0.596621 -0.205046 -0.0261145 3
26.232 0.596936 -0.20511 -0.0251463 3
26.343 0.596867 -0.205506 -0.0252867 3
26.4373 0.596904 -0.205993 -0.0254591 3
26.5347 0.597085 -0.205952 -0.0250788 3
26.644 0.596771 -0.206209 -0.0250897 3
26.7339 0.596901 -0.206383 -0.0243068 3
26.8433 0.597195 -0.206634 -0.0232271 3
26.9396 0.596759 -0.20706 -0.0236551 3
27.0512 0.597184 -0.207509 -0.0229075 3
27.1611 0.597097 -0.207622 -0.0221572 3
27.2539 0.596976 -0.207638 -0.0221501 3
27.348 0.596427 -0.207709 -0.0219553 4
27.4328 0.596743 -0.208072 -0.02043 4
27.5352 0.596504 -0.208125 -0.0197737 4
27.6268 0.596489 -0.208166 -0.0202957 4
27.738 0.596073 -0.207876 -0.0202228 4
27.818 0.596811 -0.208034 -0.0194945 4
27.918 0.596626 -0.208247 -0.0190205 4
28.0233 0.596374 -0.208365 -0.0194066 4
28.1186 0.596089 -0.208564 -0.0187102 4
28.253 0.595949 -0.208676 -0.0190271 4
28.3478 0.596037 -0.208659 -0.0181295 4
28.4343 0.596242 -0.208426 -0.0189121 4
28.5416 0.596007 -0.207516 -0.0192551 4
28.6306 0.59699 -0.20645 -0.0184467 4
28.7351 0.596108 -0.205497 -0.0185051 4
28.846 0.59604 -0.20373 -0.0206302 4
28.9469 0.596697 -0.201905 -0.0192494 4
29.0538 0.596649 -0.199885 -0.0203033 4
29.1513 0.596388 -0.198953 -0.0209786 4
29.2426 0.596945 -0.196635 -0.0204184 4
29.3469 0.596343 -0.19422 -0.0199609 4
29.444 0.597636 -0.191641 -0.0207048 4
29.5378 0.596397 -0.189706 -0.020777 4
29.6414 0.596551 -0.18752 -0.0218362 4
29.7449 0.596892 -0.185311 -0.0220875 4
29.8525 0.597316 -0.183225 -0.0223051 4
29.9452 0.596918 -0.181411 -0.023244 4
30.0533 0.597389 -0.178713 -0.0241995 4
30.1527 0.597699 -0.176876 -0.0252579 4
30.2451 0.596912 -0.176391 -0.0265089 4
30.3372 0.597397 -0.174709 -0.0281394 4
30.4395 0.597516 -0.172389 -0.0292324 4
30.5332 0.597318 -0.170629 -0.0262398 4
30.644 0.597354 -0.169211 -0.0258876 4
30.7469 0.59758 -0.166771 -0.0245884 4
30.8403 0.596618 -0.165992 -0.0242066 4
30.939 0.596207 -0.16485 -0.0232796 4
31.0605 0.596521 -0.163979 -0.0231517 5
31.1628 0.596299 -0.162997 -0.0234403 5
31.2413 0.596143 -0.162528 -0.0213118 5
31.3728 0.595852 -0.16308 -0.0214224 5
31.4694 0.59627 -0.165098 -0.0201034 5
31.5929 0.595789 -0.165662 -0.0200048 5
31.6818 0.59605 -0.165759 -0.0209834 5
31.812 0.596495 -0.166068 -0.0219642 5
31.8959 0.596648 -0.167194 -0.0208016 5
31.9985 0.596819 -0.16691 -0.0217217 5
32.0822 0.596613 -0.167151 -0.0214893 5
32.1819 0.596833 -0.167063 -0.0224963 5
32.306 0.596626 -0.167062 -0.0216709 5
32.4065 0.596489 -0.168237 -0.0225501 5
32.5303 0.596814 -0.16826 -0.0223523 5
32.6181 0.596666 -0.168947 -0.0220752 5
32.7372 0.596819 -0.168841 -0.0222596 5
32.831 0.597536 -0.16898 -0.0219053 5
32.9496 0.597521 -0.168804 -0.0229935 5
33.0472 0.59767 -0.169358 -0.0236296 5
33.1655 0.598414 -0.169082 -0.0231202 5
33.2476 0.598 -0.169761 -0.0224091 5
33.363 0.598198 -0.169768 -0.0227507 5
33.4373 0.598468 -0.170459 -0.0234753 5
33.5677 0.598476 -0.170584 -0.0245055 5
33.6922 0.599248 -0.171716 -0.0237123 5
33.8128 0.599155 -0.171934 -0.0242169 5
33.9076 0.599436 -0.171996 -0.0239579 5
34.0021 0.59933 -0.172124 -0.024189 5
34.0996 0.599428 -0.172582 -0.02487 5
34.2164 0.59945 -0.173451 -0.0242064 5
34.3293 0.599794 -0.173949 -0.024184 5
34.4211 0.600447 -0.173759 -0.0251022 5
34.5157 0.600298 -0.174173 -0.0256296 5
34.6119 0.600639 -0.174389 -0.0259497 5
34.7263 0.601108 -0.174744 -0.0262271 5
34.8247 0.601241 -0.174495 -0.0254874 5
34.9389 0.600943 -0.174072 -0.0266408 5
35.0275 0.601656 -0.175652 -0.0259768 5
35.1327 0.601828 -0.176108 -0.0265056 5
35.2435 0.602015 -0.176548 -0.02528 5
35.3574 0.603623 -0.1771 -0.0266459 5
35.4479 0.602053 -0.176893 -0.0282134 5
35.5698 0.603281 -0.17626 -0.027698 5
35.6687 0.603462 -0.176374 -0.0280322 5
35.7713 0.604065 -0.175777 -0.028579 5
35.8559 0.602848 -0.177484 -0.0277396 5
35.9652 0.603437 -0.176627 -0.0282048 5
36.0765 0.603721 -0.176894 -0.0279757 6
36.1874 0.604207 -0.176857 -0.0292069 6
36.2815 0.604009 -0.176954 -0.0279495 6
36.3946 0.604322 -0.177491 -0.0280207 6
36.4919 0.604751 -0.17711 -0.0281482 6
36.6177 0.604899 -0.177703 -0.0275533 6
36.7031 0.604612 -0.177341 -0.0297663 6
36.8194 0.604049 -0.177507 -0.0283827 6
36.9121 0.603579 -0.177297 -0.0280014 6
37.0202 0.603757 -0.17762 -0.0290937 6
37.1309 0.604869 -0.177322 -0.0284216 6
37.2263 0.604052 -0.177529 -0.029036 6
37.3056 0.604306 -0.177341 -0.0286831 6
37.4151 0.604175 -0.177658 -0.0284698 6
37.5066 0.604333 -0.17753 -0.0282908 6
37.6021 0.604132 -0.177437 -0.0285001 6
37.698 0.604143 -0.177395 -0.0287949 6
37.7898 0.604568 -0.177385 -0.029448 6
37.9015 0.604927 -0.177447 -0.0286856 6
37.9995 0.604984 -0.177477 -0.0282545 6
38.1002 0.604088 -0.177679 -0.0285585 6
38.1994 0.604646 -0.177379 -0.0281262 6
38.2935 0.604692 -0.177344 -0.0292207 6
38.382 0.604822 -0.177605 -0.0286746 6
