8.36849e-05 0.364036 0.202238 -0.0857183 0
0.096519 0.363953 0.202216 -0.0859893 0
0.201208 0.363932 0.202368 -0.0869029 0
0.2997 0.364019 0.202306 -0.0862146 0
0.406869 0.364 0.202359 -0.0856954 0
0.499931 0.363982 0.202364 -0.0859888 0
0.603998 0.363902 0.202219 -0.0858586 0
0.715598 0.364068 0.202364 -0.0868372 0
0.804156 0.363919 0.202294 -0.0859918 0
0.898825 0.36405 0.202364 -0.0864827 0
1.01534 0.364102 0.202368 -0.0863239 0
1.1296 0.363955 0.202383 -0.0868534 0
1.24308 0.364077 0.202204 -0.0858319 0
1.32947 0.364169 0.202298 -0.0856334 0
1.42849 0.36397 0.202206 -0.0858593 0
1.54479 0.363988 0.202285 -0.0858655 0
1.64911 0.363949 0.20226 -0.0854101 0
1.76323 0.364016 0.20228 -0.0862146 0
1.86073 0.364047 0.202212 -0.0854803 0
1.96586 0.363968 0.202169 -0.0855396 0
2.0703 0.363981 0.202231 -0.0862526 0
2.16976 0.363973 0.202362 -0.0865201 0
2.29034 0.364021 0.202376 -0.0855097 0
2.37859 0.363874 0.202261 -0.0864337 0
2.48405 0.363998 0.202325 -0.0864187 0
2.5846 0.363978 0.202282 -0.0866192 0
2.70583 0.363858 0.202373 -0.0872812 0
2.80775 0.364087 0.202327 -0.0860712 0
2.91451 0.364025 0.202343 -0.0868177 0
3.00402 0.364015 0.202465 -0.0855593 0
3.12228 0.364158 0.202564 -0.0864748 0
3.21972 0.364647 0.202917 -0.0854285 0
3.31828 0.364375 0.203139 -0.0860699 0
3.42547 0.364295 0.202988 -0.0859808 0
3.51686 0.364247 0.20335 -0.085332 0
3.62703 0.364306 0.203312 -0.085484 0
3.71878 0.364378 0.203524 -0.0849625 0
3.82741 0.364486 0.203977 -0.0837983 0
3.93902 0.364666 0.203968 -0.0834406 0
4.03905 0.364872 0.204461 -0.0829688 0
4.13692 0.364717 0.204583 -0.0816291 0
4.23616 0.364578 0.204588 -0.0815976 0
4.33867 0.36323 0.204985 -0.0806658 0
4.43794 0.362845 0.205475 -0.0814567 0
4.54459 0.361564 0.205988 -0.0819564 0
4.63797 0.364366 0.206463 -0.08397 0
4.74663 0.365047 0.206439 -0.0820459 0
4.85404 0.365157 0.206569 -0.0803495 0
4.95269 0.36383 0.206959 -0.0807093 0
5.05496 0.362869 0.207274 -0.0798722 0
5.1627 0.363815 0.207521 -0.0788829 0
5.2692 0.362952 0.207502 -0.0773454 0
5.37635 0.362494 0.207888 -0.0771892 0
5.47504 0.362228 0.207674 -0.0755326 0
5.59503 0.361999 0.207896 -0.0750293 0
5.67324 0.362344 0.208252 -0.0754711 0
5.78227 0.362343 0.208171 -0.0739143 0
5.88941 0.362776 0.208028 -0.0717552 0
5.99137 0.363015 0.207903 -0.0691852 0
6.0927 0.36267 0.208081 -0.0695394 0
6.19599 0.363044 0.208152 -0.0677117 0
6.29723 0.362973 0.208165 -0.0665218 0
6.40396 0.361897 0.208348 -0.0666874 0
6.50472 0.363777 0.208405 -0.0646853 0
6.60626 0.362242 0.208457 -0.0647015 0
6.70036 0.363497 0.208098 -0.0605303 0
6.79629 0.362632 0.208292 -0.0615416 0
6.89632 0.362578 0.208262 -0.0601427 0
6.99957 0.362914 0.208086 -0.0588178 0
7.09513 0.365566 0.208316 -0.0562204 0
7.19903 0.36415 0.208019 -0.0551238 1
7.29569 0.363551 0.208185 -0.0549679 1
7.39859 0.363644 0.20798 -0.0544284 1
7.49174 0.364308 0.207817 -0.0534608 1
7.59761 0.363874 0.207972 -0.0536637 1
7.69609 0.363345 0.207731 -0.0531762 1
7.81066 0.36389 0.207817 -0.0526074 1
7.90859 0.362869 0.207743 -0.0524724 1
8.00826 0.364003 0.207819 -0.0523975 1
8.10151 0.364145 0.207934 -0.0520971 1
8.21327 0.36425 0.20802 -0.0536279 1
8.30279 0.364369 0.207861 -0.0523589 1
8.41708 0.36595 0.208109 -0.0520427 1
8.5089 0.366737 0.208121 -0.0511323 1
8.61904 0.366296 0.208128 -0.0521418 1
8.71705 0.368778 0.208435 -0.0528249 1
8.82246 0.369829 0.208528 -0.0528662 1
8.92677 0.372425 0.208819 -0.0521586 1
9.02968 0.375667 0.208713 -0.0499138 1
9.13438 0.377267 0.208625 -0.0510692 1
9.22922 0.380037 0.209036 -0.0508123 1
9.34047 0.381806 0.209427 -0.051594 1
9.42835 0.384473 0.208899 -0.0507821 1
9.54051 0.387264 0.209052 -0.0493986 1
9.63147 0.390089 0.209061 -0.0495856 1
9.74421 0.393015 0.209076 -0.048708 1
9.8392 0.397353 0.209255 -0.0486259 1
9.94412 0.400776 0.208996 -0.0480876 1
10.0374 0.40328 0.209124 -0.0481151 1
10.1529 0.406445 0.209269 -0.0477303 1
10.2528 0.410379 0.209161 -0.0476531 1
10.3572 0.41238 0.208523 -0.0465257 1
10.4704 0.417152 0.208345 -0.0442729 1
10.5616 0.420526 0.208622 -0.0463884 1
10.6734 0.422612 0.208625 -0.0470732 1
10.7676 0.427029 0.208298 -0.046178 1
10.8821 0.430746 0.207854 -0.0438128 1
10.9785 0.434055 0.208069 -0.0453562 1
11.0723 0.435112 0.207968 -0.0466058 1
11.1771 0.440714 0.207794 -0.0463845 1
11.2861 0.44376 0.207162 -0.0446121 1
11.3795 0.446297 0.207038 -0.0461374 1
11.5038 0.449679 0.207123 -0.0461448 1
11.5997 0.453147 0.206694 -0.045082 1
11.698 0.45638 0.206458 -0.0466144 1
11.8041 0.458825 0.20642 -0.0457588 1
11.8978 0.460105 0.206016 -0.046577 1
12.0115 0.4625 0.205656 -0.0457435 1
12.107 0.464076 0.205533 -0.0467752 1
12.1975 0.466771 0.20553 -0.0478801 1
12.3092 0.468302 0.205049 -0.0469654 1
12.4131 0.469505 0.204783 -0.0480517 2
12.5127 0.471123 0.204496 -0.04764 2
12.6014 0.472652 0.204875 -0.0477683 2
12.7044 0.474026 0.204613 -0.0480545 2
12.809 0.474188 0.204618 -0.0479209 2
12.9087 0.47396 0.204632 -0.0493608 2
13.0303 0.474154 0.20446 -0.0490485 2
13.128 0.473934 0.204313 -0.04856 2
13.2362 0.474366 0.204098 -0.0493027 2
13.3314 0.474437 0.203619 -0.0479836 2
13.4259 0.474847 0.203245 -0.0474636 2
13.5589 0.47493 0.202361 -0.0482535 2
13.6717 0.475125 0.201366 -0.047259 2
13.7995 0.475335 0.200257 -0.0473343 2
13.9144 0.475646 0.198546 -0.0469737 2
14.0264 0.475923 0.197235 -0.0487121 2
14.1379 0.477324 0.195836 -0.0474985 2
14.2536 0.477099 0.193785 -0.0480593 2
14.3403 0.478352 0.192138 -0.046848 2
14.4383 0.47799 0.190193 -0.0477401 2
14.5375 0.479309 0.188637 -0.0479293 2
14.6267 0.479338 0.186336 -0.0478225 2
14.7354 0.480927 0.183912 -0.0453962 2
14.8333 0.480783 0.181966 -0.0468125 2
14.9423 0.481622 0.178799 -0.0470148 2
15.0292 0.482189 0.176925 -0.0474364 2
15.1356 0.483782 0.17382 -0.0457494 2
15.2397 0.48422 0.170956 -0.0464914 2
15.3386 0.486013 0.167974 -0.0441948 2
15.4439 0.486176 0.164821 -0.0451539 2
15.5378 0.486892 0.161997 -0.0443865 2
15.6347 0.488639 0.158634 -0.0464369 2
15.7411 0.489201 0.155371 -0.0451259 2
15.8316 0.490017 0.152385 -0.0463602 2
15.9441 0.489737 0.148201 -0.0471854 2
16.0341 0.491451 0.145089 -0.0458166 2
16.1492 0.492736 0.14059 -0.0441926 2
16.2396 0.493326 0.137442 -0.0442097 2
16.337 0.495577 0.133485 -0.0432829 2
16.4452 0.494794 0.129115 -0.04519 2
16.5598 0.496384 0.124677 -0.0454234 2
16.6621 0.496725 0.119984 -0.0464398 2
16.7703 0.496473 0.115975 -0.0474491 2
16.8805 0.498308 0.110547 -0.0465725 2
16.9804 0.497911 0.106467 -0.0451672 2
17.0959 0.498187 0.101093 -0.0456089 2
17.1989 0.499997 0.096603 -0.0468638 2
17.3136 0.501323 0.0915222 -0.0461191 2
17.4069 0.502906 0.0871769 -0.0444722 2
17.5066 0.503526 0.0824593 -0.045723 2
17.601 0.503327 0.0777132 -0.0429315 2
17.701 0.50317 0.0728334 -0.0443275 2
17.8136 0.503839 0.0675462 -0.044377 2
17.9225 0.503566 0.0621251 -0.0436385 2
18.022 0.505006 0.0569968 -0.044619 2
18.1028 0.504854 0.0526601 -0.0448374 2
18.2036 0.505605 0.0480403 -0.0439638 2
18.3076 0.505986 0.0426806 -0.0420092 2
18.4004 0.507158 0.0380551 -0.0398895 2
18.5119 0.507345 0.0323206 -0.039648 2
18.6176 0.507376 0.0268416 -0.0425876 2
18.722 0.506831 0.0217823 -0.0423209 2
18.8402 0.507747 0.0156003 -0.0444221 2
18.9382 0.508047 0.0101663 -0.042536 2
19.0489 0.508693 0.00464195 -0.0401672 2
19.1494 0.508089 -0.000881851 -0.0436013 2
19.2426 0.50826 -0.00588188 -0.0447665 2
19.3386 0.508103 -0.0109367 -0.0470011 2
19.4397 0.50759 -0.0166189 -0.0447697 2
19.5406 0.508377 -0.0217926 -0.046981 2
19.6398 0.507782 -0.0271094 -0.0455083 2
19.7447 0.508016 -0.0323941 -0.0456459 2
19.8543 0.507414 -0.0382423 -0.0439005 2
19.9462 0.507144 -0.0427274 -0.0474005 2
20.0473 0.506569 -0.0484498 -0.0439485 2
20.1402 0.506083 -0.0531857 -0.0493143 2
20.2352 0.505414 -0.0571559 -0.0469401 2
20.3459 0.505453 -0.0634297 -0.0474887 2
20.4386 0.504834 -0.0691996 -0.043632 2
20.5484 0.503744 -0.0736426 -0.0454677 2
20.6474 0.50342 -0.07826 -0.0460184 2
20.7502 0.502419 -0.0835141 -0.0468957 2
20.848 0.502352 -0.0882102 -0.047035 2
20.953 0.50116 -0.0929593 -0.0442631 2
21.0599 0.499443 -0.0977024 -0.0447476 2
21.1706 0.497732 -0.102462 -0.0420947 2
21.2599 0.497411 -0.105726 -0.0396707 2
21.3722 0.496017 -0.111129 -0.0404019 2
21.4823 0.494989 -0.114538 -0.0389768 2
21.5852 0.494903 -0.119343 -0.0408765 2
21.6937 0.493407 -0.123288 -0.0395542 2
21.7923 0.49149 -0.127056 -0.042321 2
21.8838 0.490275 -0.130475 -0.043121 2
21.9913 0.489635 -0.134795 -0.0425909 2
22.0889 0.488127 -0.138645 -0.043756 2
22.1872 0.487658 -0.143051 -0.0432423 2
22.2835 0.486583 -0.145831 -0.043111 2
22.3924 0.485291 -0.15061 -0.0431342 2
22.4914 0.484876 -0.152554 -0.0424857 2
22.5983 0.483714 -0.156579 -0.0432389 2
22.702 0.482318 -0.159197 -0.0417883 2
22.7959 0.481679 -0.162445 -0.0415093 2
22.9011 0.480292 -0.165806 -0.0421299 2
23.0041 0.478603 -0.169339 -0.0418904 2
23.1071 0.47688 -0.172134 -0.0446021 2
23.2156 0.476087 -0.175058 -0.0449674 2
23.3315 0.475792 -0.178499 -0.0447428 2
23.4327 0.474854 -0.18037 -0.0442319 2
23.5356 0.474106 -0.183127 -0.0445605 2
23.6296 0.473614 -0.184918 -0.0434701 2
23.7192 0.47291 -0.187006 -0.0435547 2
23.8203 0.472441 -0.189007 -0.0429109 2
23.9087 0.471739 -0.190134 -0.0430155 2
24.0026 0.471093 -0.191733 -0.0423054 2
24.1006 0.470706 -0.193188 -0.0418139 2
24.201 0.470055 -0.194528 -0.0420267 2
24.2992 0.468909 -0.195338 -0.0417627 2
24.3957 0.468833 -0.196882 -0.0403944 3
24.5093 0.467975 -0.197888 -0.0418553 3
24.6036 0.46784 -0.19877 -0.0410809 3
24.7023 0.467753 -0.199156 -0.040168 3
24.8054 0.467236 -0.199767 -0.0407167 3
24.9149 0.466565 -0.199803 -0.0405173 3
25.0067 0.467037 -0.20006 -0.0410956 3
25.1368 0.467017 -0.19983 -0.040817 3
25.2303 0.466617 -0.199945 -0.0414399 3
25.3227 0.466696 -0.199625 -0.0401065 3
25.4156 0.467544 -0.20033 -0.0411895 3
25.5214 0.467568 -0.199841 -0.040948 3
25.6129 0.466866 -0.199707 -0.0410058 3
25.7127 0.466337 -0.200032 -0.040709 3
25.8215 0.466612 -0.200099 -0.0404756 3
25.9174 0.466558 -0.200365 -0.0411387 3
26.0053 0.466697 -0.200795 -0.0403904 3
26.1182 0.466808 -0.200832 -0.0402741 3
26.232 0.466487 -0.200829 -0.0409162 3
26.343 0.465957 -0.201048 -0.0404955 3
26.4373 0.466903 -0.20124 -0.0400248 3
26.5347 0.466433 -0.201519 -0.0396239 3
26.644 0.465845 -0.201365 -0.040613 3
26.7339 0.465988 -0.201497 -0.0398214 3
26.8433 0.465446 -0.201839 -0.0393584 3
26.9396 0.465139 -0.202279 -0.0398496 3
27.0512 0.466437 -0.202572 -0.0379955 3
27.1611 0.466734 -0.202836 -0.0382964 3
27.2539 0.465719 -0.20293 -0.0383336 3
27.348 0.466148 -0.203296 -0.0383003 4
27.4328 0.465831 -0.203386 -0.0368803 4
27.5352 0.466033 -0.203764 -0.0366839 4
27.6268 0.466104 -0.203535 -0.0365234 4
27.738 0.465669 -0.203066 -0.0370082 4
27.818 0.466445 -0.203985 -0.0350324 4
27.918 0.466066 -0.204314 -0.0346417 4
28.0233 0.465908 -0.203983 -0.0357659 4
28.1186 0.466161 -0.204694 -0.0354352 4
28.253 0.465986 -0.204733 -0.0353658 4
28.3478 0.466047 -0.20464 -0.0343441 4
28.4343 0.466044 -0.204303 -0.0347224 4
28.5416 0.466109 -0.203232 -0.0354068 4
28.6306 0.466175 -0.20323 -0.0347263 4
28.7351 0.466026 -0.201662 -0.0353788 4
28.846 0.465871 -0.199993 -0.0359472 4
28.9469 0.46629 -0.198276 -0.0361542 4
29.0538 0.466762 -0.196502 -0.0373251 4
29.1513 0.465968 -0.195324 -0.0377379 4
29.2426 0.467277 -0.193573 -0.0374453 4
29.3469 0.466662 -0.191077 -0.0376136 4
29.444 0.467043 -0.188747 -0.0384743 4
29.5378 0.467391 -0.186181 -0.0377065 4
29.6414 0.46666 -0.184056 -0.0384719 4
29.7449 0.465775 -0.181865 -0.0410908 4
29.8525 0.467587 -0.179536 -0.0402889 4
29.9452 0.466573 -0.177632 -0.0422912 4
30.0533 0.46716 -0.175435 -0.0416473 4
30.1527 0.466677 -0.174037 -0.0444345 4
30.2451 0.467577 -0.172179 -0.0436422 4
30.3372 0.467617 -0.170654 -0.0449766 4
30.4395 0.466653 -0.168153 -0.045866 4
30.5332 0.467268 -0.165993 -0.0425741 4
30.644 0.466875 -0.164222 -0.0416413 4
30.7469 0.466598 -0.162157 -0.0403801 4
30.8403 0.46634 -0.160312 -0.0398231 4
30.939 0.466137 -0.159076 -0.0383337 4
31.0605 0.466659 -0.157417 -0.0376245 5
31.1628 0.466665 -0.157438 -0.0369128 5
31.2413 0.466877 -0.157719 -0.0353147 5
31.3728 0.466982 -0.157558 -0.0353007 5
31.4694 0.46652 -0.159493 -0.0339651 5
31.5929 0.466593 -0.160319 -0.0340419 5
31.6818 0.467375 -0.160017 -0.0341104 5
31.812 0.466484 -0.159879 -0.0362888 5
31.8959 0.467047 -0.160985 -0.0347528 5
31.9985 0.466698 -0.161021 -0.0357342 5
32.0822 0.46669 -0.160982 -0.0352591 5
32.1819 0.466708 -0.160971 -0.0371371 5
32.306 0.466438 -0.161078 -0.0367151 5
32.4065 0.466628 -0.16219 -0.0361886 5
32.5303 0.465982 -0.16245 -0.0366958 5
32.6181 0.466143 -0.163225 -0.0371502 5
32.7372 0.46646 -0.163172 -0.0369553 5
32.831 0.466624 -0.163733 -0.0373255 5
32.9496 0.466693 -0.163253 -0.036631 5
33.0472 0.466813 -0.163883 -0.038024 5
33.1655 0.466828 -0.163993 -0.0383414 5
33.2476 0.466995 -0.164582 -0.0377035 5
33.363 0.466239 -0.164947 -0.0394366 5
33.4373 0.466514 -0.165856 -0.0389952 5
33.5677 0.467617 -0.165869 -0.0379614 5
33.6922 0.467702 -0.166524 -0.0383448 5
33.8128 0.467833 -0.166227 -0.0401013 5
33.9076 0.467614 -0.167373 -0.0400776 5
34.0021 0.467455 -0.167712 -0.0408964 5
34.0996 0.467663 -0.167342 -0.0401452 5
34.2164 0.468124 -0.169338 -0.0398099 5
34.3293 0.468762 -0.169731 -0.0386541 5
34.4211 0.468299 -0.169276 -0.0407056 5
34.5157 0.468674 -0.169122 -0.0413488 5
34.6119 0.469036 -0.169524 -0.0414096 5
34.7263 0.470407 -0.170042 -0.0393559 5
34.8247 0.470112 -0.169627 -0.040297 5
34.9389 0.47116 -0.169081 -0.0387127 5
35.0275 0.471455 -0.170931 -0.0378187 5
35.1327 0.47189 -0.171133 -0.0378809 5
35.2435 0.471918 -0.171143 -0.0382493 5
35.3574 0.471997 -0.171421 -0.0392112 5
35.4479 0.47193 -0.171147 -0.0397779 5
35.5698 0.472521 -0.171559 -0.0395818 5
35.6687 0.473827 -0.170978 -0.040019 5
35.7713 0.473836 -0.170777 -0.0398003 5
35.8559 0.474027 -0.172173 -0.0392752 5
35.9652 0.473814 -0.172118 -0.0397013 5
36.0765 0.474147 -0.1717 -0.0390877 6
36.1874 0.473879 -0.172008 -0.040599 6
36.2815 0.474147 -0.172156 -0.0401475 6
36.3946 0.474394 -0.17217 -0.0391134 6
36.4919 0.473973 -0.172212 -0.0395782 6
36.6177 0.474338 -0.172697 -0.039288 6
36.7031 0.473763 -0.172354 -0.0412279 6
36.8194 0.474143 -0.172781 -0.0401328 6
36.9121 0.47385 -0.172825 -0.0403713 6
37.0202 0.473519 -0.172893 -0.0415134 6
37.1309 0.47387 -0.172791 -0.0408921 6
37.2263 0.474079 -0.172406 -0.0413656 6
37.3056 0.474121 -0.172817 -0.040139 6
37.4151 0.473863 -0.172284 -0.0407017 6
37.5066 0.473838 -0.172561 -0.0407611 6
37.6021 0.47358 -0.173033 -0.0412741 6
37.698 0.474209 -0.172781 -0.0409851 6
37.7898 0.47349 -0.172812 -0.0415394 6
37.9015 0.473847 -0.172798 -0.0410981 6
37.9995 0.474184 -0.172353 -0.040314 6
38.1002 0.473942 -0.172282 -0.0399531 6
38.1994 0.474136 -0.172598 -0.0398668 6
38.2935 0.474061 -0.172753 -0.040863 6
38.382 0.473738 -0.172363 -0.0407643 6
