8.36849e-05 0.427188 0.104898 0.170666 0 0
0.096519 0.427184 0.104881 0.170649 0 0
0.201208 0.427178 0.104894 0.170677 0 0
0.2997 0.427178 0.104892 0.170683 0 0
0.406869 0.427178 0.104914 0.170683 0 0
0.499931 0.427174 0.104907 0.170677 0 0
0.603998 0.427181 0.104902 0.170651 0 0
0.715598 0.427183 0.104913 0.170682 0 0
0.804156 0.427179 0.10488 0.170681 0 0
0.898825 0.427181 0.104912 0.170674 0 0
1.01534 0.427185 0.104918 0.170692 0 0
1.1296 0.427176 0.104905 0.170686 0 0
1.24308 0.427177 0.10489 0.170663 0 0
1.32947 0.427183 0.104916 0.170697 0 0
1.42849 0.427169 0.104908 0.170647 0 0
1.54479 0.427178 0.104891 0.170683 0 0
1.64911 0.427193 0.104886 0.170686 0 0
1.76323 0.427177 0.104892 0.170676 0 0
1.86073 0.427174 0.104911 0.170667 0 0
1.96586 0.427174 0.104892 0.170655 0 0
2.0703 0.427183 0.104902 0.170668 0 0
2.16976 0.427173 0.104909 0.170675 0 0
2.29034 0.427189 0.104914 0.170689 0 0
2.37859 0.427179 0.1049 0.170676 0 0
2.48405 0.427182 0.104907 0.170667 0 0
2.5846 0.427174 0.104892 0.170667 0 0
2.70583 0.427184 0.104908 0.170676 0 0
2.80775 0.427188 0.104911 0.170682 0 0
2.91451 0.427167 0.104898 0.170754 0 0
3.00402 0.427208 0.10492 0.171054 0 0
3.12228 0.427258 0.104939 0.171507 0 0
3.21972 0.427335 0.104976 0.172098 0 0
3.31828 0.427398 0.105031 0.172742 0 0
3.42547 0.427439 0.105004 0.173493 0 0
3.51686 0.427513 0.105012 0.174317 0 0
3.62703 0.427603 0.105006 0.175281 0 0
3.71878 0.427692 0.105068 0.176317 0 0
3.82741 0.427819 0.105066 0.177543 0 0
3.93902 0.427897 0.105119 0.178859 0 0
4.03905 0.427988 0.105141 0.18016 0 0
4.13692 0.42811 0.10519 0.181597 0 0
4.23616 0.428187 0.105177 0.182961 0 0
4.33867 0.428277 0.105196 0.184536 0 0
4.43794 0.428384 0.105234 0.18613 0 0
4.54459 0.428467 0.105244 0.187835 0 0
4.63797 0.428554 0.105247 0.189472 0 0
4.74663 0.428632 0.105237 0.191208 0 0
4.85404 0.428713 0.105247 0.19302 0 0
4.95269 0.428788 0.105241 0.194866 0 0
5.05496 0.428831 0.105228 0.19658 0 0
5.1627 0.428919 0.105245 0.198634 0 0
5.2692 0.428939 0.105235 0.200514 0 0
5.37635 0.428968 0.105185 0.20253 0 0
5.47504 0.428998 0.105133 0.204263 0 0
5.59503 0.429 0.105109 0.206442 0 0
5.67324 0.429003 0.105089 0.207863 0 0
5.78227 0.428999 0.10504 0.209859 0 0
5.88941 0.428976 0.104991 0.211646 0 0
5.99137 0.428954 0.104928 0.213385 0 0
6.0927 0.428921 0.10488 0.215143 0 0
6.19599 0.42889 0.104854 0.216661 0 0
6.29723 0.428837 0.104781 0.218319 0 0
6.40396 0.428788 0.104724 0.219857 0 0
6.50472 0.428772 0.104673 0.22135 0 0
6.60626 0.428714 0.104621 0.222782 0 0
6.70036 0.428667 0.104546 0.223928 0 0
6.79629 0.428609 0.104509 0.225016 0 0
6.89632 0.42856 0.104452 0.226228 0 0
6.99957 0.428504 0.104402 0.227258 0 0
7.09513 0.42846 0.104377 0.228147 0 0
7.19903 0.428415 0.10432 0.228973 0 1
7.29569 0.42839 0.104287 0.229615 0 1
7.39859 0.428352 0.104278 0.23018 0 1
7.49174 0.428328 0.104237 0.230594 0 1
7.59761 0.42832 0.104218 0.230858 0 1
7.69609 0.428312 0.104195 0.231008 0 1
7.81066 0.428294 0.104201 0.231046 0 1
7.90859 0.428304 0.104192 0.231066 0 1
8.00826 0.42838 0.104207 0.23108 0 1
8.10151 0.428761 0.10423 0.231156 0 1
8.21327 0.429433 0.104297 0.231226 0 1
8.30279 0.430243 0.104377 0.231267 0 1
8.41708 0.431456 0.104471 0.231416 0 1
8.5089 0.432666 0.104563 0.231551 0 1
8.61904 0.434232 0.104735 0.231715 0 1
8.71705 0.436008 0.104863 0.231999 0 1
8.82246 0.437951 0.104952 0.232179 0 1
8.92677 0.44008 0.105121 0.232384 0 1
9.02968 0.442349 0.105257 0.232561 0 1
9.13438 0.444784 0.105442 0.232762 0 1
9.22922 0.446959 0.105591 0.232989 0 1
9.34047 0.449875 0.10574 0.233266 0 1
9.42835 0.452477 0.105827 0.233457 0 1
9.54051 0.455624 0.105955 0.233606 0 1
9.63147 0.458187 0.106086 0.233785 0 1
9.74421 0.461551 0.106195 0.233959 0 1
9.8392 0.464502 0.106273 0.23419 0 1
9.94412 0.467759 0.10628 0.234258 0 1
10.0374 0.470824 0.106336 0.234388 0 1
10.1529 0.474437 0.106444 0.234523 0 1
10.2528 0.477807 0.106456 0.234605 0 1
10.3572 0.481156 0.106354 0.234556 0 1
10.4704 0.484861 0.106362 0.234579 0 1
10.5616 0.487752 0.106371 0.234653 0 1
10.6734 0.491343 0.106253 0.234601 0 1
10.7676 0.49445 0.106099 0.234591 0 1
10.8821 0.498011 0.106015 0.23451 0 1
10.9785 0.501049 0.105967 0.234489 0 1
11.0723 0.503966 0.105837 0.234354 0 1
11.1771 0.507113 0.105607 0.23428 0 1
11.2861 0.510377 0.105375 0.234088 0 1
11.3795 0.512882 0.10525 0.233958 0 1
11.5038 0.51632 0.105037 0.233754 0 1
11.5997 0.518777 0.104809 0.23362 0 1
11.698 0.521154 0.104582 0.233475 0 1
11.8041 0.523779 0.104403 0.233286 0 1
11.8978 0.525674 0.104218 0.233158 0 1
12.0115 0.528062 0.104011 0.232886 0 1
12.107 0.529792 0.103873 0.232727 0 1
12.1975 0.531138 0.103766 0.232654 0 1
12.3092 0.53288 0.103517 0.232499 0 1
12.4131 0.534197 0.103361 0.232364 0 2
12.5127 0.535196 0.103269 0.23227 0 2
12.6014 0.535946 0.103248 0.232255 0 2
12.7044 0.536583 0.103166 0.232158 0 2
12.809 0.536918 0.10313 0.232116 0 2
12.9087 0.536997 0.103085 0.232083 0 2
13.0303 0.537002 0.103083 0.232082 0 2
13.128 0.53702 0.103039 0.232105 0 2
13.2362 0.537134 0.102728 0.232046 0 2
13.3314 0.537276 0.102396 0.23204 0 2
13.4259 0.537473 0.101884 0.232093 0 2
13.5589 0.537808 0.101051 0.232106 0 2
13.6717 0.538189 0.100071 0.232133 0 2
13.7995 0.538693 0.0987562 0.232167 0 2
13.9144 0.539195 0.0973749 0.232175 0 2
14.0264 0.539775 0.0958246 0.232193 0 2
14.1379 0.540348 0.0943545 0.232239 0 2
14.2536 0.541053 0.0924423 0.232246 0 2
14.3403 0.541634 0.09083 0.232272 0 2
14.4383 0.542275 0.0890743 0.232246 0 2
14.5375 0.54295 0.0872292 0.232314 0 2
14.6267 0.543574 0.0853906 0.232296 0 2
14.7354 0.544461 0.082868 0.23233 0 2
14.8333 0.545222 0.0807217 0.232359 0 2
14.9423 0.546137 0.0779121 0.232435 0 2
15.0292 0.546897 0.0757099 0.232463 0 2
15.1356 0.547778 0.0729807 0.232472 0 2
15.2397 0.548698 0.0700273 0.232483 0 2
15.3386 0.549647 0.0671209 0.232543 0 2
15.4439 0.550626 0.0639206 0.232578 0 2
15.5378 0.55143 0.0613237 0.232615 0 2
15.6347 0.55242 0.0579196 0.232639 0 2
15.7411 0.553418 0.0546214 0.232725 0 2
15.8316 0.554242 0.051585 0.232788 0 2
15.9441 0.555293 0.0477408 0.232791 0 2
16.0341 0.556161 0.0444882 0.232832 0 2
16.1492 0.557293 0.040171 0.232885 0 2
16.2396 0.558116 0.0368647 0.232925 0 2
16.337 0.559025 0.0332309 0.232949 0 2
16.4452 0.560047 0.0288719 0.232927 0 2
16.5598 0.561065 0.02433 0.232979 0 2
16.6621 0.561996 0.0201308 0.233012 0 2
16.7703 0.562944 0.0157755 0.233132 0 2
16.8805 0.563874 0.0109787 0.233098 0 2
16.9804 0.564767 0.00650597 0.233143 0 2
17.0959 0.565663 0.00160964 0.23315 0 2
17.1989 0.566484 -0.00310031 0.233209 0 2
17.3136 0.567365 -0.0081809 0.233277 0 2
17.4069 0.568054 -0.0125346 0.233334 0 2
17.5066 0.568715 -0.0170682 0.23333 0 2
17.601 0.569327 -0.0216384 0.233351 0 2
17.701 0.569981 -0.0265167 0.23336 0 2
17.8136 0.570661 -0.0319231 0.233446 0 2
17.9225 0.571197 -0.0370266 0.233434 0 2
18.022 0.571725 -0.0421114 0.233482 0 2
18.1028 0.572107 -0.0460238 0.233501 0 2
18.2036 0.572561 -0.0512912 0.233551 0 2
18.3076 0.572938 -0.0560958 0.233535 0 2
18.4004 0.573288 -0.0609087 0.233545 0 2
18.5119 0.573634 -0.0665697 0.23363 0 2
18.6176 0.573862 -0.0719303 0.233635 0 2
18.722 0.574111 -0.0772012 0.233666 0 2
18.8402 0.574319 -0.0832916 0.233695 0 2
18.9382 0.574403 -0.0883024 0.233659 0 2
19.0489 0.57444 -0.0941931 0.233674 0 2
19.1494 0.574451 -0.0991043 0.233643 0 2
19.2426 0.574404 -0.104062 0.233702 0 2
19.3386 0.574339 -0.109129 0.233718 0 2
19.4397 0.574197 -0.114487 0.233732 0 2
19.5406 0.574001 -0.119821 0.233732 0 2
19.6398 0.573782 -0.124792 0.233716 0 2
19.7447 0.573509 -0.130213 0.233818 0 2
19.8543 0.573172 -0.135596 0.233817 0 2
19.9462 0.572821 -0.14043 0.233769 0 2
20.0473 0.572376 -0.145758 0.233726 0 2
20.1402 0.571931 -0.150698 0.233741 0 2
20.2352 0.571525 -0.155088 0.233795 0 2
20.3459 0.57091 -0.160751 0.233725 0 2
20.4386 0.57034 -0.165561 0.233725 0 2
20.5484 0.569708 -0.170627 0.233707 0 2
20.6474 0.569091 -0.175275 0.233664 0 2
20.7502 0.568375 -0.180436 0.233739 0 2
20.848 0.567611 -0.185409 0.233716 0 2
20.953 0.566862 -0.190238 0.233739 0 2
21.0599 0.566035 -0.195187 0.233702 0 2
21.1706 0.565091 -0.200377 0.233682 0 2
21.2599 0.564381 -0.204306 0.233719 0 2
21.3722 0.56335 -0.209404 0.233689 0 2
21.4823 0.562455 -0.213998 0.233648 0 2
21.5852 0.561489 -0.218432 0.233618 0 2
21.6937 0.560431 -0.223231 0.233586 0 2
21.7923 0.559558 -0.227151 0.233577 0 2
21.8838 0.558635 -0.231198 0.233556 0 2
21.9913 0.557598 -0.235408 0.233542 0 2
22.0889 0.5566 -0.239436 0.233562 0 2
22.1872 0.555631 -0.243122 0.233536 0 2
22.2835 0.554711 -0.246658 0.233456 0 2
22.3924 0.553556 -0.25078 0.23345 0 2
22.4914 0.552694 -0.254104 0.233491 0 2
22.5983 0.551666 -0.257743 0.233511 0 2
22.702 0.550687 -0.261114 0.233428 0 2
22.7959 0.549716 -0.264265 0.233391 0 2
22.9011 0.548739 -0.267473 0.233412 0 2
23.0041 0.547795 -0.270549 0.233352 0 2
23.1071 0.546824 -0.27355 0.233377 0 2
23.2156 0.545977 -0.276276 0.233365 0 2
23.3315 0.544987 -0.279299 0.233388 0 2
23.4327 0.544154 -0.281793 0.233337 0 2
23.5356 0.543346 -0.284239 0.233298 0 2
23.6296 0.542609 -0.286256 0.233315 0 2
23.7192 0.541957 -0.288196 0.233287 0 2
23.8203 0.54134 -0.290001 0.233296 0 2
23.9087 0.540655 -0.291833 0.233295 0 2
24.0026 0.540071 -0.293467 0.233277 0 2
24.1006 0.539596 -0.294862 0.233247 0 2
24.201 0.539062 -0.296318 0.233234 0 2
24.2992 0.538623 -0.297507 0.233202 0 2
24.3957 0.538212 -0.298624 0.233212 0 3
24.5093 0.537811 -0.299715 0.233207 0 3
24.6036 0.537546 -0.300436 0.233214 0 3
24.7023 0.537333 -0.301012 0.233229 0 3
24.8054 0.537171 -0.301448 0.233165 0 3
24.9149 0.537064 -0.301768 0.233144 0 3
25.0067 0.53704 -0.301879 0.233179 0 3
25.1368 0.537043 -0.301893 0.233218 0 3
25.2303 0.537052 -0.301883 0.233257 0 3
25.3227 0.53708 -0.301909 0.233317 0 3
25.4156 0.537068 -0.301935 0.233522 0 3
25.5214 0.537109 -0.301972 0.233975 0 3
25.6129 0.537097 -0.302048 0.234415 0 3
25.7127 0.53712 -0.302068 0.234864 0 3
25.8215 0.5371 -0.302153 0.235511 0 3
25.9174 0.537079 -0.302255 0.236141 0 3
26.0053 0.537122 -0.302302 0.236771 0 3
26.1182 0.537107 -0.302385 0.237626 0 3
26.232 0.537122 -0.302514 0.238545 0 3
26.343 0.537101 -0.302608 0.239484 0 3
26.4373 0.537114 -0.302681 0.2403 0 3
26.5347 0.53713 -0.302762 0.241194 0 3
26.644 0.537154 -0.302869 0.242206 0 3
26.7339 0.537136 -0.302942 0.243012 0 3
26.8433 0.537134 -0.303032 0.243898 0 3
26.9396 0.537134 -0.303151 0.244707 0 3
27.0512 0.537107 -0.303261 0.245637 0 3
27.1611 0.537111 -0.303338 0.246562 0 3
27.2539 0.53708 -0.303399 0.247316 0 3
27.348 0.53708 -0.303467 0.24793 0 4
27.4328 0.53707 -0.303541 0.248613 0 4
27.5352 0.537071 -0.303608 0.249201 0 4
27.6268 0.537054 -0.303684 0.249745 0 4
27.738 0.537062 -0.30373 0.250229 0 4
27.818 0.537034 -0.30377 0.250565 0 4
27.918 0.537041 -0.303757 0.250842 0 4
28.0233 0.537019 -0.303812 0.25102 0 4
28.1186 0.537014 -0.303812 0.251072 0 4
28.253 0.537037 -0.303781 0.251125 0 4
28.3478 0.537001 -0.303811 0.251049 0 4
28.4343 0.536958 -0.303614 0.251053 0 4
28.5416 0.537006 -0.302898 0.250885 0 4
28.6306 0.537039 -0.302027 0.250634 0 4
28.7351 0.537069 -0.300942 0.250366 0 4
28.846 0.537191 -0.299494 0.250071 0 4
28.9469 0.537267 -0.297868 0.249734 0 4
29.0538 0.537337 -0.29617 0.249317 0 4
29.1513 0.537351 -0.294538 0.24885 0 4
29.2426 0.537389 -0.292939 0.248511 0 4
29.3469 0.537446 -0.290721 0.248058 0 4
29.444 0.537561 -0.288706 0.247679 0 4
29.5378 0.537537 -0.28677 0.247199 0 4
29.6414 0.537562 -0.284595 0.246671 0 4
29.7449 0.537601 -0.282285 0.246134 0 4
29.8525 0.537604 -0.279965 0.24552 0 4
29.9452 0.537578 -0.278037 0.245081 0 4
30.0533 0.537546 -0.27588 0.244593 0 4
30.1527 0.537557 -0.273616 0.244114 0 4
30.2451 0.537512 -0.271944 0.243705 0 4
30.3372 0.537477 -0.270225 0.243342 0 4
30.4395 0.537456 -0.268541 0.242966 0 4
30.5332 0.537417 -0.266896 0.24256 0 4
30.644 0.537356 -0.265334 0.242164 0 4
30.7469 0.537318 -0.264022 0.241848 0 4
30.8403 0.537256 -0.26292 0.241542 0 4
30.939 0.537214 -0.262056 0.241288 0 4
31.0605 0.537187 -0.261239 0.241162 0 5
31.1628 0.537175 -0.260883 0.241082 0 5
31.2413 0.537197 -0.26078 0.24105 0 5
31.3728 0.537189 -0.260781 0.241062 0 5
31.4694 0.537372 -0.262954 0.240647 0 5
31.5929 0.537386 -0.26322 0.240667 0 5
31.6818 0.537534 -0.263346 0.240563 0 5
31.812 0.537623 -0.263477 0.240349 0 5
31.8959 0.537992 -0.264272 0.23908 0 5
31.9985 0.537973 -0.264232 0.239216 0 5
32.0822 0.538048 -0.264596 0.239594 0 5
32.1819 0.538068 -0.264734 0.239678 0 5
32.306 0.538082 -0.264776 0.239633 0 5
32.4065 0.538403 -0.265234 0.238818 0 5
32.5303 0.538519 -0.265425 0.238742 0 5
32.6181 0.538818 -0.266035 0.238352 0 5
32.7372 0.538917 -0.266085 0.238307 0 5
32.831 0.539458 -0.266306 0.237842 0 5
32.9496 0.539487 -0.266387 0.237825 0 5
33.0472 0.540108 -0.266916 0.237227 0 5
33.1655 0.540119 -0.266934 0.237277 0 5
33.2476 0.540493 -0.267737 0.237014 0 5
33.363 0.540516 -0.267848 0.236983 0 5
33.4373 0.54069 -0.268479 0.236533 0 5
33.5677 0.540668 -0.268423 0.236551 0 5
33.6922 0.541412 -0.269299 0.235759 0 5
33.8128 0.541407 -0.269281 0.235813 0 5
33.9076 0.541947 -0.270004 0.235895 0 5
34.0021 0.541979 -0.270008 0.235853 0 5
34.0996 0.542212 -0.270266 0.235619 0 5
34.2164 0.542818 -0.271039 0.234718 0 5
34.3293 0.543045 -0.271178 0.234607 0 5
34.4211 0.543491 -0.271464 0.234601 0 5
34.5157 0.543494 -0.271443 0.234549 0 5
34.6119 0.544271 -0.27176 0.233447 0 5
34.7263 0.544456 -0.271878 0.233097 0 5
34.8247 0.544704 -0.272267 0.233736 0 5
34.9389 0.544721 -0.272253 0.233736 0 5
35.0275 0.545422 -0.273255 0.23271 0 5
35.1327 0.545458 -0.273351 0.232646 0 5
35.2435 0.545956 -0.273674 0.232062 0 5
35.3574 0.546023 -0.273752 0.231901 0 5
35.4479 0.546256 -0.273872 0.23132 0 5
35.5698 0.546658 -0.273938 0.230488 0 5
35.6687 0.546942 -0.274033 0.231194 0 5
35.7713 0.546976 -0.274058 0.231277 0 5
35.8559 0.546674 -0.274509 0.230604 0 5
35.9652 0.546672 -0.274607 0.230637 0 5
36.0765 0.546832 -0.274585 0.230577 0 6
36.1874 0.546815 -0.274598 0.230567 0 6
36.2815 0.546741 -0.27479 0.230602 0 6
36.3946 0.546687 -0.275018 0.230741 0 6
36.4919 0.546646 -0.275143 0.230806 0 6
36.6177 0.546622 -0.275218 0.230845 0 6
36.7031 0.546607 -0.275255 0.230873 0 6
36.8194 0.5466 -0.275308 0.230907 0 6
36.9121 0.546595 -0.275316 0.230919 0 6
37.0202 0.546612 -0.275327 0.230966 0 6
37.1309 0.546594 -0.275373 0.230953 0 6
37.2263 0.5466 -0.275376 0.230995 0 6
37.3056 0.546594 -0.275384 0.230973 0 6
37.4151 0.546604 -0.27537 0.230969 0 6
37.5066 0.546597 -0.275382 0.230987 0 6
37.6021 0.546591 -0.275399 0.23099 0 6
37.698 0.546592 -0.275379 0.230968 0 6
37.7898 0.546596 -0.275397 0.230977 0 6
37.9015 0.546594 -0.275397 0.230984 0 6
37.9995 0.546608 -0.27537 0.230974 0 6
38.1002 0.546602 -0.275361 0.23097 0 6
38.1994 0.546602 -0.275392 0.23098 0 6
38.2935 0.546584 -0.275409 0.231008 0 6
38.382 0.54659 -0.275389 0.230983 0 6
