30.939 30.939 0 0 5
31.0605 30.939 0 0.12145 5
31.1628 30.939 0.12145 0.223789 5
31.2413 30.939 0.223789 0.302261 5
31.3728 30.939 0.302261 0.43381 5
31.4694 30.939 0.43381 0.530373 5
31.5929 30.939 0.530373 0.653832 5
31.6818 30.939 0.653832 0.742728 5
31.812 30.939 0.742728 0.872994 5
31.8959 30.939 0.872994 0.956887 5
31.9985 30.939 0.956887 1.05946 5
32.0822 30.939 1.05946 1.14316 5
32.1819 30.939 1.14316 1.24288 5
32.306 30.939 1.24288 1.36699 5
32.4065 30.939 1.36699 1.46747 5
32.5303 30.939 1.46747 1.59129 5
32.6181 30.939 1.59129 1.67911 5
32.7372 30.939 1.67911 1.79812 5
32.831 30.939 1.79812 1.89194 5
32.9496 30.939 1.89194 2.01058 5
33.0472 30.939 2.01058 2.10819 5
33.1655 30.939 2.10819 2.22644 5
33.2476 30.939 2.22644 2.30857 5
33.363 30.939 2.30857 2.42397 5
33.4373 30.939 2.42397 2.49823 5
33.5677 30.939 2.49823 2.62868 5
33.6922 30.939 2.62868 2.75317 5
33.8128 30.939 2.75317 2.87377 5
33.9076 30.939 2.87377 2.96859 5
34.0021 30.939 2.96859 3.06304 5
34.0996 30.939 3.06304 3.16054 5
34.2164 30.939 3.16054 3.27733 5
34.3293 30.939 3.27733 3.39022 5
34.4211 30.939 3.39022 3.4821 5
34.5157 30.939 3.4821 3.57667 5
34.6119 30.939 3.57667 3.67287 5
34.7263 30.939 3.67287 3.78728 5
34.8247 30.939 3.78728 3.88566 5
34.9389 30.939 3.88566 3.99983 5
35.0275 30.939 3.99983 4.08846 5
35.1327 30.939 4.08846 4.19363 5
35.2435 30.939 4.19363 4.30448 5
35.3574 30.939 4.30448 4.41833 5
35.4479 30.939 4.41833 4.50883 5
35.5698 30.939 4.50883 4.63079 5
35.6687 30.939 4.63079 4.72963 5
35.7713 30.939 4.72963 4.83227 5
35.8559 30.939 4.83227 4.91686 5
35.9652 30.939 4.91686 5.02619 5
