3.91006e-05 0.32356 0.0680733 0.168246 0 0
0.0803139 0.323549 0.0680701 0.168232 0 0
0.167057 0.323568 0.0680882 0.16825 0 0
0.267086 0.32356 0.0680613 0.168224 0 0
0.367735 0.323562 0.0680727 0.168243 0 0
0.43622 0.323572 0.0680864 0.16826 0 0
0.525983 0.323554 0.0680612 0.168217 0 0
0.625045 0.323566 0.0680923 0.168244 0 0
0.696567 0.323559 0.0680754 0.168223 0 0
0.780228 0.323562 0.0680749 0.168244 0 0
0.864888 0.323554 0.0680827 0.168226 0 0
0.957236 0.323561 0.0680737 0.168232 0 0
1.03814 0.323555 0.0680685 0.16823 0 0
1.12452 0.323563 0.0680761 0.168231 0 0
1.21266 0.323562 0.0680821 0.168221 0 0
1.29384 0.323558 0.06807 0.168228 0 0
1.38028 0.323559 0.0680829 0.168238 0 0
1.47585 0.323562 0.0680801 0.168245 0 0
1.5645 0.323556 0.0680741 0.168221 0 0
1.66352 0.323567 0.0680709 0.168243 0 0
1.74844 0.323568 0.0680903 0.16824 0 0
1.84326 0.323569 0.0680679 0.168236 0 0
1.94758 0.323562 0.0680691 0.168237 0 0
2.04781 0.323567 0.0680823 0.168238 0 0
2.14359 0.323559 0.0680661 0.168233 0 0
2.23974 0.323554 0.0680687 0.168223 0 0
2.34179 0.323554 0.0680754 0.16823 0 0
2.43996 0.323563 0.0680696 0.168238 0 0
2.52684 0.323573 0.0680744 0.168241 0 0
2.63492 0.323555 0.0680728 0.168226 0 0
2.72014 0.323551 0.0680768 0.168222 0 0
2.82826 0.323553 0.0680637 0.168216 0 0
2.91451 0.323548 0.0680695 0.168221 0 0
3.01989 0.323569 0.0680693 0.168232 0 0
3.1092 0.323561 0.0680743 0.168238 0 0
3.20549 0.32355 0.0680819 0.168213 0 0
3.31041 0.323553 0.0680726 0.168223 0 0
3.42513 0.323556 0.0680689 0.168231 0 0
3.52855 0.323559 0.0680771 0.168226 0 0
3.61922 0.323551 0.0680715 0.168216 0 0
3.7008 0.323555 0.0680631 0.168219 0 0
3.79159 0.323568 0.0680859 0.168239 0 0
3.89269 0.323569 0.0680922 0.168238 0 0
3.98357 0.323553 0.0680595 0.168239 0 0
4.07361 0.323565 0.068072 0.168242 0 0
4.18466 0.323567 0.0680723 0.168249 0 0
4.29038 0.323559 0.068075 0.168235 0 0
4.38508 0.323548 0.068077 0.168232 0 0
4.47259 0.323563 0.0680799 0.168257 0 0
4.58066 0.323568 0.0680691 0.168233 0 0
4.68667 0.323564 0.0680662 0.168239 0 0
4.78229 0.323552 0.0680819 0.168245 0 0
4.90432 0.323573 0.0680758 0.168242 0 0
5.01093 0.323562 0.0680691 0.168237 0 0
5.12655 0.323547 0.0680527 0.168211 0 0
5.22274 0.323565 0.0680741 0.168237 0 0
5.31187 0.323557 0.0680694 0.168228 0 0
5.41718 0.323563 0.0680731 0.16823 0 0
5.50055 0.323565 0.06808 0.168249 0 0
5.59544 0.323569 0.0680764 0.168252 0 0
5.69451 0.323552 0.0680628 0.168223 0 0
5.78239 0.323551 0.0680711 0.168229 0 0
5.89241 0.323566 0.0680828 0.168252 0 0
5.97857 0.32356 0.0680636 0.168224 0 0
6.07533 0.323577 0.0680806 0.168308 0 0
6.16948 0.323608 0.0680996 0.168559 0 0
6.26292 0.323665 0.0681341 0.16899 0 0
6.36177 0.323715 0.0681766 0.169457 0 0
6.45479 0.323795 0.0682016 0.170028 0 0
6.55364 0.32388 0.0682131 0.170728 0 0
6.64574 0.323982 0.0682455 0.171517 0 0
6.7435 0.324073 0.0683123 0.17242 0 0
6.84136 0.324165 0.0683599 0.173356 0 0
6.93012 0.32427 0.0683834 0.174357 0 0
7.03541 0.324415 0.0684556 0.175649 0 0
7.11993 0.324518 0.0685008 0.176764 0 0
7.21769 0.324632 0.068564 0.178061 0 0
7.3105 0.324771 0.0686006 0.179432 0 0
7.40486 0.324873 0.0686338 0.180727 0 0
7.50936 0.325013 0.0686979 0.18251 0 0
7.60334 0.325105 0.0687292 0.183893 0 0
7.70428 0.325248 0.0687765 0.185673 0 0
7.7933 0.32531 0.0688319 0.187164 0 0
7.90272 0.325395 0.0688303 0.189124 0 0
7.98052 0.325479 0.0688458 0.190414 0 0
8.08927 0.325558 0.0688533 0.192397 0 0
8.17867 0.325613 0.0688605 0.194072 0 0
8.27436 0.325665 0.0688473 0.195846 0 0
8.36736 0.325728 0.0688555 0.197681 0 0
8.45916 0.325762 0.0688446 0.199361 0 0
8.55754 0.325777 0.0688283 0.201333 0 0
8.64673 0.325782 0.0687756 0.20297 0 0
8.73465 0.325798 0.068784 0.204645 0 0
8.83648 0.325791 0.0687283 0.206448 0 0
8.93791 0.325763 0.0686932 0.208375 0 0
9.03672 0.325719 0.0686186 0.210259 0 0
9.1292 0.325681 0.0686051 0.211819 0 0
9.22982 0.325645 0.0685141 0.213684 0 0
9.31412 0.325603 0.0684777 0.215063 0 0
9.42176 0.325499 0.0683989 0.21688 0 0
9.51213 0.325429 0.0683369 0.218309 0 0
9.62318 0.325351 0.0682665 0.220043 0 0
9.70198 0.325273 0.068199 0.221239 0 0
9.79685 0.325231 0.0681343 0.222486 0 0
9.89423 0.32513 0.0680491 0.223831 0 0
9.98491 0.325044 0.0679885 0.224927 0 0
10.0868 0.324943 0.0679089 0.226129 0 0
10.1805 0.324864 0.0678622 0.227145 0 0
10.2694 0.324812 0.0678003 0.227983 0 0
10.3642 0.324741 0.0677535 0.228794 0 0
10.4584 0.324683 0.0677032 0.229419 0 1
10.56 0.324638 0.0676517 0.230053 0 1
10.6443 0.324603 0.067618 0.230495 0 1
10.7447 0.324562 0.0676168 0.23082 0 1
10.8352 0.324554 0.0675721 0.23098 0 1
10.9399 0.32455 0.0675574 0.231079 0 1
11.0427 0.324556 0.06756 0.231062 0 1
11.1169 0.32465 0.0675576 0.231086 0 1
11.2191 0.325226 0.0676667 0.231333 0 1
11.3046 0.326186 0.0678586 0.231643 0 1
11.4069 0.327704 0.0681487 0.232077 0 1
11.494 0.32931 0.0684698 0.232502 0 1
11.585 0.331227 0.0688309 0.233074 0 1
11.6977 0.334061 0.0693444 0.233829 0 1
11.7757 0.336368 0.0697022 0.234456 0 1
11.8699 0.339146 0.0701966 0.235193 0 1
11.9659 0.342816 0.0708447 0.236104 0 1
12.0611 0.346471 0.0714372 0.236984 0 1
12.1775 0.351074 0.0720625 0.23806 0 1
12.2574 0.354615 0.0726369 0.238828 0 1
12.3636 0.359451 0.0732248 0.239751 0 1
12.4529 0.363753 0.0737519 0.240537 0 1
12.5594 0.369102 0.0744585 0.241412 0 1
12.6452 0.373803 0.0748826 0.24217 0 1
12.7377 0.379088 0.075476 0.242959 0 1
12.8283 0.384146 0.075895 0.243641 0 1
12.9217 0.389735 0.0763041 0.244223 0 1
13.0192 0.395557 0.0766881 0.244812 0 1
13.1055 0.400885 0.0769658 0.245214 0 1
13.2051 0.406964 0.0773146 0.245673 0 1
13.2914 0.412471 0.0774534 0.245919 0 1
13.3802 0.41813 0.0776756 0.246069 0 1
13.4746 0.424304 0.0776799 0.246263 0 1
13.5609 0.429948 0.0777689 0.246288 0 1
13.6776 0.437273 0.0776733 0.246275 0 1
13.7607 0.442961 0.0776098 0.246071 0 1
13.8482 0.448675 0.0773611 0.245908 0 1
13.9496 0.455265 0.0770801 0.24545 0 1
14.0357 0.460386 0.0767293 0.245159 0 1
14.1277 0.466325 0.0763759 0.24465 0 1
14.2313 0.472746 0.0759156 0.243986 0 1
14.3457 0.479418 0.0753589 0.243243 0 1
14.4317 0.484501 0.0746982 0.242527 0 1
14.5209 0.489509 0.074249 0.241986 0 1
14.625 0.495117 0.0735383 0.240956 0 1
14.7135 0.49974 0.0729008 0.240167 0 1
14.8188 0.504883 0.0722562 0.239305 0 1
14.9069 0.509006 0.0715558 0.238428 0 1
14.9989 0.513272 0.0708762 0.237696 0 1
15.0925 0.517259 0.0702477 0.236835 0 1
15.1873 0.52061 0.0695808 0.235947 0 1
15.2733 0.523705 0.0690142 0.235228 0 1
15.3673 0.526752 0.0684884 0.234607 0 1
15.4546 0.529222 0.0680137 0.234051 0 1
15.561 0.531765 0.0674985 0.233394 0 1
15.6465 0.533523 0.0670787 0.232909 0 1
15.7448 0.535079 0.0667875 0.232504 0 2
15.8407 0.536168 0.0665372 0.232199 0 2
15.9267 0.536813 0.0664789 0.23208 0 2
16.0397 0.536997 0.0664329 0.232011 0 2
16.1335 0.537011 0.066413 0.232049 0 2
16.2213 0.537008 0.0664099 0.232019 0 2
16.3163 0.537076 0.0661738 0.232024 0 2
16.4147 0.537203 0.0657765 0.232017 0 2
16.5109 0.537387 0.0653258 0.23203 0 2
16.6089 0.537627 0.0647934 0.232088 0 2
16.7017 0.537876 0.0640769 0.23208 0 2
16.7912 0.53812 0.0633127 0.23207 0 2
16.8919 0.538471 0.0622378 0.23209 0 2
16.9751 0.538781 0.0613611 0.232145 0 2
17.07 0.53917 0.0602934 0.232159 0 2
17.1761 0.539627 0.0589779 0.232177 0 2
17.2671 0.540055 0.0577452 0.23222 0 2
17.3671 0.540585 0.0560975 0.232241 0 2
17.4523 0.541068 0.054588 0.232229 0 2
17.5511 0.541614 0.0530114 0.232267 0 2
17.6486 0.542188 0.0513019 0.232279 0 2
17.7472 0.54281 0.0493579 0.232362 0 2
17.8444 0.543476 0.0472433 0.232381 0 2
17.9436 0.544127 0.0452513 0.232402 0 2
18.0376 0.544796 0.0430076 0.232434 0 2
18.1285 0.545428 0.0409293 0.232487 0 2
18.2281 0.54616 0.0385171 0.232538 0 2
18.322 0.546815 0.0362037 0.232551 0 2
18.4215 0.547584 0.0334976 0.232591 0 2
18.5137 0.54828 0.0311595 0.232586 0 2
18.6103 0.549042 0.0283455 0.232652 0 2
18.7118 0.549855 0.0254897 0.232697 0 2
18.8198 0.550662 0.0222848 0.232715 0 2
18.9226 0.551487 0.0192235 0.232761 0 2
19.0115 0.552176 0.0163613 0.232828 0 2
19.106 0.552923 0.0132848 0.232766 0 2
19.2016 0.553725 0.0100463 0.232964 0 2
19.3022 0.55453 0.00657154 0.232967 0 2
19.3889 0.555224 0.00349413 0.232966 0 2
19.491 0.555979 0.000140184 0.233007 0 2
19.58 0.556706 -0.00330775 0.233077 0 2
19.6894 0.557474 -0.0071086 0.233105 0 2
19.7727 0.558159 -0.0104351 0.233191 0 2
19.8608 0.558787 -0.0137081 0.233227 0 2
19.9501 0.559397 -0.0171902 0.233246 0 2
20.0473 0.560081 -0.0209424 0.233295 0 2
20.1444 0.560733 -0.0248682 0.23327 0 2
20.2464 0.561436 -0.028983 0.233314 0 2
20.3436 0.562063 -0.0329576 0.233408 0 2
20.4466 0.562666 -0.0372705 0.233435 0 2
20.5424 0.563251 -0.0411914 0.23347 0 2
20.6501 0.563795 -0.0457487 0.233457 0 2
20.7282 0.564245 -0.0491051 0.233491 0 2
20.8256 0.564765 -0.0533285 0.233579 0 2
20.9123 0.565173 -0.0571774 0.233563 0 2
21.0138 0.56563 -0.0617147 0.233632 0 2
21.1098 0.566019 -0.066049 0.233606 0 2
21.1962 0.566381 -0.0699157 0.233643 0 2
21.2922 0.566711 -0.0743515 0.233735 0 2
21.3948 0.566997 -0.0787307 0.233714 0 2
21.49 0.567274 -0.0830488 0.233725 0 2
21.5735 0.567481 -0.0871974 0.233712 0 2
21.668 0.567693 -0.0912558 0.233749 0 2
21.7608 0.56789 -0.0956798 0.233783 0 2
21.853 0.56802 -0.100155 0.233826 0 2
21.9505 0.568139 -0.104618 0.233851 0 2
22.0477 0.568182 -0.10916 0.233827 0 2
22.1382 0.568235 -0.113311 0.233883 0 2
22.2422 0.568237 -0.118075 0.233877 0 2
22.3374 0.568192 -0.122661 0.233859 0 2
22.4475 0.568067 -0.127966 0.233809 0 2
22.5415 0.56795 -0.132036 0.233866 0 2
22.635 0.567834 -0.136603 0.233917 0 2
22.7226 0.567684 -0.140641 0.233908 0 2
22.823 0.567405 -0.145583 0.233862 0 2
22.9211 0.567122 -0.150104 0.233886 0 2
23.023 0.566843 -0.154841 0.233953 0 2
23.1167 0.566543 -0.159021 0.233994 0 2
23.2058 0.566197 -0.163067 0.233954 0 2
23.2967 0.565812 -0.167443 0.233915 0 2
23.3955 0.565371 -0.171846 0.233862 0 2
23.5033 0.564847 -0.176889 0.233907 0 2
23.6193 0.5643 -0.181877 0.233924 0 2
23.7051 0.563976 -0.18415 0.233913 0 2
23.8113 0.563404 -0.188748 0.233898 0 2
23.9107 0.562413 -0.196042 0.233797 0 2
24.0156 0.561888 -0.199653 0.233835 0 2
24.1178 0.561378 -0.203008 0.233807 0 2
24.2069 0.560703 -0.207169 0.233829 0 2
24.3077 0.55993 -0.211823 0.233803 0 2
24.4225 0.559195 -0.215927 0.233747 0 2
24.5162 0.558457 -0.220009 0.233782 0 2
24.6116 0.557758 -0.2236 0.233812 0 2
24.7015 0.55703 -0.227378 0.233793 0 2
24.7897 0.556323 -0.230799 0.233731 0 2
24.88 0.555603 -0.234096 0.233664 0 2
24.9807 0.554801 -0.237727 0.233665 0 2
25.0743 0.55407 -0.241195 0.233649 0 2
25.1635 0.553347 -0.244379 0.233638 0 2
25.2659 0.5525 -0.247964 0.233623 0 2
25.3723 0.551662 -0.251308 0.233605 0 2
25.4704 0.550881 -0.254618 0.233571 0 2
25.561 0.549997 -0.257858 0.233482 0 2
25.6543 0.54927 -0.26082 0.233541 0 2
25.7446 0.548539 -0.263577 0.233517 0 2
25.8457 0.547779 -0.266425 0.233516 0 2
25.9323 0.547124 -0.268878 0.233462 0 2
26.0228 0.546374 -0.271425 0.233438 0 2
26.1162 0.545627 -0.273997 0.233418 0 2
26.2145 0.544868 -0.276655 0.233392 0 2
26.3301 0.544016 -0.279446 0.233368 0 2
26.4324 0.543347 -0.281783 0.233409 0 2
26.5283 0.542669 -0.283981 0.233396 0 2
26.6118 0.542118 -0.285736 0.233353 0 2
26.6977 0.541574 -0.287498 0.233326 0 2
26.7861 0.541065 -0.28907 0.233308 0 2
26.8721 0.540567 -0.290676 0.233303 0 2
26.9649 0.539962 -0.292415 0.233261 0 2
27.0495 0.53953 -0.29376 0.233251 0 2
27.141 0.539144 -0.294999 0.233295 0 2
27.2394 0.538716 -0.296242 0.233227 0 2
27.3365 0.538322 -0.297416 0.23323 0 2
27.4188 0.537975 -0.29843 0.233197 0 3
27.5211 0.537677 -0.299337 0.233195 0 3
27.6156 0.537425 -0.300114 0.233199 0 3
27.7016 0.537207 -0.30072 0.233183 0 3
27.7996 0.537069 -0.301175 0.233177 0 3
27.8992 0.536942 -0.301529 0.23321 0 3
27.9902 0.536897 -0.301743 0.233177 0 3
28.0867 0.536877 -0.30184 0.233196 0 3
28.1851 0.536857 -0.301883 0.233226 0 3
28.2868 0.536845 -0.301887 0.233219 0 3
28.3786 0.536891 -0.301866 0.233282 0 3
28.4676 0.5369 -0.301914 0.233415 0 3
28.5568 0.536906 -0.30196 0.233736 0 3
28.6402 0.536908 -0.301989 0.234047 0 3
28.7346 0.536943 -0.302035 0.234542 0 3
28.82 0.536942 -0.302089 0.234963 0 3
28.9232 0.536906 -0.302172 0.235599 0 3
29.0381 0.536914 -0.302233 0.236341 0 3
29.1448 0.536955 -0.302308 0.237082 0 3
29.2382 0.536953 -0.302384 0.237887 0 3
29.3495 0.536947 -0.302484 0.238722 0 3
29.4443 0.536939 -0.302592 0.239621 0 3
29.5247 0.536942 -0.302631 0.240298 0 3
29.6093 0.536961 -0.302712 0.241028 0 3
29.7006 0.536974 -0.302801 0.241888 0 3
29.7931 0.536965 -0.302896 0.242747 0 3
29.8879 0.536976 -0.302986 0.243543 0 3
29.9735 0.536971 -0.303064 0.244305 0 3
30.0683 0.53696 -0.30314 0.245123 0 3
30.1598 0.536964 -0.30322 0.245888 0 3
30.2672 0.536954 -0.30332 0.246783 0 3
30.3539 0.536924 -0.303388 0.247413 0 3
30.4525 0.536927 -0.303453 0.248107 0 4
30.55 0.536897 -0.30353 0.248744 0 4
30.6451 0.5369 -0.303578 0.249301 0 4
30.7542 0.536905 -0.30364 0.249907 0 4
30.8491 0.536887 -0.303677 0.250342 0 4
30.9453 0.536875 -0.303719 0.250661 0 4
31.0458 0.536875 -0.303735 0.250931 0 4
31.1571 0.536852 -0.303762 0.251098 0 4
31.2492 0.536838 -0.303773 0.251096 0 4
31.356 0.53686 -0.303746 0.251095 0 4
31.4525 0.536855 -0.30371 0.25105 0 4
31.5443 0.536824 -0.303353 0.250876 0 4
31.6292 0.536847 -0.302689 0.250551 0 4
31.7234 0.53689 -0.301799 0.25006 0 4
31.8062 0.536976 -0.300921 0.249724 0 4
31.9076 0.537068 -0.299565 0.249104 0 4
31.9929 0.537151 -0.29824 0.248486 0 4
32.1012 0.537228 -0.29655 0.247716 0 4
32.1818 0.537259 -0.295196 0.24705 0 4
32.272 0.537299 -0.293674 0.246354 0 4
32.363 0.537385 -0.29183 0.24556 0 4
32.4736 0.537476 -0.289693 0.244526 0 4
32.5734 0.537542 -0.287546 0.24357 0 4
32.6793 0.537528 -0.285414 0.242548 0 4
32.7719 0.537496 -0.283308 0.241529 0 4
32.8603 0.537555 -0.281528 0.240727 0 4
32.9418 0.537579 -0.279651 0.239888 0 4
33.0317 0.537478 -0.277856 0.238924 0 4
33.1256 0.537509 -0.275833 0.238091 0 4
33.2244 0.537558 -0.273634 0.237146 0 4
33.3291 0.537481 -0.271778 0.23622 0 4
33.4213 0.537412 -0.270039 0.23539 0 4
33.5373 0.53735 -0.267964 0.234375 0 4
33.6353 0.537319 -0.266373 0.233621 0 4
33.7235 0.537259 -0.265127 0.233025 0 4
33.8231 0.5372 -0.263913 0.232496 0 4
33.9161 0.537138 -0.262909 0.232002 0 4
33.9878 0.537091 -0.262227 0.231697 0 4
34.0812 0.537055 -0.261517 0.231364 0 5
34.1856 0.537031 -0.261004 0.231138 0 5
34.2728 0.537013 -0.260832 0.23107 0 5
34.4032 0.537048 -0.260775 0.231073 0 5
34.4828 0.537101 -0.262308 0.23105 0 5
34.5878 0.537067 -0.26324 0.231013 0 5
34.6696 0.53739 -0.263672 0.230391 0 5
34.7613 0.537383 -0.263685 0.230334 0 5
34.8666 0.537658 -0.263878 0.229515 0 5
34.979 0.537758 -0.263951 0.229241 0 5
35.0765 0.537644 -0.264061 0.228973 0 5
35.1673 0.537498 -0.26426 0.228724 0 5
35.2825 0.537513 -0.264422 0.228502 0 5
35.3668 0.537517 -0.264598 0.228291 0 5
35.4759 0.537497 -0.264638 0.228288 0 5
35.5545 0.537602 -0.26475 0.227983 0 5
35.6776 0.537591 -0.264767 0.228033 0 5
35.7607 0.537318 -0.264697 0.227925 0 5
35.8467 0.53695 -0.26466 0.22778 0 5
35.9459 0.537497 -0.2648 0.227924 0 5
36.0509 0.537568 -0.264843 0.228009 0 5
36.1569 0.537694 -0.265069 0.228009 0 5
36.2714 0.537727 -0.265279 0.227947 0 5
36.3599 0.537773 -0.265327 0.228013 0 5
36.4519 0.537949 -0.265644 0.228096 0 5
36.5745 0.537949 -0.265648 0.228092 0 5
36.6546 0.538025 -0.265744 0.227952 0 5
36.7555 0.538067 -0.265807 0.227876 0 5
36.8619 0.538074 -0.265801 0.227882 0 5
36.9525 0.538082 -0.265864 0.227884 0 5
37.0716 0.538073 -0.265825 0.227803 0 5
37.1714 0.53799 -0.265801 0.227546 0 5
37.2723 0.537982 -0.265833 0.22746 0 5
37.3636 0.538014 -0.26596 0.22718 0 5
37.4742 0.537989 -0.266042 0.227009 0 5
37.5486 0.537941 -0.266295 0.226532 0 5
37.6635 0.537952 -0.266333 0.226539 0 5
37.7651 0.538122 -0.266328 0.225375 0 5
37.8621 0.538274 -0.266407 0.225167 0 5
37.9662 0.538659 -0.266584 0.224652 0 5
38.0653 0.538723 -0.266585 0.224373 0 5
38.1493 0.539089 -0.266732 0.222688 0 5
38.2656 0.539125 -0.266739 0.22287 0 5
38.3484 0.539475 -0.266873 0.221896 0 5
38.4556 0.539464 -0.266931 0.222018 0 5
38.5322 0.539403 -0.267555 0.221267 0 5
38.6503 0.539419 -0.267501 0.221344 0 5
38.7464 0.539817 -0.267584 0.22049 0 5
38.8344 0.539806 -0.267566 0.220636 0 5
38.9217 0.539903 -0.267526 0.220615 0 5
39.0237 0.53995 -0.267541 0.220595 0 5
39.1225 0.540401 -0.267707 0.219958 0 5
39.222 0.540509 -0.267758 0.220131 0 5
39.307 0.540962 -0.267868 0.220205 0 5
39.4299 0.540976 -0.267909 0.220056 0 5
39.5172 0.541282 -0.2684 0.218453 0 5
39.6037 0.541262 -0.26841 0.218614 0 5
39.6987 0.541657 -0.268443 0.218515 0 5
39.7948 0.541681 -0.268445 0.218494 0 5
39.8883 0.541814 -0.268514 0.218176 0 5
40.0007 0.54214 -0.268636 0.217299 0 5
40.101 0.542315 -0.268759 0.216973 0 5
40.185 0.542464 -0.269044 0.216755 0 5
40.2867 0.54246 -0.269047 0.216704 0 5
40.3773 0.542684 -0.269187 0.216119 0 5
40.4926 0.542683 -0.269216 0.216221 0 5
40.5629 0.542738 -0.269297 0.215799 0 5
40.6753 0.542964 -0.269472 0.214892 0 5
40.7624 0.543128 -0.269671 0.214076 0 5
40.8543 0.543155 -0.269681 0.213969 0 5
40.9556 0.543394 -0.270218 0.212019 0 5
41.0613 0.543421 -0.270267 0.212097 0 5
41.159 0.543449 -0.270396 0.211899 0 5
41.282 0.543753 -0.270509 0.210724 0 5
41.3725 0.544154 -0.270636 0.209154 0 5
41.483 0.544105 -0.270651 0.208774 0 5
41.5753 0.544182 -0.270696 0.207324 0 5
41.6506 0.544157 -0.270709 0.207384 0 5
41.7375 0.544303 -0.270795 0.205843 0 5
41.8681 0.544432 -0.270813 0.204972 0 5
41.9664 0.544605 -0.270906 0.202558 0 5
42.0569 0.544599 -0.270976 0.203031 0 5
42.1502 0.544737 -0.271479 0.202053 0 5
42.2506 0.544749 -0.271424 0.20218 0 5
42.3536 0.544836 -0.271349 0.200979 0 5
42.4719 0.544926 -0.271174 0.198801 0 5
42.5655 0.545116 -0.271483 0.198243 0 5
42.6665 0.545185 -0.271515 0.198026 0 5
42.7664 0.545277 -0.271604 0.197103 0 5
42.8557 0.545423 -0.271799 0.195327 0 5
42.9634 0.545303 -0.271719 0.195059 0 5
43.0719 0.545272 -0.2717 0.194727 0 5
43.1891 0.545492 -0.271837 0.192798 0 5
43.2663 0.545746 -0.272051 0.19041 0 5
43.3754 0.545646 -0.272012 0.190625 0 5
43.4634 0.545541 -0.272055 0.18987 0 5
43.5786 0.545543 -0.272065 0.189382 0 5
43.6636 0.545576 -0.272182 0.187194 0 5
43.7763 0.545584 -0.2722 0.187162 0 5
43.8572 0.545631 -0.27227 0.186603 0 5
43.9784 0.545625 -0.272295 0.186378 0 5
44.0786 0.545663 -0.272504 0.183837 0 5
44.167 0.545681 -0.272516 0.184133 0 5
44.2464 0.545714 -0.272566 0.184013 0 5
44.3552 0.545709 -0.272564 0.183953 0 5
44.438 0.545583 -0.272601 0.182354 0 5
44.5444 0.545624 -0.272582 0.182526 0 5
44.6251 0.545623 -0.272133 0.182308 0 5
44.7359 0.545616 -0.272209 0.182322 0 5
44.8192 0.545745 -0.272142 0.181992 0 5
44.9311 0.545729 -0.272116 0.181969 0 5
45.0123 0.545748 -0.271871 0.181102 0 5
45.1236 0.545739 -0.271887 0.181145 0 5
45.2174 0.545721 -0.27184 0.180851 0 5
45.3301 0.54568 -0.271837 0.180899 0 5
45.4377 0.545496 -0.271878 0.180933 0 5
45.5358 0.545494 -0.2719 0.18095 0 5
45.6223 0.545442 -0.271876 0.180763 0 5
45.7243 0.545446 -0.271862 0.180742 0 5
45.8102 0.545528 -0.27193 0.18035 0 5
45.9326 0.545522 -0.271946 0.18044 0 5
46.0071 0.545431 -0.27176 0.180206 0 5
46.1109 0.54543 -0.271814 0.180268 0 5
46.207 0.545449 -0.271737 0.180276 0 5
46.3308 0.54544 -0.271757 0.180278 0 5
46.4107 0.545268 -0.271707 0.180097 0 5
46.5195 0.545262 -0.271737 0.180083 0 5
46.6268 0.545383 -0.271716 0.180149 0 5
46.7232 0.545394 -0.271735 0.180201 0 5
46.8206 0.545368 -0.271739 0.180409 0 5
46.939 0.545379 -0.271709 0.180406 0 5
47.0125 0.545438 -0.271726 0.180417 0 5
47.1385 0.54542 -0.271726 0.18041 0 5
47.2158 0.545427 -0.271701 0.18039 0 5
47.3258 0.545418 -0.271684 0.180357 0 5
47.4017 0.54539 -0.27144 0.180266 0 5
47.5108 0.545382 -0.271381 0.180264 0 5
47.6094 0.545419 -0.2714 0.180442 0 5
47.7131 0.545406 -0.271423 0.1806 0 5
47.8018 0.545178 -0.271466 0.180683 0 5
47.9121 0.545148 -0.271487 0.180704 0 5
48.0169 0.545168 -0.271575 0.180617 0 5
48.1182 0.545161 -0.271569 0.180595 0 5
48.2074 0.545213 -0.271579 0.180544 0 5
48.2836 0.545305 -0.271703 0.18013 0 5
48.4079 0.545286 -0.271733 0.180191 0 5
48.485 0.545314 -0.271778 0.180249 0 5
48.6013 0.54535 -0.271764 0.180015 0 5
48.682 0.545466 -0.271685 0.179501 0 5
48.7958 0.545458 -0.271693 0.179557 0 5
48.883 0.545367 -0.271658 0.179822 0 5
48.9862 0.545358 -0.271655 0.179723 0 5
49.0693 0.545304 -0.271712 0.180106 0 5
49.1843 0.545301 -0.271705 0.180002 0 5
49.2773 0.545246 -0.271668 0.179856 0 5
49.3878 0.545257 -0.271724 0.179994 0 5
49.4643 0.545366 -0.271851 0.180622 0 5
49.5716 0.545364 -0.271822 0.180478 0 5
49.6857 0.545396 -0.271796 0.180396 0 5
49.7716 0.545407 -0.271813 0.1805 0 5
49.881 0.545375 -0.271779 0.180419 0 5
49.9681 0.545293 -0.271596 0.180173 0 5
50.0756 0.5453 -0.271575 0.180176 0 5
50.1619 0.545161 -0.27155 0.180608 0 5
50.2679 0.54515 -0.271568 0.180508 0 5
50.3607 0.545363 -0.271695 0.1804 0 5
50.4701 0.545421 -0.27175 0.180393 0 5
50.563 0.545425 -0.271721 0.180371 0 5
50.6728 0.545401 -0.2717 0.180405 0 5
50.7763 0.545364 -0.271712 0.180442 0 5
50.8649 0.54538 -0.271662 0.180484 0 5
50.954 0.545357 -0.271697 0.180485 0 5
51.0407 0.545393 -0.271616 0.180759 0 5
51.1462 0.545368 -0.271642 0.180699 0 5
51.2334 0.545289 -0.271812 0.180747 0 5
51.3521 0.545324 -0.27175 0.180751 0 5
51.4364 0.545346 -0.27171 0.180744 0 5
51.5388 0.545334 -0.271725 0.180739 0 5
51.6226 0.545293 -0.271684 0.180934 0 5
51.718 0.545274 -0.271706 0.180872 0 5
51.812 0.545309 -0.271697 0.181163 0 5
51.9151 0.545286 -0.271719 0.181139 0 5
52.0156 0.545383 -0.271725 0.180946 0 5
52.1379 0.545366 -0.271712 0.180997 0 5
52.2147 0.545385 -0.271747 0.180799 0 5
52.3314 0.545425 -0.27174 0.180641 0 5
52.4139 0.54544 -0.271724 0.180558 0 5
52.5146 0.545459 -0.271747 0.180561 0 5
52.6029 0.545493 -0.271663 0.180636 0 5
52.7182 0.545472 -0.271656 0.180571 0 5
52.7944 0.545504 -0.271635 0.180486 0 5
52.9065 0.545497 -0.271585 0.180472 0 5
52.9819 0.545545 -0.271633 0.180036 0 5
53.1036 0.545545 -0.271629 0.18013 0 5
53.1808 0.54549 -0.271599 0.180087 0 5
53.2731 0.545496 -0.271587 0.180078 0 5
53.3724 0.545549 -0.271684 0.180238 0 5
53.478 0.545528 -0.271675 0.18016 0 5
53.5775 0.545474 -0.271634 0.180083 0 5
53.6791 0.545397 -0.271597 0.179943 0 5
53.7748 0.545434 -0.271612 0.180014 0 5
53.881 0.545469 -0.271689 0.180135 0 5
53.9703 0.54548 -0.271681 0.180129 0 5
54.0548 0.545472 -0.271687 0.180133 0 5
54.1454 0.545485 -0.271701 0.180167 0 5
54.2472 0.545491 -0.271693 0.180161 0 5
54.3381 0.545481 -0.271704 0.180138 0 5
54.4348 0.545478 -0.271712 0.180131 0 5
54.5264 0.545484 -0.271704 0.18016 0 5
54.6284 0.545483 -0.271705 0.18015 0 5
54.7224 0.545496 -0.271689 0.180148 0 5
54.8147 0.545494 -0.271686 0.180178 0 5
54.9145 0.545498 -0.271681 0.180154 0 5
54.9869 0.545496 -0.271681 0.180152 0 5
55.0827 0.545479 -0.271707 0.180145 0 5
55.1855 0.545486 -0.271684 0.180132 0 5
55.285 0.545486 -0.271699 0.180151 0 5
