33.9878 33.9878 0 0 5
34.0812 33.9878 0 0.0933127 5
34.1856 33.9878 0.0933127 0.197803 5
34.2728 33.9878 0.197803 0.284964 5
34.4032 33.9878 0.284964 0.415367 5
34.4828 33.9878 0.415367 0.494925 5
34.5878 33.9878 0.494925 0.599923 5
34.6696 33.9878 0.599923 0.681733 5
34.7613 33.9878 0.681733 0.773422 5
34.8666 33.9878 0.773422 0.878796 5
34.979 33.9878 0.878796 0.991159 5
35.0765 33.9878 0.991159 1.08867 5
35.1673 33.9878 1.08867 1.17945 5
35.2825 33.9878 1.17945 1.29465 5
35.3668 33.9878 1.29465 1.37899 5
35.4759 33.9878 1.37899 1.4881 5
35.5545 33.9878 1.4881 1.56671 5
35.6776 33.9878 1.56671 1.68979 5
35.7607 33.9878 1.68979 1.77291 5
35.8467 33.9878 1.77291 1.85885 5
35.9459 33.9878 1.85885 1.95806 5
36.0509 33.9878 1.95806 2.06302 5
36.1569 33.9878 2.06302 2.1691 5
36.2714 33.9878 2.1691 2.28357 5
36.3599 33.9878 2.28357 2.37202 5
36.4519 33.9878 2.37202 2.46404 5
36.5745 33.9878 2.46404 2.5867 5
36.6546 33.9878 2.5867 2.6668 5
36.7555 33.9878 2.6668 2.76765 5
36.8619 33.9878 2.76765 2.87408 5
36.9525 33.9878 2.87408 2.96464 5
37.0716 33.9878 2.96464 3.08378 5
37.1714 33.9878 3.08378 3.18352 5
37.2723 33.9878 3.18352 3.28442 5
37.3636 33.9878 3.28442 3.37572 5
37.4742 33.9878 3.37572 3.4864 5
37.5486 33.9878 3.4864 3.56075 5
37.6635 33.9878 3.56075 3.67562 5
37.7651 33.9878 3.67562 3.77725 5
37.8621 33.9878 3.77725 3.87429 5
37.9662 33.9878 3.87429 3.97838 5
38.0653 33.9878 3.97838 4.07746 5
38.1493 33.9878 4.07746 4.16148 5
38.2656 33.9878 4.16148 4.27781 5
38.3484 33.9878 4.27781 4.36056 5
38.4556 33.9878 4.36056 4.46777 5
38.5322 33.9878 4.46777 4.54434 5
38.6503 33.9878 4.54434 4.66245 5
38.7464 33.9878 4.66245 4.75853 5
38.8344 33.9878 4.75853 4.84661 5
38.9217 33.9878 4.84661 4.93382 5
39.0237 33.9878 4.93382 5.03585 5
39.1225 33.9878 5.03585 5.13467 5
39.222 33.9878 5.13467 5.23421 5
39.307 33.9878 5.23421 5.31918 5
39.4299 33.9878 5.31918 5.44206 5
39.5172 33.9878 5.44206 5.52931 5
39.6037 33.9878 5.52931 5.61583 5
39.6987 33.9878 5.61583 5.71087 5
39.7948 33.9878 5.71087 5.80701 5
39.8883 33.9878 5.80701 5.90048 5
40.0007 33.9878 5.90048 6.01289 5
40.101 33.9878 6.01289 6.1132 5
40.185 33.9878 6.1132 6.19719 5
40.2867 33.9878 6.19719 6.29889 5
40.3773 33.9878 6.29889 6.38943 5
40.4926 33.9878 6.38943 6.5048 5
40.5629 33.9878 6.5048 6.57508 5
40.6753 33.9878 6.57508 6.6875 5
40.7624 33.9878 6.6875 6.77451 5
40.8543 33.9878 6.77451 6.86649 5
40.9556 33.9878 6.86649 6.96771 5
41.0613 33.9878 6.96771 7.07345 5
41.159 33.9878 7.07345 7.17118 5
41.282 33.9878 7.17118 7.29421 5
41.3725 33.9878 7.29421 7.38467 5
41.483 33.9878 7.38467 7.49519 5
41.5753 33.9878 7.49519 7.58746 5
41.6506 33.9878 7.58746 7.66274 5
41.7375 33.9878 7.66274 7.74966 5
41.8681 33.9878 7.74966 7.88022 5
41.9664 33.9878 7.88022 7.9786 5
42.0569 33.9878 7.9786 8.06909 5
42.1502 33.9878 8.06909 8.16241 5
42.2506 33.9878 8.16241 8.26278 5
42.3536 33.9878 8.26278 8.36579 5
42.4719 33.9878 8.36579 8.48407 5
42.5655 33.9878 8.48407 8.57771 5
42.6665 33.9878 8.57771 8.67866 5
42.7664 33.9878 8.67866 8.77858 5
42.8557 33.9878 8.77858 8.86788 5
42.9634 33.9878 8.86788 8.97554 5
43.0719 33.9878 8.97554 9.08402 5
43.1891 33.9878 9.08402 9.20126 5
43.2663 33.9878 9.20126 9.27847 5
43.3754 33.9878 9.27847 9.38757 5
43.4634 33.9878 9.38757 9.47553 5
43.5786 33.9878 9.47553 9.59081 5
43.6636 33.9878 9.59081 9.67576 5
43.7763 33.9878 9.67576 9.78847 5
43.8572 33.9878 9.78847 9.86937 5
43.9784 33.9878 9.86937 9.99056 5
44.0786 33.9878 9.99056 10.0908 5
44.167 33.9878 10.0908 10.1792 5
44.2464 33.9878 10.1792 10.2586 5
44.3552 33.9878 10.2586 10.3674 5
44.438 33.9878 10.3674 10.4502 5
44.5444 33.9878 10.4502 10.5565 5
44.6251 33.9878 10.5565 10.6372 5
44.7359 33.9878 10.6372 10.7481 5
44.8192 33.9878 10.7481 10.8313 5
44.9311 33.9878 10.8313 10.9432 5
45.0123 33.9878 10.9432 11.0245 5
45.1236 33.9878 11.0245 11.1358 5
45.2174 33.9878 11.1358 11.2296 5
45.3301 33.9878 11.2296 11.3422 5
45.4377 33.9878 11.3422 11.4499 5
45.5358 33.9878 11.4499 11.548 5
45.6223 33.9878 11.548 11.6344 5
45.7243 33.9878 11.6344 11.7365 5
45.8102 33.9878 11.7365 11.8224 5
45.9326 33.9878 11.8224 11.9448 5
46.0071 33.9878 11.9448 12.0192 5
46.1109 33.9878 12.0192 12.1231 5
46.207 33.9878 12.1231 12.2192 5
46.3308 33.9878 12.2192 12.343 5
46.4107 33.9878 12.343 12.4228 5
46.5195 33.9878 12.4228 12.5317 5
46.6268 33.9878 12.5317 12.6389 5
46.7232 33.9878 12.6389 12.7354 5
46.8206 33.9878 12.7354 12.8328 5
46.939 33.9878 12.8328 12.9512 5
47.0125 33.9878 12.9512 13.0247 5
47.1385 33.9878 13.0247 13.1506 5
47.2158 33.9878 13.1506 13.228 5
47.3258 33.9878 13.228 13.338 5
47.4017 33.9878 13.338 13.4139 5
47.5108 33.9878 13.4139 13.5229 5
47.6094 33.9878 13.5229 13.6216 5
47.7131 33.9878 13.6216 13.7253 5
47.8018 33.9878 13.7253 13.8139 5
47.9121 33.9878 13.8139 13.9243 5
48.0169 33.9878 13.9243 14.0291 5
48.1182 33.9878 14.0291 14.1304 5
48.2074 33.9878 14.1304 14.2196 5
48.2836 33.9878 14.2196 14.2958 5
48.4079 33.9878 14.2958 14.4201 5
48.485 33.9878 14.4201 14.4972 5
48.6013 33.9878 14.4972 14.6135 5
48.682 33.9878 14.6135 14.6942 5
48.7958 33.9878 14.6942 14.8079 5
48.883 33.9878 14.8079 14.8952 5
48.9862 33.9878 14.8952 14.9984 5
49.0693 33.9878 14.9984 15.0815 5
49.1843 33.9878 15.0815 15.1965 5
49.2773 33.9878 15.1965 15.2895 5
49.3878 33.9878 15.2895 15.3999 5
49.4643 33.9878 15.3999 15.4764 5
49.5716 33.9878 15.4764 15.5838 5
49.6857 33.9878 15.5838 15.6979 5
49.7716 33.9878 15.6979 15.7838 5
49.881 33.9878 15.7838 15.8932 5
49.9681 33.9878 15.8932 15.9803 5
50.0756 33.9878 15.9803 16.0878 5
50.1619 33.9878 16.0878 16.1741 5
50.2679 33.9878 16.1741 16.2801 5
50.3607 33.9878 16.2801 16.3729 5
50.4701 33.9878 16.3729 16.4823 5
50.563 33.9878 16.4823 16.5751 5
50.6728 33.9878 16.5751 16.6849 5
50.7763 33.9878 16.6849 16.7885 5
50.8649 33.9878 16.7885 16.8771 5
50.954 33.9878 16.8771 16.9662 5
51.0407 33.9878 16.9662 17.0529 5
51.1462 33.9878 17.0529 17.1583 5
51.2334 33.9878 17.1583 17.2455 5
51.3521 33.9878 17.2455 17.3643 5
51.4364 33.9878 17.3643 17.4486 5
51.5388 33.9878 17.4486 17.5509 5
51.6226 33.9878 17.5509 17.6347 5
51.718 33.9878 17.6347 17.7302 5
51.812 33.9878 17.7302 17.8242 5
51.9151 33.9878 17.8242 17.9273 5
52.0156 33.9878 17.9273 18.0277 5
52.1379 33.9878 18.0277 18.15 5
52.2147 33.9878 18.15 18.2269 5
52.3314 33.9878 18.2269 18.3436 5
52.4139 33.9878 18.3436 18.426 5
52.5146 33.9878 18.426 18.5267 5
52.6029 33.9878 18.5267 18.6151 5
52.7182 33.9878 18.6151 18.7303 5
52.7944 33.9878 18.7303 18.8065 5
52.9065 33.9878 18.8065 18.9187 5
52.9819 33.9878 18.9187 18.9941 5
53.1036 33.9878 18.9941 19.1157 5
53.1808 33.9878 19.1157 19.193 5
53.2731 33.9878 19.193 19.2852 5
53.3724 33.9878 19.2852 19.3845 5
53.478 33.9878 19.3845 19.4901 5
53.5775 33.9878 19.4901 19.5897 5
53.6791 33.9878 19.5897 19.6912 5
53.7748 33.9878 19.6912 19.787 5
53.881 33.9878 19.787 19.8931 5
53.9703 33.9878 19.8931 19.9825 5
54.0548 33.9878 19.9825 20.067 5
54.1454 33.9878 20.067 20.1576 5
54.2472 33.9878 20.1576 20.2594 5
54.3381 33.9878 20.2594 20.3502 5
54.4348 33.9878 20.3502 20.447 5
54.5264 33.9878 20.447 20.5385 5
54.6284 33.9878 20.5385 20.6405 5
54.7224 33.9878 20.6405 20.7346 5
54.8147 33.9878 20.7346 20.8269 5
54.9145 33.9878 20.8269 20.9266 5
54.9869 33.9878 20.9266 20.9991 5
55.0827 33.9878 20.9991 21.0949 5
55.1855 33.9878 21.0949 21.1977 5
55.285 33.9878 21.1977 21.2972 5
