1.43051e-06 0.335375 0.178255 -0.0769403 0
0.0870981 0.335458 0.1784 -0.0782889 0
0.175583 0.335393 0.178295 -0.0773196 0
0.282545 0.335451 0.178312 -0.0777962 0
0.368739 0.33538 0.178384 -0.0780568 0
0.445009 0.335285 0.178365 -0.0776131 0
0.522333 0.335367 0.178323 -0.0769586 0
0.618608 0.335302 0.17822 -0.0770688 0
0.701495 0.33535 0.178278 -0.0769625 0
0.783192 0.335374 0.178273 -0.0780732 0
0.860698 0.335433 0.178385 -0.0783268 0
0.956631 0.335377 0.178337 -0.0775214 0
1.02709 0.335329 0.178236 -0.0773988 0
1.11208 0.335313 0.178323 -0.0774399 0
1.20112 0.335351 0.178354 -0.0782841 0
1.28648 0.33543 0.178373 -0.0780152 0
1.36616 0.335391 0.178353 -0.0775711 0
1.45363 0.335319 0.178271 -0.0776653 0
1.55866 0.335347 0.178271 -0.0771482 0
1.64006 0.335364 0.178343 -0.0778047 0
1.72461 0.335393 0.17829 -0.0777251 0
1.8065 0.335318 0.178243 -0.0772973 0
1.90714 0.335389 0.178302 -0.0771796 0
1.98443 0.335392 0.178428 -0.0784139 0
2.09909 0.335351 0.178368 -0.0779059 0
2.18193 0.33538 0.178204 -0.0770663 0
2.28455 0.335357 0.17827 -0.0775368 0
2.37572 0.335417 0.178299 -0.0775742 0
2.46239 0.335352 0.178318 -0.0773812 0
2.5564 0.33537 0.178316 -0.0774258 0
2.64256 0.335407 0.178374 -0.078183 0
2.73769 0.335349 0.178374 -0.0783925 0
2.82392 0.335389 0.178366 -0.0779486 0
2.92457 0.33537 0.178345 -0.0775008 0
3.00386 0.335361 0.178322 -0.0781977 0
3.10777 0.335354 0.178273 -0.0779052 0
3.2031 0.335201 0.178395 -0.078134 0
3.32438 0.335332 0.17829 -0.0775792 0
3.39083 0.335391 0.178373 -0.078679 0
3.50054 0.335256 0.178348 -0.0783091 0
3.59048 0.335387 0.178382 -0.0775348 0
3.6969 0.33538 0.178259 -0.0771681 0
3.77942 0.335406 0.178307 -0.0773354 0
3.88708 0.335328 0.178293 -0.0773803 0
3.98244 0.335325 0.178368 -0.0785593 0
4.08843 0.33527 0.178365 -0.0785657 0
4.16541 0.335319 0.178316 -0.0778388 0
4.2555 0.335381 0.178369 -0.0778342 0
4.3562 0.335422 0.178372 -0.0779308 0
4.44039 0.33546 0.178467 -0.078736 0
4.53633 0.335379 0.1783 -0.0779661 0
4.63611 0.335423 0.178364 -0.0779289 0
4.72261 0.335352 0.178339 -0.0778228 0
4.80473 0.335393 0.178313 -0.0776524 0
4.90237 0.335172 0.178458 -0.0789798 0
4.9887 0.335369 0.178312 -0.0777007 0
5.08921 0.335322 0.178329 -0.0779562 0
5.17432 0.33535 0.178299 -0.0779132 0
5.26769 0.335412 0.178417 -0.0776902 0
5.36195 0.335324 0.178376 -0.0782162 0
5.44819 0.335387 0.178331 -0.0773235 0
5.55139 0.335356 0.178261 -0.07757 0
5.6347 0.335366 0.178242 -0.0778749 0
5.72926 0.335354 0.178295 -0.0778109 0
5.82969 0.335235 0.178372 -0.0786958 0
5.91597 0.335417 0.178363 -0.0777855 0
6.01976 0.335175 0.178377 -0.0782164 0
6.1065 0.335259 0.178424 -0.0786912 0
6.19505 0.335293 0.178366 -0.0781027 0
6.29314 0.335269 0.178416 -0.0782691 0
6.37753 0.335322 0.178316 -0.0776543 0
6.47556 0.335238 0.178374 -0.0784048 0
6.56021 0.335398 0.178368 -0.0779625 0
6.64933 0.335245 0.178315 -0.0779635 0
6.74516 0.335344 0.178388 -0.0785211 0
6.83495 0.335346 0.178268 -0.0773347 0
6.92777 0.335396 0.178282 -0.0776901 0
7.02448 0.335226 0.178385 -0.0781137 0
7.11912 0.335308 0.178378 -0.0783516 0
7.19672 0.335388 0.178332 -0.0781997 0
7.29811 0.335335 0.178327 -0.0779881 0
7.3789 0.335432 0.178336 -0.0774907 0
7.4735 0.33536 0.178235 -0.0776289 0
7.58715 0.335365 0.178429 -0.0783492 0
7.65988 0.335324 0.178433 -0.0787301 0
7.75907 0.335344 0.178376 -0.078092 0
7.84677 0.335377 0.178322 -0.0773891 0
7.94436 0.335327 0.178343 -0.0777989 0
8.04397 0.335194 0.178371 -0.0786043 0
8.12743 0.335365 0.178372 -0.077948 0
8.24215 0.335342 0.17839 -0.0781274 0
8.30327 0.335328 0.178313 -0.0778645 0
8.40718 0.335381 0.178363 -0.0782175 0
8.49999 0.335365 0.17838 -0.0778972 0
8.5884 0.335331 0.178374 -0.0782636 0
8.68976 0.335226 0.178416 -0.0783912 0
8.77583 0.334983 0.178383 -0.078564 0
8.86411 0.335308 0.1783 -0.0778387 0
8.97144 0.335243 0.17839 -0.0786396 0
9.05099 0.335347 0.178429 -0.0784643 0
9.15218 0.33512 0.178403 -0.0787348 0
9.23579 0.33537 0.178321 -0.0777012 0
9.3393 0.335202 0.178285 -0.0781099 0
9.42826 0.335386 0.178414 -0.078254 0
9.51467 0.335392 0.178322 -0.0783722 0
9.61529 0.335404 0.178418 -0.0782279 0
9.70636 0.335283 0.178381 -0.0785667 0
9.78693 0.335346 0.178378 -0.0786595 0
9.90067 0.335369 0.178307 -0.0780663 0
9.97726 0.335169 0.178408 -0.0787037 0
10.0751 0.335314 0.178403 -0.0787554 0
10.1708 0.335258 0.178392 -0.0780914 0
10.278 0.335325 0.178261 -0.0779151 0
10.3658 0.335107 0.178441 -0.0788988 0
10.4415 0.335126 0.17832 -0.0785693 0
10.5378 0.335308 0.178357 -0.0781673 0
10.6354 0.335251 0.178382 -0.0784197 0
10.7136 0.335391 0.178425 -0.078374 0
10.8086 0.335124 0.178396 -0.0786796 0
10.9022 0.335365 0.178354 -0.0778255 0
10.9985 0.335253 0.178372 -0.0784845 0
11.0904 0.335207 0.178453 -0.0788624 0
11.176 0.335161 0.178399 -0.0780069 0
11.2816 0.335288 0.178392 -0.0788628 0
11.3751 0.335343 0.17828 -0.0778097 0
11.4558 0.335044 0.178429 -0.0788496 0
11.554 0.33533 0.178345 -0.0784287 0
11.6504 0.335387 0.178344 -0.0780339 0
11.7404 0.335127 0.178306 -0.078123 0
11.8377 0.335248 0.178345 -0.0783162 0
11.935 0.335352 0.178302 -0.077461 0
12.0286 0.335279 0.178389 -0.0786381 0
12.111 0.335327 0.17831 -0.0781686 0
12.2006 0.335084 0.178444 -0.0789899 0
12.3009 0.335236 0.178388 -0.0787298 0
12.388 0.335251 0.178399 -0.0787529 0
12.4945 0.335277 0.178382 -0.0787038 0
12.5857 0.335241 0.178268 -0.0783516 0
12.6935 0.335234 0.178329 -0.0780669 0
12.7901 0.335372 0.17844 -0.0786396 0
12.8813 0.335374 0.178473 -0.0781761 0
12.9738 0.335136 0.178365 -0.0789636 0
13.0644 0.335219 0.178356 -0.0786595 0
13.165 0.335033 0.178447 -0.0794394 0
13.2537 0.335281 0.178447 -0.0788202 0
13.3645 0.335151 0.178364 -0.0788087 0
13.441 0.335144 0.178357 -0.0786 0
13.529 0.335349 0.178352 -0.0786666 0
13.6273 0.335056 0.178482 -0.07917 0
13.707 0.335456 0.17837 -0.0781988 0
13.802 0.335196 0.178312 -0.0788935 0
13.902 0.335233 0.178365 -0.0783901 0
14.0037 0.335171 0.178371 -0.0787593 0
14.0936 0.335296 0.178401 -0.0786899 0
14.1817 0.335195 0.178372 -0.0790334 0
14.2906 0.33545 0.178418 -0.0783049 0
14.3813 0.335184 0.17843 -0.0791414 0
14.4882 0.33528 0.17836 -0.0783713 0
14.5667 0.335187 0.178371 -0.0784621 0
14.653 0.335169 0.17841 -0.0788662 0
14.7467 0.335234 0.178359 -0.0780532 0
14.8377 0.33534 0.178372 -0.0785913 0
14.943 0.335254 0.178372 -0.078415 0
15.039 0.335329 0.17835 -0.0781713 0
15.1273 0.335438 0.178407 -0.0783049 0
15.2254 0.335116 0.178318 -0.0787234 0
15.3366 0.335061 0.178345 -0.0783345 0
15.4077 0.335313 0.178245 -0.0775591 0
15.5358 0.335358 0.178439 -0.0785012 0
15.6205 0.335342 0.178422 -0.078195 0
15.7143 0.33511 0.178382 -0.0788905 0
15.8039 0.335179 0.178373 -0.0787225 0
15.9111 0.33519 0.178246 -0.0784834 0
16.0012 0.335323 0.178365 -0.078981 0
16.108 0.335155 0.178298 -0.0787192 0
16.1823 0.335218 0.178387 -0.0784962 0
16.2882 0.335412 0.178775 -0.078208 0
16.38 0.335398 0.17892 -0.0780891 0
16.4691 0.335598 0.178993 -0.0776161 0
16.5711 0.335523 0.179185 -0.0778164 0
16.6627 0.335433 0.179382 -0.0779597 0
16.7746 0.335526 0.179383 -0.0773617 0
16.8559 0.335765 0.179345 -0.0752683 0
16.9612 0.33528 0.179916 -0.0765094 0
17.0595 0.335223 0.179975 -0.0757404 0
17.1449 0.335354 0.180392 -0.0757722 0
17.2387 0.335669 0.180643 -0.0744429 0
17.3259 0.335761 0.180919 -0.0741296 0
17.4242 0.336414 0.18114 -0.0735416 0
17.5086 0.335169 0.181432 -0.0731242 0
17.6036 0.334674 0.181792 -0.0733818 0
17.6934 0.334468 0.182085 -0.0726846 0
17.7862 0.334085 0.182203 -0.0714212 0
17.8818 0.333404 0.182704 -0.0715346 0
17.9812 0.333366 0.18284 -0.0704319 0
18.0815 0.333373 0.183086 -0.0692407 0
18.1795 0.333168 0.183319 -0.0688935 0
18.2597 0.333744 0.183203 -0.0662791 0
18.3584 0.333681 0.183341 -0.0651773 0
18.4447 0.333881 0.183812 -0.0643357 0
18.5357 0.333872 0.183758 -0.0634194 0
18.634 0.333674 0.183857 -0.0628271 0
18.7205 0.333404 0.183965 -0.0618551 0
18.8239 0.333518 0.184425 -0.0625068 0
18.9093 0.334397 0.184059 -0.0591716 0
19.0067 0.334823 0.184573 -0.0590398 0
19.1021 0.334172 0.184997 -0.0586498 0
19.199 0.334173 0.184786 -0.056488 0
19.2935 0.333903 0.185328 -0.0567103 0
19.3837 0.33438 0.185448 -0.0543713 0
19.4691 0.333738 0.185161 -0.0535825 0
19.5644 0.333885 0.18559 -0.0533317 0
19.6512 0.334518 0.185238 -0.050576 0
19.7508 0.33421 0.185092 -0.0494475 0
19.8416 0.335827 0.185024 -0.0466639 0
19.9437 0.335293 0.185412 -0.0467262 0
20.0359 0.334398 0.185151 -0.0451836 0
20.1238 0.335947 0.184952 -0.0429791 0
20.219 0.335962 0.185184 -0.0432418 0
20.3134 0.335346 0.184837 -0.041178 0
20.4108 0.335509 0.184795 -0.040171 0
20.4988 0.335781 0.184623 -0.0378971 1
20.5869 0.336329 0.184451 -0.0376533 1
20.6864 0.336188 0.185109 -0.0388284 1
20.7748 0.334982 0.184658 -0.0369444 1
20.8762 0.335574 0.184943 -0.0382498 1
20.9672 0.336594 0.184761 -0.0381484 1
21.0624 0.335863 0.184781 -0.0376716 1
21.1625 0.336638 0.184747 -0.0360977 1
21.246 0.337569 0.185245 -0.0368395 1
21.3556 0.336145 0.185294 -0.0374139 1
21.4319 0.33742 0.184783 -0.0350044 1
21.5264 0.338485 0.185161 -0.0350278 1
21.6149 0.338421 0.185248 -0.0349991 1
21.705 0.341146 0.185389 -0.0336019 1
21.8076 0.342856 0.185811 -0.0339024 1
21.8983 0.344896 0.185803 -0.0328749 1
21.9854 0.347115 0.186121 -0.0330491 1
22.0886 0.34815 0.186412 -0.0342319 1
22.1746 0.351903 0.186665 -0.0336442 1
22.2786 0.354264 0.186888 -0.0331931 1
22.3636 0.357874 0.187086 -0.0318734 1
22.4445 0.36007 0.187507 -0.0319949 1
22.5621 0.363556 0.187375 -0.0316697 1
22.6371 0.366778 0.187409 -0.0315857 1
22.7417 0.370323 0.187546 -0.0300601 1
22.8289 0.372729 0.187966 -0.0308407 1
22.9056 0.376923 0.187824 -0.0304504 1
23.005 0.380213 0.187755 -0.0307793 1
23.0894 0.385871 0.187465 -0.0272062 1
23.1945 0.389009 0.187274 -0.0281168 1
23.279 0.393612 0.18741 -0.0274201 1
23.3729 0.397934 0.187597 -0.0254273 1
23.4734 0.400777 0.187908 -0.0253247 1
23.5671 0.405744 0.187904 -0.0262623 1
23.6635 0.410652 0.187895 -0.0249959 1
23.7503 0.413912 0.18711 -0.0249467 1
23.8474 0.419963 0.187439 -0.024823 1
23.9635 0.42313 0.187296 -0.0267452 1
24.0393 0.425725 0.186991 -0.029346 1
24.1368 0.430095 0.186996 -0.0276989 1
24.2394 0.434074 0.186529 -0.0302833 1
24.3258 0.438918 0.186266 -0.0288318 1
24.4317 0.441971 0.185556 -0.0282381 1
24.5138 0.447224 0.185384 -0.0276296 1
24.6154 0.448746 0.184995 -0.0303415 1
24.7053 0.455573 0.184071 -0.0276453 1
24.8147 0.458093 0.183968 -0.0281386 1
24.8988 0.461026 0.183653 -0.0271216 1
24.9897 0.465237 0.182818 -0.0256154 1
25.0871 0.468395 0.18272 -0.0274104 1
25.178 0.47102 0.181673 -0.0265149 1
25.2716 0.473519 0.181971 -0.0273733 1
25.3648 0.475727 0.18167 -0.0275521 1
25.4606 0.476755 0.180984 -0.0281386 1
25.5684 0.48072 0.180245 -0.0241205 1
25.6393 0.481023 0.180311 -0.0273536 2
25.7408 0.48244 0.179949 -0.0259457 2
25.8423 0.483295 0.180101 -0.0263366 2
25.9363 0.484666 0.180142 -0.0271467 2
26.0358 0.485131 0.179639 -0.0259989 2
26.1156 0.485049 0.17975 -0.0264098 2
26.2298 0.48568 0.17993 -0.0270571 2
26.3165 0.485751 0.179785 -0.0275655 2
26.4091 0.48583 0.179778 -0.02751 2
26.507 0.485357 0.179342 -0.0286046 2
26.5967 0.485373 0.178738 -0.0285171 2
26.699 0.485162 0.178131 -0.0289523 2
26.788 0.485554 0.177397 -0.0267077 2
26.8872 0.486283 0.17645 -0.024476 2
26.9801 0.48613 0.175423 -0.0265609 2
27.0718 0.485626 0.174432 -0.0279574 2
27.1704 0.485913 0.173263 -0.0276047 2
27.2601 0.486801 0.172254 -0.0267913 2
27.3541 0.487943 0.170755 -0.0247273 2
27.4419 0.488011 0.169584 -0.0256259 2
27.5414 0.489307 0.167778 -0.0261897 2
27.6414 0.488926 0.16566 -0.026806 2
27.7296 0.488858 0.163376 -0.0224896 2
27.8352 0.489968 0.161634 -0.0235493 2
27.9179 0.490366 0.159991 -0.0241359 2
28.0089 0.490604 0.157848 -0.0242827 2
28.1032 0.490818 0.156096 -0.0249546 2
28.1966 0.492059 0.153136 -0.0228053 2
28.2988 0.491625 0.150923 -0.0249416 2
28.3793 0.49367 0.148643 -0.0236837 2
28.4757 0.493158 0.146653 -0.0276728 2
28.5695 0.494399 0.143652 -0.0226583 2
28.6635 0.496234 0.140596 -0.0223384 2
28.769 0.494957 0.137958 -0.0241347 2
28.8576 0.497225 0.134783 -0.0231063 2
28.9605 0.498102 0.131661 -0.0207594 2
29.0517 0.498393 0.129102 -0.0219254 2
29.1431 0.498762 0.125579 -0.0249518 2
29.2493 0.500073 0.12218 -0.022154 2
29.3368 0.500063 0.118733 -0.022863 2
29.431 0.499656 0.115386 -0.0267315 2
29.5303 0.501068 0.111747 -0.0239752 2
29.621 0.502162 0.10833 -0.0231755 2
29.7116 0.503 0.105154 -0.0236183 2
29.8048 0.502522 0.101273 -0.0255157 2
29.9132 0.50348 0.0971301 -0.0236681 2
30.0017 0.50496 0.0934841 -0.0238851 2
30.1006 0.506494 0.0895696 -0.0242619 2
30.1922 0.505902 0.085564 -0.024777 2
30.2881 0.50648 0.0817214 -0.0248551 2
30.3813 0.508526 0.0774939 -0.0219327 2
30.4777 0.509263 0.0733172 -0.0218088 2
30.5745 0.509813 0.068358 -0.019744 2
30.6638 0.510629 0.0648415 -0.022394 2
30.7704 0.510148 0.0604584 -0.0237646 2
30.8591 0.510409 0.0562515 -0.0244986 2
30.9606 0.511512 0.0515881 -0.0218372 2
31.0635 0.511036 0.0464512 -0.0222992 2
31.1442 0.510911 0.0431313 -0.0286812 2
31.2418 0.51045 0.038695 -0.0269518 2
31.3465 0.511914 0.0334302 -0.0256743 2
31.4326 0.511507 0.0295668 -0.0250556 2
31.5348 0.513313 0.0239746 -0.0215115 2
31.6102 0.512453 0.0206375 -0.0241109 2
31.7104 0.512534 0.0156147 -0.0234711 2
31.7979 0.512581 0.0113286 -0.0241243 2
31.8979 0.511818 0.00646117 -0.0240727 2
32.0022 0.513267 0.00147301 -0.0236888 2
32.0888 0.512958 -0.00289553 -0.0231603 2
32.1925 0.512904 -0.00794017 -0.0240934 2
32.2713 0.512877 -0.0122772 -0.0255602 2
32.3712 0.512565 -0.0165043 -0.0267378 2
32.4612 0.512856 -0.0216079 -0.0260316 2
32.5675 0.512386 -0.0266731 -0.0264433 2
32.6569 0.511837 -0.030894 -0.0282915 2
32.7578 0.511148 -0.0359704 -0.0279739 2
32.8528 0.511705 -0.0406501 -0.0266532 2
32.9438 0.511118 -0.0448971 -0.0318334 2
33.0576 0.511268 -0.0505525 -0.0283397 2
33.1536 0.510408 -0.0550015 -0.0307767 2
33.2484 0.510229 -0.0599174 -0.0286894 2
33.3522 0.510011 -0.0646216 -0.0293913 2
33.4443 0.510209 -0.0707266 -0.0262846 2
33.5344 0.509173 -0.0744343 -0.0273609 2
33.6287 0.508701 -0.0793723 -0.0264269 2
33.7187 0.508065 -0.0841687 -0.026523 2
33.8109 0.50767 -0.0879835 -0.028136 2
33.9111 0.507376 -0.0930163 -0.0288857 2
33.9932 0.506508 -0.0962944 -0.0268237 2
34.0937 0.506276 -0.100804 -0.0261505 2
34.1869 0.505392 -0.10512 -0.0230187 2
34.2885 0.504178 -0.109141 -0.0229019 2
34.3962 0.503035 -0.113085 -0.0252888 2
34.494 0.50328 -0.117245 -0.0224469 2
34.5816 0.502291 -0.120731 -0.0201347 2
34.6661 0.500028 -0.122614 -0.0231619 2
34.7623 0.499517 -0.126751 -0.0244144 2
34.8561 0.499361 -0.130631 -0.0237419 2
34.9495 0.498885 -0.134021 -0.025108 2
35.0576 0.496799 -0.138903 -0.0263989 2
35.1618 0.496258 -0.142447 -0.0264787 2
35.2537 0.495705 -0.145856 -0.0257869 2
35.351 0.49494 -0.148665 -0.0259599 2
35.4416 0.494484 -0.152514 -0.0255468 2
35.5338 0.493131 -0.15567 -0.0263289 2
35.627 0.490917 -0.157729 -0.0283275 2
35.749 0.489559 -0.162366 -0.0283878 2
35.8358 0.489628 -0.163505 -0.0272608 2
35.9177 0.490859 -0.167198 -0.0248889 2
36.0005 0.488754 -0.16964 -0.0263688 2
36.0971 0.485095 -0.172658 -0.0316334 2
36.1916 0.48378 -0.174888 -0.0312914 2
36.287 0.481928 -0.177772 -0.0333115 2
36.389 0.482052 -0.180843 -0.0318957 2
36.4783 0.481771 -0.183224 -0.0321262 2
36.5787 0.481157 -0.185293 -0.0306312 2
36.6671 0.479949 -0.186894 -0.0317562 2
36.7667 0.479363 -0.189219 -0.0319473 2
36.8659 0.479106 -0.191049 -0.0317736 2
36.962 0.478052 -0.192216 -0.0323236 2
37.0553 0.477652 -0.194254 -0.0309636 2
37.1491 0.477063 -0.195768 -0.0311384 2
37.2416 0.477052 -0.196826 -0.03021 2
37.341 0.477634 -0.198389 -0.0317618 2
37.4256 0.477026 -0.199424 -0.0310898 2
37.5173 0.476337 -0.20071 -0.029689 3
37.6081 0.475947 -0.201453 -0.0305651 3
37.7015 0.475376 -0.202147 -0.0299635 3
37.7892 0.475578 -0.203186 -0.0291342 3
37.8906 0.474171 -0.203275 -0.0299291 3
37.983 0.474751 -0.203505 -0.0297009 3
38.0736 0.47449 -0.204014 -0.0300174 3
38.1654 0.474258 -0.204012 -0.0301156 3
38.284 0.473882 -0.203564 -0.0296106 3
38.3686 0.473686 -0.203795 -0.0302764 3
38.4652 0.474231 -0.203805 -0.0295395 3
38.5613 0.474271 -0.20405 -0.0303509 3
38.6547 0.473875 -0.204055 -0.0305149 3
38.7532 0.474375 -0.204033 -0.0299379 3
38.8466 0.47445 -0.204081 -0.0293529 3
38.9394 0.473569 -0.204016 -0.0305982 3
39.0361 0.474084 -0.203988 -0.029584 3
39.1321 0.473876 -0.20445 -0.0306467 3
39.2373 0.473426 -0.204322 -0.0302001 3
39.3282 0.4735 -0.204708 -0.0301501 3
39.4287 0.473309 -0.204682 -0.0296919 3
39.5299 0.473187 -0.204813 -0.0300474 3
39.6237 0.472725 -0.205199 -0.0304782 3
39.7156 0.472871 -0.205371 -0.0293501 3
39.8074 0.472763 -0.205129 -0.0287708 3
39.9065 0.472696 -0.205847 -0.0285363 3
40.0034 0.471979 -0.205961 -0.0293838 3
40.1252 0.472617 -0.205975 -0.0273292 3
40.2191 0.47281 -0.2066 -0.0269291 3
40.3531 0.472428 -0.206646 -0.0262996 3
40.4646 0.472562 -0.207137 -0.0268027 3
40.5409 0.472649 -0.207396 -0.0245572 4
40.6344 0.472742 -0.207152 -0.0255425 4
40.7362 0.472561 -0.207156 -0.0241974 4
40.8374 0.47258 -0.207686 -0.0229254 4
40.9439 0.472855 -0.208375 -0.0226945 4
41.0223 0.473576 -0.208266 -0.0215642 4
41.1188 0.473037 -0.208228 -0.0220467 4
41.2002 0.472959 -0.208704 -0.0215497 4
41.3119 0.473184 -0.208628 -0.0206113 4
41.4192 0.472425 -0.208492 -0.02159 4
41.5052 0.472003 -0.208535 -0.0223703 4
41.5966 0.472793 -0.208173 -0.0219647 4
41.6987 0.472296 -0.207711 -0.0225927 4
41.7832 0.472414 -0.206806 -0.0227714 4
41.8798 0.473294 -0.205515 -0.0218385 4
41.9907 0.472898 -0.20415 -0.0236479 4
42.0716 0.473078 -0.202698 -0.0236312 4
42.2029 0.473379 -0.199941 -0.0249113 4
42.2933 0.473788 -0.198218 -0.0253164 4
42.3823 0.473281 -0.196491 -0.0248697 4
42.485 0.474063 -0.194045 -0.0253356 4
42.5782 0.474607 -0.19156 -0.0251005 4
42.6767 0.47465 -0.189424 -0.0256528 4
42.7689 0.474476 -0.187281 -0.0267451 4
42.8586 0.474822 -0.185229 -0.0286591 4
42.9602 0.474852 -0.182957 -0.0287502 4
43.0579 0.475299 -0.180702 -0.0288784 4
43.1673 0.475751 -0.178443 -0.0296835 4
43.2595 0.475216 -0.176614 -0.0316971 4
43.3585 0.475934 -0.174937 -0.0326238 4
43.4348 0.476191 -0.173185 -0.0318133 4
43.5348 0.47636 -0.171837 -0.0326875 4
43.6241 0.476641 -0.170407 -0.0334153 4
43.7193 0.476786 -0.168813 -0.0333951 4
43.8089 0.475841 -0.166602 -0.0320439 4
43.9305 0.475812 -0.164237 -0.0305791 4
44.0029 0.475281 -0.163464 -0.0292988 4
44.0976 0.474303 -0.162709 -0.0300293 4
44.0976 0 0 0 5
44.1955 0.474579 -0.161337 -0.0291488 5
44.2913 0.473896 -0.160992 -0.0294337 5
44.392 0.47425 -0.16065 -0.0285536 5
44.5112 0.47371 -0.160634 -0.0294599 5
44.591 0.473037 -0.161431 -0.0296992 5
44.7011 0.470093 -0.172935 -0.0298648 5
44.8033 0.470353 -0.172074 -0.0298623 5
44.898 0.474082 -0.172846 -0.0368191 5
45.0109 0.474551 -0.171857 -0.0382859 5
45.091 0.474791 -0.171933 -0.0373241 5
45.191 0.475416 -0.171961 -0.0380574 5
45.3094 0.475208 -0.172016 -0.0372867 5
45.3805 0.475206 -0.172077 -0.0380158 5
45.4814 0.475183 -0.172008 -0.0380421 5
45.5714 0.475281 -0.172075 -0.0381678 5
45.6609 0.475034 -0.172109 -0.0376764 5
45.7458 0.475062 -0.171859 -0.0379831 5
45.8425 0.475212 -0.172113 -0.0385677 5
45.9385 0.47527 -0.172122 -0.0377681 5
46.038 0.475169 -0.17209 -0.0381472 5
46.1193 0.475178 -0.172134 -0.0383409 5
46.219 0.475019 -0.17205 -0.0391157 5
46.3138 0.475095 -0.172164 -0.0384639 5
46.4113 0.475141 -0.172115 -0.0382544 5
46.5087 0.474966 -0.172273 -0.0376304 5
46.5968 0.47514 -0.172029 -0.0382136 5
46.6926 0.474947 -0.172158 -0.0381751 5
46.7792 0.475049 -0.172221 -0.0379174 5
46.8704 0.475029 -0.172201 -0.0383022 5
46.9712 0.475291 -0.171956 -0.0385643 5
47.0578 0.475237 -0.17197 -0.0386818 5
47.1568 0.475133 -0.172204 -0.0379187 5
47.2437 0.475111 -0.172186 -0.0376418 5
47.3349 0.475174 -0.17216 -0.037706 5
47.4339 0.475266 -0.172201 -0.0378235 5
47.5299 0.475227 -0.172122 -0.0379645 5
47.6196 0.475016 -0.172119 -0.0397428 5
47.713 0.475095 -0.172004 -0.0379037 5
47.8085 0.475207 -0.172196 -0.0381796 5
47.9065 0.475096 -0.172158 -0.0378892 5
47.9889 0.475125 -0.172343 -0.0370736 5
48.094 0.475347 -0.172268 -0.0376413 5
48.1862 0.47502 -0.172087 -0.0386082 5
48.281 0.475212 -0.172081 -0.0382922 5
48.3789 0.475366 -0.171904 -0.037775 5
48.4692 0.475198 -0.172217 -0.0380869 5
48.5579 0.475149 -0.172091 -0.0380514 5
48.6482 0.475159 -0.172066 -0.0384889 5
48.7244 0.47516 -0.17214 -0.0383818 5
48.8716 0.475178 -0.171973 -0.0385481 5
48.9927 0.475119 -0.171998 -0.0382561 5
