1.43051e-06 0.459778 0.169258 -0.0694959 0
0.0870981 0.459813 0.169357 -0.0703241 0
0.175583 0.459779 0.169302 -0.0699815 0
0.282545 0.45976 0.169261 -0.0695163 0
0.368739 0.459742 0.169337 -0.0701994 0
0.445009 0.459768 0.169344 -0.0698612 0
0.522333 0.45976 0.169329 -0.0695284 0
0.618608 0.459677 0.169187 -0.0692509 0
0.701495 0.459756 0.169256 -0.0694468 0
0.783192 0.459706 0.169263 -0.0703965 0
0.860698 0.459756 0.16926 -0.0695355 0
0.956631 0.459754 0.169288 -0.0698026 0
1.02709 0.459718 0.169196 -0.0694315 0
1.11208 0.459677 0.169249 -0.069355 0
1.20112 0.459792 0.169274 -0.0699382 0
1.28648 0.459757 0.169287 -0.0693804 0
1.36616 0.459735 0.1693 -0.0694092 0
1.45363 0.459734 0.169221 -0.0699533 0
1.55866 0.459702 0.169226 -0.069173 0
1.64006 0.459725 0.16924 -0.0695237 0
1.72461 0.459743 0.169302 -0.0701171 0
1.8065 0.459683 0.169209 -0.0694962 0
1.90714 0.459758 0.169276 -0.0695543 0
1.98443 0.459819 0.169373 -0.0704674 0
2.09909 0.459823 0.169319 -0.070178 0
2.18193 0.459748 0.16919 -0.0694407 0
2.28455 0.459738 0.169265 -0.0700241 0
2.37572 0.459751 0.169251 -0.0693271 0
2.46239 0.459728 0.169286 -0.0695218 0
2.5564 0.459775 0.169301 -0.0700214 0
2.64256 0.459756 0.169302 -0.069775 0
2.73769 0.459855 0.169352 -0.0709452 0
2.82392 0.459837 0.169371 -0.0706521 0
2.92457 0.459733 0.169308 -0.0696094 0
3.00386 0.459743 0.169227 -0.0695512 0
3.10777 0.459768 0.169275 -0.0703702 0
3.2031 0.459834 0.169405 -0.0708803 0
3.32438 0.459721 0.169261 -0.0697702 0
3.39083 0.459807 0.169306 -0.0706398 0
3.50054 0.459774 0.169309 -0.0703364 0
3.59048 0.459747 0.169314 -0.0692596 0
3.6969 0.459798 0.16931 -0.070273 0
3.77942 0.459743 0.169255 -0.0693346 0
3.88708 0.459731 0.169236 -0.0692896 0
3.98244 0.459798 0.169288 -0.0703953 0
4.08843 0.459762 0.169312 -0.0703545 0
4.16541 0.459736 0.169236 -0.069368 0
4.2555 0.459779 0.169279 -0.0698175 0
4.3562 0.459816 0.169375 -0.0705695 0
4.44039 0.459804 0.169337 -0.0699638 0
4.53633 0.459759 0.169312 -0.0701728 0
4.63611 0.459794 0.169327 -0.0703355 0
4.72261 0.459766 0.169271 -0.0698946 0
4.80473 0.459743 0.169251 -0.0694881 0
4.90237 0.459885 0.169404 -0.07097 0
4.9887 0.459744 0.16928 -0.0696544 0
5.08921 0.459737 0.169287 -0.0700799 0
5.17432 0.459765 0.169282 -0.0703146 0
5.26769 0.459803 0.169393 -0.0701177 0
5.36195 0.459764 0.169316 -0.0703433 0
5.44819 0.459798 0.169304 -0.0697297 0
5.55139 0.459765 0.169291 -0.0703461 0
5.6347 0.45973 0.169211 -0.0701749 0
5.72926 0.459748 0.169287 -0.0702191 0
5.82969 0.459796 0.169339 -0.070571 0
5.91597 0.459765 0.169287 -0.0693966 0
6.01976 0.459777 0.169331 -0.070066 0
6.1065 0.459823 0.169374 -0.0708981 0
6.19505 0.45981 0.169351 -0.0704552 0
6.29314 0.459826 0.169385 -0.0704424 0
6.37753 0.459729 0.169277 -0.0700357 0
6.47556 0.459791 0.16934 -0.0703022 0
6.56021 0.459778 0.169325 -0.0700905 0
6.64933 0.459798 0.169331 -0.0705439 0
6.74516 0.459802 0.169355 -0.0706503 0
6.83495 0.459825 0.169329 -0.070768 0
6.92777 0.459807 0.16928 -0.070344 0
7.02448 0.459815 0.169392 -0.0708596 0
7.11912 0.459787 0.16932 -0.0703315 0
7.19672 0.459821 0.169303 -0.0706041 0
7.29811 0.459718 0.169254 -0.0696841 0
7.3789 0.459874 0.169392 -0.0705645 0
7.4735 0.459745 0.169246 -0.0699921 0
7.58715 0.459829 0.16939 -0.0708105 0
7.65988 0.459842 0.169389 -0.0708658 0
7.75907 0.459806 0.169363 -0.0705796 0
7.84677 0.459755 0.1693 -0.06978 0
7.94436 0.45977 0.169324 -0.0701547 0
8.04397 0.459792 0.169327 -0.0705 0
8.12743 0.459839 0.169361 -0.0704623 0
8.24215 0.459822 0.169368 -0.0703241 0
8.30327 0.459803 0.169335 -0.0706436 0
8.40718 0.459847 0.16934 -0.0705967 0
8.49999 0.459796 0.169328 -0.0701213 0
8.5884 0.459815 0.16934 -0.0705155 0
8.68976 0.459839 0.169402 -0.0707327 0
8.77583 0.459829 0.169367 -0.0712724 0
8.86411 0.459779 0.169301 -0.070599 0
8.97144 0.459856 0.169376 -0.0712983 0
9.05099 0.459859 0.169392 -0.0707448 0
9.15218 0.459777 0.169326 -0.0703741 0
9.23579 0.459787 0.169329 -0.0703397 0
9.3393 0.459744 0.169297 -0.0706112 0
9.42826 0.459866 0.169416 -0.0708201 0
9.51467 0.459765 0.169259 -0.0702273 0
9.61529 0.459811 0.169311 -0.0699373 0
9.70636 0.459783 0.169354 -0.0704855 0
9.78693 0.459807 0.169305 -0.0705687 0
9.90067 0.459767 0.169289 -0.0704072 0
9.97726 0.459783 0.169313 -0.0704127 0
10.0751 0.459845 0.169351 -0.0711609 0
10.1708 0.459759 0.169354 -0.0702891 0
10.278 0.45974 0.169279 -0.0706178 0
10.3658 0.459868 0.169428 -0.0712467 0
10.4415 0.459822 0.169326 -0.0712991 0
10.5378 0.45976 0.169325 -0.0702033 0
10.6354 0.459773 0.169315 -0.0701239 0
10.7136 0.459831 0.169398 -0.0707925 0
10.8086 0.459764 0.16931 -0.0702895 0
10.9022 0.459798 0.169318 -0.0701702 0
10.9985 0.459753 0.169318 -0.0704454 0
11.0904 0.459881 0.169426 -0.0712031 0
11.176 0.459829 0.169391 -0.0705841 0
11.2816 0.459806 0.169317 -0.0704261 0
11.3751 0.459752 0.169241 -0.0702238 0
11.4558 0.459885 0.169376 -0.0711796 0
11.554 0.459812 0.169318 -0.0708096 0
11.6504 0.459791 0.169361 -0.0707019 0
11.7404 0.45977 0.169332 -0.0707099 0
11.8377 0.459824 0.169335 -0.0709599 0
11.935 0.459788 0.169324 -0.0704137 0
12.0286 0.459865 0.169382 -0.0714416 0
12.111 0.459841 0.169367 -0.0713003 0
12.2006 0.45988 0.169415 -0.0713879 0
12.3009 0.459849 0.16937 -0.0711192 0
12.388 0.459801 0.169324 -0.0706219 0
12.4945 0.459839 0.169375 -0.0710368 0
12.5857 0.459768 0.16924 -0.0707132 0
12.6935 0.459775 0.169345 -0.0708054 0
12.7901 0.459857 0.169396 -0.0708975 0
12.8813 0.459841 0.169401 -0.0702078 0
12.9738 0.45985 0.169314 -0.0712132 0
13.0644 0.459811 0.169322 -0.070803 0
13.165 0.459834 0.169389 -0.0716599 0
13.2537 0.459831 0.169347 -0.0705768 0
13.3645 0.45977 0.169339 -0.071281 0
13.441 0.459805 0.169299 -0.0708407 0
13.529 0.459826 0.169296 -0.0704047 0
13.6273 0.459876 0.169419 -0.0714214 0
13.707 0.459866 0.169341 -0.0704084 0
13.802 0.459769 0.169281 -0.0710628 0
13.902 0.459774 0.169327 -0.0705173 0
14.0037 0.459823 0.169362 -0.0712064 0
14.0936 0.459788 0.169298 -0.0701822 0
14.1817 0.459767 0.16927 -0.0704868 0
14.2906 0.459831 0.169351 -0.0699292 0
14.3813 0.459802 0.169328 -0.0704061 0
14.4882 0.459827 0.169352 -0.0708177 0
14.5667 0.459799 0.169363 -0.0708972 0
14.653 0.459835 0.169373 -0.0711329 0
14.7467 0.459849 0.169339 -0.0704623 0
14.8377 0.459796 0.169387 -0.0713045 0
14.943 0.459805 0.169333 -0.0706973 0
15.039 0.459777 0.169296 -0.0702226 0
15.1273 0.459815 0.169338 -0.0701992 0
15.2254 0.459775 0.169306 -0.0710321 0
15.3366 0.45977 0.169333 -0.0708116 0
15.4077 0.45974 0.169231 -0.0698917 0
15.5358 0.45984 0.169389 -0.0706539 0
15.6205 0.459846 0.169377 -0.0703956 0
15.7143 0.459861 0.169372 -0.07116 0
15.8039 0.45982 0.169337 -0.0707495 0
15.9111 0.459751 0.169217 -0.0703102 0
16.0012 0.45984 0.169295 -0.0709421 0
16.108 0.459738 0.169265 -0.0709055 0
16.1823 0.459787 0.169315 -0.0699716 0
16.2882 0.460082 0.16977 -0.0708891 0
16.38 0.460242 0.169889 -0.0705736 0
16.4691 0.460349 0.169991 -0.0706196 0
16.5711 0.460512 0.170203 -0.0711354 0
16.6627 0.460651 0.170338 -0.0715149 0
16.7746 0.460707 0.170452 -0.0715532 0
16.8559 0.460773 0.170452 -0.0695529 0
16.9612 0.460958 0.170806 -0.0696437 0
17.0595 0.461085 0.170923 -0.0689431 0
17.1449 0.461343 0.171329 -0.0687508 0
17.2387 0.461594 0.171571 -0.067644 0
17.3259 0.461679 0.171881 -0.0666583 0
17.4242 0.461964 0.171919 -0.0648248 0
17.5086 0.461762 0.172155 -0.0646525 0
17.6036 0.462196 0.172327 -0.0640128 0
17.6934 0.462273 0.172614 -0.0628394 0
17.7862 0.462617 0.172666 -0.0615408 0
17.8818 0.462729 0.172905 -0.0600499 0
17.9812 0.462824 0.173071 -0.0588906 0
18.0815 0.462964 0.173095 -0.0557672 0
18.1795 0.463043 0.17321 -0.0554629 0
18.2597 0.463194 0.17313 -0.0522075 0
18.3584 0.463443 0.173428 -0.0520451 0
18.4447 0.463599 0.173683 -0.0496409 0
18.5357 0.463479 0.174164 -0.0492301 0
18.634 0.463934 0.174087 -0.0475061 0
18.7205 0.463457 0.174382 -0.046655 0
18.8239 0.463796 0.174363 -0.0471156 0
18.9093 0.463583 0.174656 -0.0456681 0
19.0067 0.463951 0.174891 -0.0453355 0
19.1021 0.464434 0.175585 -0.0475717 0
19.199 0.463848 0.175583 -0.0460447 0
19.2935 0.464257 0.175311 -0.0446264 0
19.3837 0.464711 0.174936 -0.0414645 0
19.4691 0.464261 0.175717 -0.0431235 0
19.5644 0.463906 0.175217 -0.0414464 0
19.6512 0.463894 0.17519 -0.0379599 0
19.7508 0.463396 0.174736 -0.0380538 0
19.8416 0.463904 0.17445 -0.0362321 0
19.9437 0.463936 0.174236 -0.0357056 0
20.0359 0.463513 0.17417 -0.0334401 0
20.1238 0.463011 0.174246 -0.0328217 0
20.219 0.463693 0.174254 -0.0333015 0
20.3134 0.463438 0.174111 -0.0311894 0
20.4108 0.463279 0.174016 -0.031794 0
20.4988 0.463435 0.174165 -0.0287013 1
20.5869 0.463697 0.173939 -0.0278407 1
20.6864 0.463962 0.173846 -0.0296198 1
20.7748 0.463499 0.173234 -0.0265669 1
20.8762 0.463004 0.174099 -0.0299332 1
20.9672 0.463142 0.174589 -0.0335516 1
21.0624 0.462643 0.174021 -0.0307972 1
21.1625 0.463265 0.173683 -0.0272513 1
21.246 0.463441 0.175409 -0.0328691 1
21.3556 0.464068 0.174713 -0.0310859 1
21.4319 0.464727 0.173966 -0.0274754 1
21.5264 0.465809 0.174263 -0.0297254 1
21.6149 0.466971 0.174001 -0.0283845 1
21.705 0.468724 0.174135 -0.0285588 1
21.8076 0.469415 0.176124 -0.0320205 1
21.8983 0.470705 0.175889 -0.0304365 1
21.9854 0.473425 0.176375 -0.031553 1
22.0886 0.474934 0.176699 -0.0332299 1
22.1746 0.478158 0.177223 -0.0355195 1
22.2786 0.480902 0.177227 -0.0336281 1
22.3636 0.4843 0.176739 -0.030663 1
22.4445 0.486896 0.177632 -0.0319806 1
22.5621 0.491436 0.177264 -0.0317947 1
22.6371 0.494441 0.177795 -0.0362969 1
22.7417 0.49659 0.178235 -0.0369514 1
22.8289 0.498455 0.178467 -0.0368092 1
22.9056 0.50586 0.177036 -0.0349154 1
23.005 0.508539 0.178518 -0.0457235 1
23.0894 0.510356 0.176952 -0.032143 1
23.1945 0.512726 0.176907 -0.0323318 1
23.279 0.521547 0.176767 -0.0189391 1
23.3729 0.524688 0.177547 -0.0224947 1
23.4734 0.528803 0.177657 -0.0241443 1
23.5671 0.534754 0.177311 -0.0217446 1
23.6635 0.540045 0.177733 -0.0214721 1
23.7503 0.543144 0.177381 -0.018916 1
23.8474 0.547211 0.177473 -0.0188026 1
23.9635 0.551386 0.1772 -0.0188369 1
24.0393 0.555724 0.176866 -0.0181605 1
24.1368 0.559047 0.176464 -0.0180256 1
24.2394 0.564105 0.175924 -0.018437 1
24.3258 0.566609 0.175545 -0.0197334 1
24.4317 0.570896 0.175504 -0.0183045 1
24.5138 0.574679 0.175184 -0.0194866 1
24.6154 0.577449 0.174698 -0.0183583 1
24.7053 0.581592 0.174413 -0.0195373 1
24.8147 0.584964 0.173941 -0.0206035 1
24.8988 0.588158 0.173743 -0.0188895 1
24.9897 0.591662 0.173472 -0.018466 1
25.0871 0.594409 0.172305 -0.0194581 1
25.178 0.597054 0.172511 -0.0203907 1
25.2716 0.599643 0.172211 -0.0198015 1
25.3648 0.601737 0.171939 -0.0210464 1
25.4606 0.603936 0.17113 -0.0198363 1
25.5684 0.605922 0.171023 -0.0199492 1
25.6393 0.607089 0.17094 -0.0203967 2
25.7408 0.608023 0.170957 -0.0208124 2
25.8423 0.608832 0.171083 -0.0205391 2
25.9363 0.609667 0.171058 -0.0214867 2
26.0358 0.60974 0.170947 -0.0212505 2
26.1156 0.610004 0.170706 -0.0216371 2
26.2298 0.610083 0.170641 -0.0214062 2
26.3165 0.610273 0.17056 -0.0211495 2
26.4091 0.61023 0.170593 -0.0211547 2
26.507 0.610216 0.1701 -0.0215129 2
26.5967 0.610338 0.169527 -0.0212559 2
26.699 0.610662 0.168962 -0.0208375 2
26.788 0.611029 0.168443 -0.0205622 2
26.8872 0.611285 0.167552 -0.0198699 2
26.9801 0.611472 0.166573 -0.0214359 2
27.0718 0.611652 0.165334 -0.0205762 2
27.1704 0.612141 0.164232 -0.0207615 2
27.2601 0.612652 0.1631 -0.0204412 2
27.3541 0.613353 0.161744 -0.020115 2
27.4419 0.613689 0.160454 -0.0199968 2
27.5414 0.614383 0.158628 -0.020715 2
27.6414 0.614761 0.156373 -0.0202033 2
27.7296 0.614919 0.155139 -0.0201654 2
27.8352 0.615604 0.15301 -0.019616 2
27.9179 0.616405 0.151422 -0.0198793 2
28.0089 0.616673 0.149125 -0.0195875 2
28.1032 0.617418 0.147107 -0.0189847 2
28.1966 0.618109 0.144621 -0.0193876 2
28.2988 0.61876 0.142106 -0.0186487 2
28.3793 0.619534 0.140127 -0.0196785 2
28.4757 0.620318 0.137093 -0.020774 2
28.5695 0.621238 0.134565 -0.0179399 2
28.6635 0.621645 0.131688 -0.0177938 2
28.769 0.622336 0.128772 -0.018661 2
28.8576 0.623315 0.125928 -0.0184403 2
28.9605 0.624167 0.122874 -0.0174962 2
29.0517 0.62455 0.119976 -0.0177283 2
29.1431 0.625541 0.115749 -0.0175749 2
29.2493 0.626519 0.112885 -0.0171922 2
29.3368 0.626486 0.11013 -0.0185101 2
29.431 0.627227 0.106647 -0.0193946 2
29.5303 0.628467 0.102772 -0.0172177 2
29.621 0.628496 0.0996742 -0.0181228 2
29.7116 0.62964 0.0963183 -0.018143 2
29.8048 0.630003 0.0924613 -0.018412 2
29.9132 0.630861 0.0881287 -0.0172726 2
30.0017 0.631993 0.0841225 -0.0173127 2
30.1006 0.632221 0.0802084 -0.0186394 2
30.1922 0.632884 0.0767189 -0.0175758 2
30.2881 0.633825 0.0725682 -0.0184673 2
30.3813 0.63486 0.0682542 -0.0159506 2
30.4777 0.635166 0.064071 -0.016697 2
30.5745 0.635921 0.0594791 -0.0152301 2
30.6638 0.63567 0.0558866 -0.0182196 2
30.7704 0.636335 0.0515239 -0.0173636 2
30.8591 0.636572 0.047311 -0.0177933 2
30.9606 0.637384 0.0424335 -0.0168247 2
31.0635 0.637636 0.0373716 -0.0158475 2
31.1442 0.638095 0.0330823 -0.0178554 2
31.2418 0.638093 0.0292177 -0.019115 2
31.3465 0.638751 0.0245611 -0.0182589 2
31.4326 0.639567 0.0206383 -0.0176059 2
31.5348 0.639075 0.014874 -0.0172431 2
31.6102 0.638874 0.0113528 -0.0175907 2
31.7104 0.63911 0.0063957 -0.0178629 2
31.7979 0.639529 0.00169572 -0.0182042 2
31.8979 0.639791 -0.00250638 -0.0181268 2
32.0022 0.639492 -0.0075908 -0.0177777 2
32.0888 0.639943 -0.0120468 -0.0169135 2
32.1925 0.639676 -0.0170678 -0.0178299 2
32.2713 0.639383 -0.021222 -0.0189086 2
32.3712 0.639105 -0.0257612 -0.0192495 2
32.4612 0.639084 -0.0306953 -0.018884 2
32.5675 0.639035 -0.0360471 -0.0178797 2
32.6569 0.638612 -0.0399994 -0.0199614 2
32.7578 0.638545 -0.0450354 -0.0197128 2
32.8528 0.638913 -0.0496372 -0.0181463 2
32.9438 0.638242 -0.0541198 -0.0219632 2
33.0576 0.638128 -0.0593973 -0.0197304 2
33.1536 0.637855 -0.0642072 -0.0209325 2
33.2484 0.636945 -0.0687203 -0.0206878 2
33.3522 0.637049 -0.0736004 -0.0215357 2
33.4443 0.637984 -0.0801867 -0.0170799 2
33.5344 0.636323 -0.0828097 -0.0189796 2
33.6287 0.63574 -0.0877692 -0.0199876 2
33.7187 0.634375 -0.0924883 -0.0192172 2
33.8109 0.63416 -0.0962088 -0.0178889 2
33.9111 0.63359 -0.101309 -0.0173966 2
33.9932 0.632488 -0.104327 -0.0175814 2
34.0937 0.631538 -0.108721 -0.0182527 2
34.1869 0.631049 -0.113116 -0.015543 2
34.2885 0.630286 -0.117161 -0.0157664 2
34.3962 0.629653 -0.121059 -0.0154609 2
34.494 0.629057 -0.125783 -0.0146966 2
34.5816 0.628202 -0.129009 -0.0144253 2
34.6661 0.626699 -0.132119 -0.0147536 2
34.7623 0.626212 -0.136476 -0.0137362 2
34.8561 0.625385 -0.140399 -0.0133427 2
34.9495 0.624429 -0.143697 -0.0139184 2
35.0576 0.6234 -0.148657 -0.0145285 2
35.1618 0.622793 -0.152411 -0.0139626 2
35.2537 0.622336 -0.155502 -0.0140085 2
35.351 0.621414 -0.158684 -0.0138912 2
35.4416 0.621027 -0.162621 -0.0135077 2
35.5338 0.619626 -0.165432 -0.0145505 2
35.627 0.618582 -0.168158 -0.0135892 2
35.749 0.617886 -0.17267 -0.014773 2
35.8358 0.617072 -0.174063 -0.0146369 2
35.9177 0.616719 -0.177207 -0.0136681 2
36.0005 0.615666 -0.179709 -0.0145898 2
36.0971 0.614844 -0.182843 -0.0147756 2
36.1916 0.614193 -0.185446 -0.0150798 2
36.287 0.613085 -0.187819 -0.0177823 2
36.389 0.612347 -0.190538 -0.0180946 2
36.4783 0.611349 -0.192562 -0.0194871 2
36.5787 0.610585 -0.194813 -0.0182724 2
36.6671 0.609749 -0.196665 -0.0196929 2
36.7667 0.609317 -0.199081 -0.0194225 2
36.8659 0.609146 -0.200665 -0.0195296 2
36.962 0.60863 -0.201932 -0.0198953 2
37.0553 0.608075 -0.204328 -0.0187309 2
37.1491 0.606596 -0.205313 -0.0190829 2
37.2416 0.606954 -0.20655 -0.0174488 2
37.341 0.606041 -0.207573 -0.0168229 2
37.4256 0.60577 -0.208414 -0.0165033 2
37.5173 0.605618 -0.209889 -0.0149478 3
37.6081 0.604307 -0.210247 -0.0158162 3
37.7015 0.603802 -0.211229 -0.0158531 3
37.7892 0.603515 -0.211898 -0.0149302 3
37.8906 0.603281 -0.212537 -0.0161023 3
37.983 0.602695 -0.212633 -0.0164568 3
38.0736 0.602619 -0.213016 -0.0169659 3
38.1654 0.602342 -0.212844 -0.0163371 3
38.284 0.602938 -0.212465 -0.0150457 3
38.3686 0.602585 -0.213118 -0.0164633 3
38.4652 0.602143 -0.213218 -0.0172091 3
38.5613 0.602556 -0.212457 -0.0158046 3
38.6547 0.602432 -0.212915 -0.0162966 3
38.7532 0.602772 -0.212763 -0.0156664 3
38.8466 0.602956 -0.21274 -0.0155116 3
38.9394 0.602597 -0.213042 -0.0161838 3
39.0361 0.602652 -0.213207 -0.0156058 3
39.1321 0.602213 -0.213419 -0.016746 3
39.2373 0.603171 -0.213843 -0.0154169 3
39.3282 0.602664 -0.2139 -0.0156912 3
39.4287 0.602867 -0.214423 -0.0154957 3
39.5299 0.602793 -0.214314 -0.0155705 3
39.6237 0.603335 -0.214808 -0.0143752 3
39.7156 0.603338 -0.214879 -0.014452 3
39.8074 0.60304 -0.21495 -0.0139134 3
39.9065 0.603145 -0.215302 -0.0136731 3
40.0034 0.603058 -0.215413 -0.0140459 3
40.1252 0.603955 -0.215493 -0.011794 3
40.2191 0.603819 -0.215853 -0.0119802 3
40.3531 0.603695 -0.216124 -0.0106788 3
40.4646 0.603978 -0.216118 -0.0105235 3
40.5409 0.604448 -0.216368 -0.00961743 4
40.6344 0.603835 -0.216289 -0.0101587 4
40.7362 0.603364 -0.216267 -0.00961315 4
40.8374 0.603144 -0.216623 -0.00805683 4
40.9439 0.60396 -0.216777 -0.00719725 4
41.0223 0.6029 -0.216707 -0.00739922 4
41.1188 0.603587 -0.216749 -0.00781137 4
41.2002 0.603155 -0.21716 -0.00768902 4
41.3119 0.603482 -0.216938 -0.00713053 4
41.4192 0.603859 -0.216836 -0.00750408 4
41.5052 0.602661 -0.217042 -0.00778116 4
41.5966 0.602745 -0.216619 -0.00683157 4
41.6987 0.603123 -0.215892 -0.0075442 4
41.7832 0.603231 -0.215107 -0.00699317 4
41.8798 0.603666 -0.213757 -0.00790893 4
41.9907 0.603716 -0.212175 -0.00763535 4
42.0716 0.603223 -0.211064 -0.00831567 4
42.2029 0.603264 -0.208707 -0.00893249 4
42.2933 0.603938 -0.20706 -0.00908136 4
42.3823 0.604167 -0.204711 -0.00937972 4
42.485 0.604919 -0.201737 -0.00847762 4
42.5782 0.604374 -0.19931 -0.00908465 4
42.6767 0.604981 -0.197111 -0.00892074 4
42.7689 0.604774 -0.195226 -0.0102246 4
42.8586 0.605056 -0.193275 -0.0104461 4
42.9602 0.604711 -0.191294 -0.0119705 4
43.0579 0.60474 -0.188779 -0.0125132 4
43.1673 0.604601 -0.186512 -0.0142629 4
43.2595 0.605006 -0.184566 -0.0150061 4
43.3585 0.604842 -0.183169 -0.0154377 4
43.4348 0.604555 -0.181594 -0.0170361 4
43.5348 0.604818 -0.179713 -0.0166779 4
43.6241 0.604373 -0.178838 -0.018623 4
43.7193 0.603938 -0.177316 -0.0196534 4
43.8089 0.604703 -0.176197 -0.0185536 4
43.9305 0.604423 -0.174314 -0.018154 4
44.0029 0.604435 -0.172975 -0.0170583 4
44.0976 0.604385 -0.172046 -0.0164251 4
44.0976 0 0 0 5
44.1955 0.604228 -0.171303 -0.0160428 5
44.2913 0.604127 -0.170806 -0.0166705 5
44.392 0.604285 -0.170574 -0.0155501 5
44.5112 0.604074 -0.170748 -0.0164284 5
44.591 0.603681 -0.172232 -0.0166104 5
44.7011 0.602245 -0.18351 -0.0153432 5
44.8033 0.602194 -0.182127 -0.0160084 5
44.898 0.600845 -0.181602 -0.0262812 5
45.0109 0.600752 -0.180838 -0.0281612 5
45.091 0.601403 -0.181006 -0.0267125 5
45.191 0.601011 -0.18108 -0.0280393 5
45.3094 0.601346 -0.181038 -0.0271813 5
45.3805 0.60125 -0.181214 -0.0274834 5
45.4814 0.600709 -0.181145 -0.0285897 5
45.5714 0.601291 -0.181176 -0.027875 5
45.6609 0.601285 -0.181067 -0.0268348 5
45.7458 0.601224 -0.181064 -0.0277629 5
45.8425 0.600985 -0.181372 -0.0283312 5
45.9385 0.600991 -0.181283 -0.0277064 5
46.038 0.600937 -0.181191 -0.0279565 5
46.1193 0.601032 -0.181119 -0.0281029 5
46.219 0.600973 -0.181383 -0.0283358 5
46.3138 0.60122 -0.181179 -0.0273891 5
46.4113 0.601265 -0.181135 -0.0274674 5
46.5087 0.601157 -0.181403 -0.0274482 5
46.5968 0.601177 -0.181191 -0.0274087 5
46.6926 0.601057 -0.181203 -0.0279889 5
46.7792 0.600997 -0.181321 -0.0278912 5
46.8704 0.601035 -0.18115 -0.0284373 5
46.9712 0.600947 -0.181212 -0.0279521 5
47.0578 0.601014 -0.181211 -0.0284614 5
47.1568 0.601437 -0.181255 -0.027499 5
47.2437 0.601253 -0.181335 -0.0272383 5
47.3349 0.600946 -0.181318 -0.0279112 5
47.4339 0.601095 -0.181183 -0.0277964 5
47.5299 0.601124 -0.181136 -0.0276242 5
47.6196 0.600921 -0.181177 -0.0278656 5
47.713 0.601244 -0.18111 -0.027562 5
47.8085 0.600827 -0.181262 -0.0281903 5
47.9065 0.601209 -0.181281 -0.0274674 5
47.9889 0.60156 -0.181159 -0.0263857 5
48.094 0.601316 -0.181401 -0.0277434 5
48.1862 0.600958 -0.181267 -0.0280431 5
48.281 0.600893 -0.181114 -0.028165 5
48.3789 0.60097 -0.181193 -0.0279613 5
48.4692 0.601139 -0.181366 -0.0275842 5
48.5579 0.601032 -0.181272 -0.0279845 5
48.6482 0.601107 -0.18141 -0.0280005 5
48.7244 0.601012 -0.181138 -0.0279818 5
48.8716 0.600919 -0.181046 -0.0280859 5
48.9927 0.600955 -0.181337 -0.0278153 5
