1.43051e-06 0.387967 0.0836941 0.23 5 0
0.0870981 0.387964 0.0837007 0.23 5 0
0.175583 0.387968 0.0836966 0.23 5 0
0.282545 0.387968 0.0836937 0.23 5 0
0.368739 0.387969 0.083681 0.23 5 0
0.445009 0.387981 0.0837064 0.23 5 0
0.522333 0.387965 0.0836938 0.23 5 0
0.618608 0.387958 0.0836847 0.23 5 0
0.701495 0.387965 0.0836802 0.23 5 0
0.783192 0.387958 0.0836618 0.23 5 0
0.860698 0.387962 0.0836941 0.23 5 0
0.956631 0.387957 0.0836958 0.23 5 0
1.02709 0.387961 0.0836832 0.23 5 0
1.11208 0.387968 0.0836866 0.23 5 0
1.20112 0.387976 0.083703 0.23 5 0
1.28648 0.387971 0.0836939 0.23 5 0
1.36616 0.387974 0.0837024 0.23 5 0
1.45363 0.387965 0.0836898 0.23 5 0
1.55866 0.387965 0.0836784 0.23 5 0
1.64006 0.387953 0.0836924 0.23 5 0
1.72461 0.38796 0.08369 0.23 5 0
1.8065 0.387957 0.0836893 0.23 5 0
1.90714 0.387965 0.0837025 0.23 5 0
1.98443 0.387988 0.0836893 0.23 5 0
2.09909 0.387971 0.0836887 0.23 5 0
2.18193 0.387958 0.0836751 0.23 5 0
2.28455 0.387967 0.0836843 0.23 5 0
2.37572 0.387969 0.0836994 0.23 5 0
2.46239 0.387977 0.0836783 0.23 5 0
2.5564 0.387964 0.0836941 0.23 5 0
2.64256 0.387977 0.0836793 0.23 5 0
2.73769 0.387967 0.0837034 0.23 5 0
2.82392 0.38797 0.0836975 0.23 5 0
2.92457 0.387957 0.0836984 0.23 5 0
3.00386 0.387971 0.0836784 0.23 5 0
3.10777 0.387968 0.0836768 0.23 5 0
3.2031 0.387968 0.0836956 0.23 5 0
3.32438 0.387971 0.0837007 0.23 5 0
3.39083 0.387968 0.0836705 0.23 5 0
3.50054 0.38796 0.083692 0.23 5 0
3.59048 0.387982 0.083712 0.23 5 0
3.6969 0.387959 0.0837041 0.23 5 0
3.77942 0.387966 0.0836904 0.23 5 0
3.88708 0.387971 0.0836874 0.23 5 0
3.98244 0.387968 0.0836924 0.23 5 0
4.08843 0.387967 0.0837012 0.23 5 0
4.16541 0.387963 0.0836899 0.23 5 0
4.2555 0.387976 0.0836894 0.23 5 0
4.3562 0.387974 0.0836922 0.23 5 0
4.44039 0.387971 0.0836823 0.23 5 0
4.53633 0.387972 0.0836817 0.23 5 0
4.63611 0.387971 0.0836972 0.23 5 0
4.72261 0.387958 0.0836964 0.23 5 0
4.80473 0.387966 0.0836848 0.23 5 0
4.90237 0.387967 0.0837087 0.23 5 0
4.9887 0.38797 0.083691 0.23 5 0
5.08921 0.387964 0.0836858 0.23 5 0
5.17432 0.387961 0.0836875 0.23 5 0
5.26769 0.387982 0.0836995 0.23 5 0
5.36195 0.387964 0.083696 0.23 5 0
5.44819 0.387979 0.0836974 0.23 5 0
5.55139 0.387974 0.083678 0.23 5 0
5.6347 0.387955 0.083679 0.23 5 0
5.72926 0.387958 0.0836796 0.23 5 0
5.82969 0.387969 0.0836855 0.23 5 0
5.91597 0.387975 0.083686 0.23 5 0
6.01976 0.387976 0.0836881 0.23 5 0
6.1065 0.387973 0.0837019 0.23 5 0
6.19505 0.387972 0.0836819 0.23 5 0
6.29314 0.387964 0.0837101 0.23 5 0
6.37753 0.387959 0.0837047 0.23 5 0
6.47556 0.387977 0.083695 0.23 5 0
6.56021 0.387969 0.0836948 0.23 5 0
6.64933 0.38797 0.083691 0.23 5 0
6.74516 0.387969 0.0836906 0.23 5 0
6.83495 0.387953 0.0836906 0.23 5 0
6.92777 0.387965 0.0836826 0.23 5 0
7.02448 0.387966 0.0837032 0.23 5 0
7.11912 0.387956 0.0836903 0.23 5 0
7.19672 0.387971 0.0836848 0.23 5 0
7.29811 0.387961 0.0836759 0.23 5 0
7.3789 0.387975 0.0837129 0.23 5 0
7.4735 0.38796 0.0836934 0.23 5 0
7.58715 0.387977 0.083704 0.23 5 0
7.65988 0.387979 0.0836909 0.23 5 0
7.75907 0.38797 0.0836962 0.23 5 0
7.84677 0.387974 0.0836972 0.23 5 0
7.94436 0.387971 0.0836814 0.23 5 0
8.04397 0.387964 0.083683 0.23 5 0
8.12743 0.387976 0.0836864 0.23 5 0
8.24215 0.387963 0.083699 0.23 5 0
8.30327 0.387969 0.0836868 0.23 5 0
8.40718 0.387966 0.0836979 0.23 5 0
8.49999 0.387968 0.0836953 0.23 5 0
8.5884 0.387968 0.0836851 0.23 5 0
8.68976 0.387973 0.0836928 0.23 5 0
8.77583 0.387963 0.0836811 0.23 5 0
8.86411 0.387959 0.0836866 0.23 5 0
8.97144 0.387962 0.0836826 0.23 5 0
9.05099 0.38798 0.0836925 0.23 5 0
9.15218 0.38797 0.083686 0.23 5 0
9.23579 0.387971 0.0836814 0.23 5 0
9.3393 0.387965 0.0836875 0.23 5 0
9.42826 0.387978 0.0836913 0.23 5 0
9.51467 0.387966 0.083686 0.23 5 0
9.61529 0.387976 0.0837006 0.23 5 0
9.70636 0.387962 0.0836868 0.23 5 0
9.78693 0.387967 0.083691 0.23 5 0
9.90067 0.387968 0.0836695 0.23 5 0
9.97726 0.387964 0.0837034 0.23 5 0
10.0751 0.387968 0.083691 0.23 5 0
10.1708 0.387967 0.0836968 0.23 5 0
10.278 0.387954 0.0836826 0.23 5 0
10.3658 0.387979 0.083696 0.23 5 0
10.4415 0.38797 0.0836821 0.23 5 0
10.5378 0.387962 0.083691 0.23 5 0
10.6354 0.387973 0.0836814 0.23 5 0
10.7136 0.387978 0.0836942 0.23 5 0
10.8086 0.387966 0.0836941 0.23 5 0
10.9022 0.387973 0.083699 0.23 5 0
10.9985 0.387961 0.0836904 0.23 5 0
11.0904 0.387985 0.0836943 0.23 5 0
11.176 0.387976 0.0836946 0.23 5 0
11.2816 0.38798 0.0836883 0.23 5 0
11.3751 0.387967 0.0836806 0.23 5 0
11.4558 0.387979 0.0836931 0.23 5 0
11.554 0.387969 0.0836764 0.23 5 0
11.6504 0.387983 0.0836802 0.23 5 0
11.7404 0.387968 0.0836784 0.23 5 0
11.8377 0.387975 0.0836898 0.23 5 0
11.935 0.387979 0.0836847 0.23 5 0
12.0286 0.387965 0.083691 0.23 5 0
12.111 0.387964 0.0837109 0.23 5 0
12.2006 0.387973 0.0836889 0.23 5 0
12.3009 0.387965 0.0836998 0.23 5 0
12.388 0.38797 0.0836705 0.23 5 0
12.4945 0.38797 0.0836924 0.23 5 0
12.5857 0.387968 0.0836758 0.23 5 0
12.6935 0.387967 0.0836924 0.23 5 0
12.7901 0.387983 0.0836929 0.23 5 0
12.8813 0.387972 0.0837038 0.23 5 0
12.9738 0.387963 0.0836971 0.23 5 0
13.0644 0.387967 0.0836908 0.23 5 0
13.165 0.387961 0.0836802 0.23 5 0
13.2537 0.387971 0.0836972 0.23 5 0
13.3645 0.387955 0.0836926 0.23 5 0
13.441 0.387968 0.083681 0.23 5 0
13.529 0.387978 0.0836771 0.23 5 0
13.6273 0.387974 0.0837009 0.23 5 0
13.707 0.387986 0.0836877 0.23 5 0
13.802 0.387962 0.083687 0.23 5 0
13.902 0.387962 0.0836909 0.23 5 0
14.0037 0.387982 0.0836717 0.23 5 0
14.0936 0.387974 0.0836828 0.23 5 0
14.1817 0.387961 0.083681 0.23 5 0
14.2906 0.38798 0.0836886 0.23 5 0
14.3813 0.387983 0.0836867 0.23 5 0
14.4882 0.387966 0.0836952 0.23 5 0
14.5667 0.387973 0.0836844 0.23 5 0
14.653 0.387974 0.0836994 0.23 5 0
14.7467 0.387979 0.0836994 0.23 5 0
14.8377 0.387965 0.0836864 0.23 5 0
14.943 0.387964 0.0836871 0.23 5 0
15.039 0.387974 0.0836725 0.23 5 0
15.1273 0.387963 0.0837003 0.23 5 0
15.2254 0.387954 0.0836776 0.23 5 0
15.3366 0.387961 0.0836917 0.23 5 0
15.4077 0.387956 0.0836868 0.23 5 0
15.5358 0.387978 0.0836956 0.23 5 0
15.6205 0.387976 0.0836955 0.23 5 0
15.7143 0.387967 0.0836875 0.23 5 0
15.8039 0.387963 0.0836895 0.23 5 0
15.9111 0.387963 0.0836585 0.23 5 0
16.0012 0.387967 0.0836876 0.23 5 0
16.108 0.387951 0.0836913 0.23 5 0
16.1823 0.387992 0.083692 0.23 5 0
16.2882 0.388057 0.083733 0.23 5 0
16.38 0.388104 0.0837536 0.23 5 0
16.4691 0.388166 0.0837916 0.23 5 0
16.5711 0.388257 0.083818 0.23 5 0
16.6627 0.388341 0.0838467 0.23 5 0
16.7746 0.388434 0.0838536 0.23 5 0
16.8559 0.388513 0.0838921 0.23 5 0
16.9612 0.388624 0.0839337 0.23 5 0
17.0595 0.388725 0.0839644 0.23 5 0
17.1449 0.388836 0.0839937 0.23 5 0
17.2387 0.388945 0.0840163 0.23 5 0
17.3259 0.389056 0.08408 0.23 5 0
17.4242 0.389166 0.0841039 0.23 5 0
17.5086 0.389261 0.0841208 0.23 5 0
17.6036 0.389376 0.0841535 0.23 5 0
17.6934 0.389477 0.0842039 0.23 5 0
17.7862 0.389579 0.0842061 0.23 5 0
17.8818 0.389656 0.0842122 0.23 5 0
17.9812 0.389746 0.0842496 0.23 5 0
18.0815 0.389838 0.0842459 0.23 5 0
18.1795 0.389894 0.0842395 0.23 5 0
18.2597 0.389924 0.0842386 0.23 5 0
18.3584 0.389975 0.0842269 0.23 5 0
18.4447 0.390014 0.0842192 0.23 5 0
18.5357 0.390049 0.0841966 0.23 5 0
18.634 0.390074 0.0841772 0.23 5 0
18.7205 0.390087 0.0841479 0.23 5 0
18.8239 0.390081 0.0841048 0.23 5 0
18.9093 0.390085 0.0841014 0.23 5 0
19.0067 0.390066 0.0840439 0.23 5 0
19.1021 0.390055 0.0840175 0.23 5 0
19.199 0.390021 0.0839617 0.23 5 0
19.2935 0.389951 0.0838919 0.23 5 0
19.3837 0.389896 0.0838262 0.23 5 0
19.4691 0.389846 0.0837654 0.23 5 0
19.5644 0.389785 0.0837181 0.23 5 0
19.6512 0.389748 0.0836683 0.23 5 0
19.7508 0.389643 0.0835923 0.23 5 0
19.8416 0.389582 0.0835534 0.23 5 0
19.9437 0.389525 0.0834998 0.23 5 0
20.0359 0.389458 0.0834144 0.23 5 0
20.1238 0.389395 0.0833853 0.23 5 0
20.219 0.389342 0.0833127 0.23 5 0
20.3134 0.389243 0.0832749 0.23 5 0
20.4108 0.5358 0.0832183 0.23 5 1
20.4988 0.5358 0.0831765 0.229365 5 1
20.5869 0.5358 0.0831448 0.229952 5 1
20.6864 0.5358 0.0831171 0.230466 5 1
20.7748 0.5358 0.0831148 0.230756 5 1
20.8762 0.5358 0.0830958 0.230976 5 1
20.9672 0.5358 0.0830915 0.231079 5 1
21.0624 0.5358 0.0830823 0.231073 5 1
21.1625 0.5358 0.0831071 0.231112 5 1
21.246 0.5358 0.0831534 0.231241 5 1
21.3556 0.5358 0.0832353 0.231393 5 1
21.4319 0.5358 0.0833339 0.2315 5 1
21.5264 0.5358 0.0834754 0.23168 5 1
21.6149 0.5358 0.0836531 0.231919 5 1
21.705 0.5358 0.0838726 0.232162 5 1
21.8076 0.5358 0.0840995 0.232524 5 1
21.8983 0.5358 0.0843002 0.23286 5 1
21.9854 0.5358 0.0845288 0.233225 5 1
22.0886 0.5358 0.0847977 0.233625 5 1
22.1746 0.5358 0.0850524 0.233946 5 1
22.2786 0.5358 0.0853648 0.234338 5 1
22.3636 0.5358 0.085559 0.234712 5 1
22.4445 0.5358 0.0858103 0.235144 5 1
22.5621 0.5358 0.0861284 0.23549 5 1
22.6371 0.5358 0.0863533 0.23578 5 1
22.7417 0.5358 0.0865635 0.2362 5 1
22.8289 0.5358 0.0867038 0.236495 5 1
22.9056 0.5358 0.0868854 0.236687 5 1
23.005 0.5358 0.0870977 0.236987 5 1
23.0894 0.5358 0.087185 0.237223 5 1
23.1945 0.5358 0.0872833 0.237427 5 1
23.279 0.5358 0.0874276 0.23758 5 1
23.3729 0.5358 0.0874485 0.237721 5 1
23.4734 0.5358 0.0874551 0.237832 5 1
23.5671 0.5358 0.0875147 0.237884 5 1
23.6635 0.5358 0.0874669 0.237912 5 1
23.7503 0.5358 0.0873174 0.237824 5 1
23.8474 0.5358 0.0872578 0.237782 5 1
23.9635 0.5358 0.0871167 0.237662 5 1
24.0393 0.5358 0.0869015 0.237485 5 1
24.1368 0.5358 0.08674 0.237325 5 1
24.2394 0.5358 0.0866002 0.237064 5 1
24.3258 0.5358 0.0862873 0.236825 5 1
24.4317 0.5358 0.0859968 0.236537 5 1
24.5138 0.5358 0.0858069 0.236353 5 1
24.6154 0.5358 0.0854874 0.235883 5 1
24.7053 0.5358 0.085124 0.235632 5 1
24.8147 0.5358 0.0847852 0.235262 5 1
24.8988 0.5358 0.0845597 0.23502 5 1
24.9897 0.5358 0.0842377 0.234547 5 1
25.0871 0.5358 0.083843 0.234203 5 1
25.178 0.5358 0.0835585 0.234007 5 1
25.2716 0.5358 0.0833113 0.233708 5 1
25.3648 0.5358 0.0830287 0.233395 5 1
25.4606 0.5358 0.0828288 0.233058 5 1
25.5684 0.5358 -0.3 0.232707 12 2
25.6393 0.533984 -0.3 0.232566 12 2
25.7408 0.535208 -0.3 0.232431 12 2
25.8423 0.536175 -0.3 0.232335 12 2
25.9363 0.536746 -0.3 0.232201 12 2
26.0358 0.536961 -0.3 0.232153 12 2
26.1156 0.536979 -0.3 0.232172 12 2
26.2298 0.536972 -0.3 0.232191 12 2
26.3165 0.536967 -0.3 0.23217 12 2
26.4091 0.537022 -0.3 0.232226 12 2
26.507 0.537196 -0.3 0.232225 12 2
26.5967 0.537393 -0.3 0.232245 12 2
26.699 0.537602 -0.3 0.232239 12 2
26.788 0.537894 -0.3 0.232294 12 2
26.8872 0.538188 -0.3 0.232274 12 2
26.9801 0.538546 -0.3 0.232317 12 2
27.0718 0.538884 -0.3 0.232304 12 2
27.1704 0.539342 -0.3 0.232309 12 2
27.2601 0.539808 -0.3 0.232389 12 2
27.3541 0.540252 -0.3 0.232391 12 2
27.4419 0.540752 -0.3 0.232424 12 2
27.5414 0.541349 -0.3 0.232383 12 2
27.6414 0.54192 -0.3 0.232407 12 2
27.7296 0.542484 -0.3 0.23246 12 2
27.8352 0.543182 -0.3 0.232487 12 2
27.9179 0.54383 -0.3 0.232527 12 2
28.0089 0.544461 -0.3 0.232553 12 2
28.1032 0.545143 -0.3 0.232562 12 2
28.1966 0.54589 -0.3 0.232598 12 2
28.2988 0.546643 -0.3 0.232636 12 2
28.3793 0.547371 -0.3 0.232696 12 2
28.4757 0.548054 -0.3 0.232708 12 2
28.5695 0.54885 -0.3 0.23271 12 2
28.6635 0.549658 -0.3 0.232742 12 2
28.769 0.550547 -0.3 0.232826 12 2
28.8576 0.551279 -0.3 0.232815 12 2
28.9605 0.552186 -0.3 0.232914 12 2
29.0517 0.552957 -0.3 0.232977 12 2
29.1431 0.553769 -0.3 0.232977 12 2
29.2493 0.554648 -0.3 0.23303 12 2
29.3368 0.555428 -0.3 0.233074 12 2
29.431 0.556241 -0.3 0.233102 12 2
29.5303 0.557046 -0.3 0.233152 12 2
29.621 0.557796 -0.3 0.233169 12 2
29.7116 0.558592 -0.3 0.233235 12 2
29.8048 0.559278 -0.3 0.233232 12 2
29.9132 0.560179 -0.3 0.233286 12 2
30.0017 0.560875 -0.3 0.233287 12 2
30.1006 0.561611 -0.3 0.233289 12 2
30.1922 0.562364 -0.3 0.233407 12 2
30.2881 0.563035 -0.3 0.233452 12 2
30.3813 0.563723 -0.3 0.233434 12 2
30.4777 0.56438 -0.3 0.233506 12 2
30.5745 0.564979 -0.3 0.233485 12 2
30.6638 0.565556 -0.3 0.233526 12 2
30.7704 0.566214 -0.3 0.2336 12 2
30.8591 0.5667 -0.3 0.233627 12 2
30.9606 0.56725 -0.3 0.233617 12 2
31.0635 0.56777 -0.3 0.233608 12 2
31.1442 0.568149 -0.3 0.233665 12 2
31.2418 0.568573 -0.3 0.233728 12 2
31.3465 0.568969 -0.3 0.233731 12 2
31.4326 0.569313 -0.3 0.233774 12 2
31.5348 0.569633 -0.3 0.233763 12 2
31.6102 0.569858 -0.3 0.233758 12 2
31.7104 0.570144 -0.3 0.233816 12 2
31.7979 0.570359 -0.3 0.233801 12 2
31.8979 0.570523 -0.3 0.233903 12 2
32.0022 0.570646 -0.3 0.23389 12 2
32.0888 0.570743 -0.3 0.233923 12 2
32.1925 0.570819 -0.3 0.233898 12 2
32.2713 0.570811 -0.3 0.233867 12 2
32.3712 0.570812 -0.3 0.233893 12 2
32.4612 0.570757 -0.3 0.233858 12 2
32.5675 0.570624 -0.3 0.233944 12 2
32.6569 0.570557 -0.3 0.233966 12 2
32.7578 0.570332 -0.3 0.233931 12 2
32.8528 0.570124 -0.3 0.233963 12 2
32.9438 0.569886 -0.3 0.233889 12 2
33.0576 0.569573 -0.3 0.234002 12 2
33.1536 0.569236 -0.3 0.234052 12 2
33.2484 0.568862 -0.3 0.233993 12 2
33.3522 0.568433 -0.3 0.233951 12 2
33.4443 0.567972 -0.3 0.233905 12 2
33.5344 0.567604 -0.3 0.233985 12 2
33.6287 0.567072 -0.3 0.233942 12 2
33.7187 0.566532 -0.3 0.233911 12 2
33.8109 0.566021 -0.3 0.233932 12 2
33.9111 0.565332 -0.3 0.233865 12 2
33.9932 0.564878 -0.3 0.233908 12 2
34.0937 0.564187 -0.3 0.233905 12 2
34.1869 0.56353 -0.3 0.233861 12 2
34.2885 0.562771 -0.3 0.233878 12 2
34.3962 0.562063 -0.3 0.23384 12 2
34.494 0.561258 -0.3 0.233792 12 2
34.5816 0.560527 -0.3 0.233877 12 2
34.6661 0.55984 -0.3 0.233851 12 2
34.7623 0.55902 -0.3 0.233811 12 2
34.8561 0.558247 -0.3 0.233799 12 2
34.9495 0.557412 -0.3 0.233775 12 2
35.0576 0.55646 -0.3 0.233721 12 2
35.1618 0.555567 -0.3 0.233669 12 2
35.2537 0.554812 -0.3 0.233698 12 2
35.351 0.55393 -0.3 0.233677 12 2
35.4416 0.553061 -0.3 0.233645 12 2
35.5338 0.552254 -0.3 0.233644 12 2
35.627 0.551462 -0.3 0.233583 12 2
35.749 0.550374 -0.3 0.233626 12 2
35.8358 0.549673 -0.3 0.23359 12 2
35.9177 0.548922 -0.3 0.233556 12 2
36.0005 0.548238 -0.3 0.233564 12 2
36.0971 0.547358 -0.3 0.233497 12 2
36.1916 0.546608 -0.3 0.233463 12 2
36.287 0.545818 -0.3 0.233449 12 2
36.389 0.545002 -0.3 0.233412 12 2
36.4783 0.544309 -0.3 0.233437 12 2
36.5787 0.543576 -0.3 0.233445 12 2
36.6671 0.542948 -0.3 0.233434 12 2
36.7667 0.54222 -0.3 0.233397 12 2
36.8659 0.541621 -0.3 0.233374 12 2
36.962 0.541052 -0.3 0.233399 12 2
37.0553 0.540447 -0.3 0.233361 12 2
37.1491 0.539904 -0.3 0.233349 12 2
37.2416 0.539409 -0.3 0.233369 12 2
37.341 0.539024 -0.3 0.233342 12 2
37.4256 0.538654 -0.3 0.25 3 3
37.5173 0.538231 -0.298265 0.25 3 3
37.6081 0.537921 -0.299162 0.25 3 3
37.7015 0.537618 -0.299986 0.25 3 3
37.7892 0.537412 -0.300618 0.25 3 3
37.8906 0.53721 -0.301167 0.25 3 3
37.983 0.537129 -0.301501 0.25 3 3
38.0736 0.537032 -0.301715 0.25 3 3
38.1654 0.53698 -0.301848 0.25 3 3
38.284 0.536967 -0.301892 0.25 3 3
38.3686 0.537005 -0.301872 0.25 3 3
38.4652 0.537006 -0.301894 0.25 3 3
38.5613 0.537033 -0.301921 0.25 3 3
38.6547 0.537039 -0.30197 0.25 3 3
38.7532 0.537058 -0.302009 0.25 3 3
38.8466 0.537048 -0.302076 0.25 3 3
38.9394 0.53704 -0.302142 0.25 3 3
39.0361 0.537044 -0.302222 0.25 3 3
39.1321 0.537057 -0.302276 0.25 3 3
39.2373 0.537057 -0.302364 0.25 3 3
39.3282 0.537069 -0.302448 0.25 3 3
39.4287 0.537062 -0.302522 0.25 3 3
39.5299 0.537064 -0.302594 0.25 3 3
39.6237 0.537078 -0.302688 0.25 3 3
39.7156 0.537077 -0.302781 0.25 3 3
39.8074 0.537094 -0.302865 0.25 3 3
39.9065 0.537065 -0.302973 0.25 3 3
40.0034 0.537048 -0.303067 0.25 3 3
40.1252 0.537071 -0.303154 0.25 3 3
40.2191 0.537054 -0.303261 0.25 3 3
40.3531 0.53705 -0.303341 0.25 3 3
40.4646 0.537044 -0.259 0.23 3 4
40.5409 0.537023 -0.259 0.23 3 4
40.6344 0.537024 -0.259 0.23 3 4
40.7362 0.537025 -0.259 0.23 3 4
40.8374 0.536977 -0.259 0.23 3 4
40.9439 0.536977 -0.259 0.23 3 4
41.0223 0.536969 -0.259 0.23 3 4
41.1188 0.536992 -0.259 0.23 3 4
41.2002 0.536965 -0.259 0.23 3 4
41.3119 0.53696 -0.259 0.23 3 4
41.4192 0.53695 -0.259 0.23 3 4
41.5052 0.536945 -0.259 0.23 3 4
41.5966 0.53693 -0.259 0.23 3 4
41.6987 0.536921 -0.259 0.23 3 4
41.7832 0.537004 -0.259 0.23 3 4
41.8798 0.537096 -0.259 0.23 3 4
41.9907 0.537186 -0.259 0.23 3 4
42.0716 0.537241 -0.259 0.23 3 4
42.2029 0.537323 -0.259 0.23 3 4
42.2933 0.537404 -0.259 0.23 3 4
42.3823 0.537435 -0.259 0.23 3 4
42.485 0.537547 -0.259 0.23 3 4
42.5782 0.537608 -0.259 0.23 3 4
42.6767 0.537602 -0.259 0.23 3 4
42.7689 0.537601 -0.259 0.23 3 4
42.8586 0.537637 -0.259 0.23 3 4
42.9602 0.537672 -0.259 0.23 3 4
43.0579 0.537635 -0.259 0.23 3 4
43.1673 0.537638 -0.259 0.23 3 4
43.2595 0.537665 -0.259 0.23 3 4
43.3585 0.537603 -0.259 0.23 3 4
43.4348 0.537526 -0.259 0.23 3 4
43.5348 0.537473 -0.259 0.23 3 4
43.6241 0.537466 -0.259 0.23 3 4
43.7193 0.537413 -0.259 0.23 3 4
43.8089 0.537365 -0.259 0.23 3 4
43.9305 0.537277 -0.259 0.23 3 4
44.0029 0.537235 -0.259 0.23 3 4
44.0976 0 0 0 3 5
44.0976 0.537171 -0.259 0.23 0 5
44.1955 0.537094 -0.262631 0.227883 0.097837 5
44.2913 0.536526 -0.264567 0.21986 0.0958748 5
44.392 0.53527 -0.26789 0.203988 0.100647 5
44.5112 0.533576 -0.273085 0.180017 0.119213 5
44.591 0.532196 -0.278088 0.153238 0.0798492 5
44.7011 0.528627 -0.284201 0.0882614 0.11002 5
44.8033 0.526316 -0.29219 0.0566546 0.10223 5
44.898 0.524746 -0.300673 0.0286986 0.0947425 5
45.0109 0.520916 -0.31269 -0.0218675 0.112891 5
45.091 0.517166 -0.321288 -0.064254 0.080111 5
45.191 0.537439 -0.26496 0.198128 0.0999813 5
45.3094 0.537104 -0.265008 0.197254 0.1184 5
45.3805 0.537171 -0.264862 0.197546 0.0710826 5
45.4814 0.537728 -0.264921 0.198658 0.100943 5
45.5714 0.537143 -0.264873 0.19791 0.0899861 5
45.6609 0.537147 -0.264995 0.196913 0.0894949 5
45.7458 0.537223 -0.264981 0.197842 0.084897 5
45.8425 0.537449 -0.264693 0.198359 0.0966818 5
45.9385 0.537439 -0.264781 0.197757 0.095974 5
46.038 0.537492 -0.264873 0.198032 0.09955 5
46.1193 0.537415 -0.264924 0.19816 0.0812547 5
46.219 0.53746 -0.26467 0.198402 0.0997553 5
46.3138 0.537217 -0.26486 0.197431 0.0947917 5
46.4113 0.537159 -0.264958 0.19753 0.0974989 5
46.5087 0.537246 -0.264687 0.197486 0.0974152 5
46.5968 0.537263 -0.264878 0.197484 0.0880361 5
46.6926 0.537367 -0.264863 0.198041 0.0957859 5
46.7792 0.537432 -0.264748 0.197942 0.0866079 5
46.8704 0.537392 -0.264893 0.198488 0.0911865 5
46.9712 0.537496 -0.264849 0.198009 0.100848 5
47.0578 0.537437 -0.264816 0.198506 0.0865777 5
47.1568 0.537007 -0.264803 0.197553 0.0990527 5
47.2437 0.537167 -0.264722 0.197279 0.0869024 5
47.3349 0.537472 -0.264766 0.197958 0.0911119 5
47.4339 0.53734 -0.264878 0.197869 0.0990391 5
47.5299 0.537299 -0.264939 0.197671 0.0960064 5
47.6196 0.537512 -0.264885 0.197928 0.0897043 5
47.713 0.537192 -0.26494 0.19762 0.0934386 5
47.8085 0.537592 -0.264815 0.198215 0.0954757 5
47.9065 0.537215 -0.264785 0.197501 0.0979505 5
47.9889 0.536874 -0.264907 0.196435 0.0824089 5
48.094 0.537091 -0.264673 0.197778 0.105162 5
48.1862 0.537472 -0.264785 0.198101 0.0922017 5
48.281 0.537526 -0.264962 0.198216 0.0948062 5
48.3789 0.537461 -0.264857 0.198021 0.0978961 5
48.4692 0.537282 -0.264704 0.197617 0.0902998 5
48.5579 0.537395 -0.264801 0.198044 0.0886474 5
48.6482 0.53732 -0.26464 0.198054 0.0903373 5
48.7244 0.537422 -0.264909 0.198024 0.0762019 5
48.8716 0.537508 -0.264988 0.198147 0.147121 5
48.9927 0.537465 -0.264724 0.197839 0.121114 5
