9.53674e-07 0.491647 0.182523 -0.0690918 0
0.0887368 0.491698 0.182658 -0.0702006 0
0.19888 0.49161 0.182465 -0.0687114 0
0.305143 0.491657 0.182537 -0.069667 0
0.394877 0.491547 0.182467 -0.0691209 0
0.486773 0.491652 0.182505 -0.0686004 0
0.584528 0.49165 0.182595 -0.0696084 0
0.680384 0.491671 0.18256 -0.0695863 0
0.777946 0.491585 0.18254 -0.0688546 0
0.88171 0.491642 0.182524 -0.0687933 0
0.965108 0.491667 0.182547 -0.0688681 0
1.06926 0.491684 0.182578 -0.0697218 0
1.15978 0.491666 0.18262 -0.0698865 0
1.2543 0.491672 0.182594 -0.0695187 0
1.34663 0.491602 0.182445 -0.0686338 0
1.43897 0.491691 0.182587 -0.069409 0
1.53046 0.491625 0.182609 -0.0686204 0
1.63807 0.491658 0.182609 -0.0695483 0
1.73807 0.491647 0.182545 -0.069128 0
1.84642 0.491712 0.182677 -0.0695385 0
1.96376 0.491609 0.182522 -0.0691825 0
2.08056 0.49162 0.182518 -0.0694072 0
2.23274 0.491705 0.182554 -0.0688677 0
2.34915 0.491606 0.18252 -0.0691733 0
2.46778 0.491695 0.182562 -0.0699528 0
2.58132 0.491568 0.182533 -0.0687791 0
2.69012 0.491651 0.182566 -0.0692902 0
2.81634 0.491677 0.182546 -0.0699743 0
2.9421 0.491651 0.182495 -0.068584 0
3.05052 0.491703 0.182568 -0.0702042 0
3.15485 0.491674 0.182585 -0.0696536 0
3.27497 0.49166 0.182604 -0.0693637 0
3.41302 0.491639 0.182532 -0.0696683 0
3.53575 0.49154 0.182524 -0.0687128 0
3.65727 0.491645 0.182613 -0.0693819 0
3.77513 0.491691 0.182599 -0.0694786 0
3.88256 0.491665 0.182544 -0.0693517 0
3.98395 0.491617 0.182595 -0.0693664 0
4.10128 0.491629 0.182567 -0.0696728 0
4.21148 0.491671 0.182535 -0.0694978 0
4.31662 0.491688 0.182553 -0.0695493 0
4.42716 0.491711 0.182676 -0.0698928 0
4.54282 0.491641 0.18259 -0.0695096 0
4.66431 0.491684 0.182588 -0.0693123 0
4.80633 0.491671 0.182631 -0.0693518 0
4.90966 0.491768 0.182647 -0.0699838 0
4.99567 0.491658 0.182566 -0.0696436 0
5.11607 0.491561 0.182517 -0.0691764 0
5.25367 0.491669 0.182589 -0.0690536 0
5.38985 0.49158 0.182522 -0.0689946 0
5.52398 0.491756 0.182652 -0.0701755 0
5.62219 0.491702 0.182608 -0.0697702 0
5.74399 0.491568 0.182554 -0.0692883 0
5.86698 0.491609 0.182539 -0.0693139 0
5.97786 0.491722 0.182599 -0.0697321 0
6.11165 0.491714 0.18259 -0.0697755 0
6.23683 0.49161 0.182568 -0.0694851 0
6.34575 0.491657 0.18256 -0.0696465 0
6.45442 0.491626 0.182489 -0.0693622 0
6.57752 0.491659 0.182558 -0.0694613 0
6.67701 0.491668 0.182578 -0.0698203 0
6.78814 0.491681 0.182613 -0.06947 0
6.90927 0.491693 0.182565 -0.0696228 0
7.02356 0.491717 0.182624 -0.0694003 0
7.12714 0.491608 0.182528 -0.0696703 0
7.24681 0.491607 0.182582 -0.0695568 0
7.38087 0.491656 0.182582 -0.0692633 0
7.5127 0.4917 0.182664 -0.0695796 0
7.66211 0.491668 0.182545 -0.0694427 0
7.7837 0.491598 0.182532 -0.0694815 0
7.90794 0.491689 0.18264 -0.0700409 0
8.0231 0.491741 0.182591 -0.0698609 0
8.14883 0.491669 0.182567 -0.0696262 0
8.30064 0.491649 0.182589 -0.0700353 0
8.39956 0.491641 0.182524 -0.0695501 0
8.52121 0.491744 0.182644 -0.070064 0
8.62947 0.491681 0.18262 -0.0694241 0
8.73524 0.491632 0.182577 -0.0697976 0
8.8641 0.491663 0.182576 -0.0699489 0
8.98071 0.49166 0.182573 -0.0695566 0
9.08785 0.491673 0.182552 -0.0699035 0
9.21457 0.491756 0.182603 -0.0702665 0
9.32554 0.491954 0.183033 -0.070155 0
9.46011 0.492163 0.183239 -0.069846 0
9.5862 0.492223 0.183251 -0.0695967 0
9.6939 0.492278 0.183445 -0.0687213 0
9.82153 0.492502 0.183715 -0.0694205 0
9.93781 0.492629 0.183596 -0.0685577 0
10.0589 0.492806 0.183862 -0.0680001 0
10.197 0.493229 0.184502 -0.0681411 0
10.3077 0.493615 0.184702 -0.0677677 0
10.4394 0.493708 0.184889 -0.0664072 0
10.5518 0.494011 0.185011 -0.0657915 0
10.6837 0.494154 0.185314 -0.0637591 0
10.8068 0.494307 0.185762 -0.0632203 0
10.9375 0.494682 0.186137 -0.0620359 0
11.0557 0.494977 0.186352 -0.0608042 0
11.1909 0.495247 0.186211 -0.058689 0
11.3271 0.4955 0.186618 -0.0582966 0
11.4175 0.495565 0.186441 -0.0561659 0
11.5418 0.495616 0.186976 -0.0572241 0
11.6681 0.495185 0.186665 -0.0548448 0
11.7967 0.495234 0.186808 -0.0518158 0
11.8974 0.495372 0.187136 -0.0515032 0
12.01 0.495678 0.1868 -0.0487687 0
12.1355 0.495825 0.187093 -0.0478853 0
12.2546 0.496263 0.187123 -0.0453714 0
12.3827 0.496251 0.187199 -0.0450127 0
12.5102 0.49595 0.187454 -0.0439407 0
12.5978 0.496005 0.187563 -0.043258 0
12.7353 0.495964 0.187657 -0.042819 0
12.8564 0.496074 0.187854 -0.0428453 0
12.9901 0.49569 0.187658 -0.0404401 0
13.1066 0.496253 0.187381 -0.0379426 0
13.2248 0.496235 0.187778 -0.0382671 0
13.3513 0.496443 0.187736 -0.037342 0
13.4881 0.496299 0.187683 -0.0367279 0
13.6311 0.496125 0.187695 -0.035279 1
13.7472 0.496068 0.187734 -0.0352026 1
13.8607 0.496062 0.187672 -0.0356456 1
14.0023 0.495859 0.187149 -0.0332531 1
14.1244 0.495987 0.187518 -0.034649 1
14.2397 0.496235 0.187021 -0.0327566 1
14.3639 0.496708 0.187321 -0.0334518 1
14.493 0.497182 0.187472 -0.0339479 1
14.6124 0.498002 0.187485 -0.0341265 1
14.7308 0.499674 0.187849 -0.0351152 1
14.8513 0.501615 0.188036 -0.0352843 1
14.9667 0.503285 0.18781 -0.0339294 1
15.0822 0.50553 0.1879 -0.0344881 1
15.2197 0.508298 0.187888 -0.0325475 1
15.3677 0.51149 0.188231 -0.0320463 1
15.4648 0.514549 0.188074 -0.031656 1
15.5878 0.517472 0.187986 -0.0319447 1
15.7138 0.520847 0.188201 -0.0317855 1
15.846 0.52437 0.188537 -0.0321926 1
15.9452 0.527577 0.188348 -0.0304056 1
16.0495 0.531033 0.188559 -0.0295972 1
16.168 0.534509 0.188175 -0.0286515 1
16.295 0.539349 0.188021 -0.0264102 1
16.4113 0.542584 0.187708 -0.026591 1
16.541 0.546487 0.188283 -0.0274684 1
16.6608 0.551002 0.18782 -0.0265278 1
16.8088 0.554724 0.18756 -0.0272793 1
16.9178 0.559042 0.18759 -0.0257489 1
17.0482 0.564274 0.187294 -0.024614 1
17.1924 0.568212 0.187323 -0.0266249 1
17.298 0.571727 0.187112 -0.0265802 1
17.4161 0.57516 0.186618 -0.0247523 1
17.5292 0.578562 0.186387 -0.025149 1
17.655 0.58224 0.18613 -0.025215 1
17.7879 0.585427 0.1859 -0.0251311 1
17.8928 0.588368 0.185608 -0.0247473 1
18.0266 0.591345 0.185334 -0.0254555 1
18.1646 0.594495 0.18489 -0.0256342 1
18.2826 0.597307 0.184769 -0.0253121 1
18.4203 0.599399 0.184672 -0.0266161 1
18.5283 0.601397 0.184269 -0.0256297 1
18.6474 0.602921 0.184143 -0.0265958 1
18.7796 0.604331 0.184024 -0.0264926 2
18.8899 0.605365 0.183852 -0.0262345 2
19.0032 0.605894 0.184062 -0.0260258 2
19.1222 0.606051 0.183799 -0.0269766 2
19.2349 0.606174 0.183891 -0.0258025 2
19.36 0.606118 0.183789 -0.0266638 2
19.4422 0.606214 0.183749 -0.0259866 2
19.5722 0.606289 0.18316 -0.0260871 2
19.7246 0.606482 0.182468 -0.0266714 2
19.8251 0.606751 0.181886 -0.0265539 2
19.9717 0.607202 0.180568 -0.0258702 2
20.0737 0.607428 0.179571 -0.0262297 2
20.1967 0.60824 0.178115 -0.0253457 2
20.3212 0.608912 0.176236 -0.0257368 2
20.4329 0.609202 0.174574 -0.0258685 2
20.5671 0.609973 0.172266 -0.0254814 2
20.6885 0.610344 0.169915 -0.0244062 2
20.7855 0.611287 0.167942 -0.0244342 2
20.9227 0.612197 0.16552 -0.0244161 2
21.0614 0.613482 0.162234 -0.0252544 2
21.1779 0.613958 0.159521 -0.0240624 2
21.3126 0.615045 0.155995 -0.023791 2
21.4401 0.616046 0.153007 -0.0243432 2
21.5732 0.617088 0.14899 -0.0228907 2
21.7025 0.61811 0.145273 -0.0223699 2
21.8411 0.61889 0.141022 -0.0223835 2
21.9486 0.619507 0.137647 -0.0248867 2
22.082 0.620759 0.133186 -0.022904 2
22.2044 0.621673 0.128845 -0.0224904 2
22.3314 0.622607 0.124945 -0.0226498 2
22.4533 0.624273 0.119938 -0.0214846 2
22.5826 0.625062 0.115753 -0.0228069 2
22.7092 0.625898 0.110957 -0.0226235 2
22.8477 0.626876 0.104987 -0.0233536 2
22.97 0.627771 0.100229 -0.0223911 2
23.0945 0.628505 0.0949238 -0.0211857 2
23.2225 0.62952 0.0895572 -0.0226279 2
23.3488 0.630278 0.0839434 -0.0214467 2
23.4691 0.630854 0.0786927 -0.0231998 2
23.5925 0.632553 0.0731385 -0.0203969 2
23.7156 0.632989 0.0682696 -0.0219136 2
23.8429 0.633443 0.0620503 -0.0216988 2
23.9523 0.633928 0.0560191 -0.0198544 2
24.0869 0.63449 0.05069 -0.0215422 2
24.2212 0.635179 0.0447564 -0.0216976 2
24.3389 0.635299 0.0385831 -0.0246076 2
24.4508 0.636015 0.0333683 -0.0216318 2
24.5855 0.635974 0.0257906 -0.0214547 2
24.7157 0.636277 0.0203455 -0.0220942 2
24.8396 0.636335 0.0137576 -0.0219895 2
24.9556 0.636551 0.00839797 -0.0232957 2
25.0766 0.636774 0.00220469 -0.0225479 2
25.23 0.636805 -0.00541615 -0.0217537 2
25.359 0.63631 -0.0121775 -0.0237345 2
25.4628 0.636567 -0.0177367 -0.0208999 2
25.5798 0.636178 -0.0237979 -0.0220919 2
25.7089 0.636044 -0.029948 -0.0243561 2
25.8569 0.635536 -0.0378237 -0.0230094 2
25.9637 0.63507 -0.0431499 -0.0236502 2
26.0847 0.634685 -0.0485514 -0.0236956 2
26.2043 0.634024 -0.0547011 -0.0246632 2
26.3272 0.633966 -0.0604422 -0.0251546 2
26.4392 0.633284 -0.066659 -0.0229612 2
26.5543 0.632727 -0.0720372 -0.0240437 2
26.6638 0.632487 -0.0777132 -0.0221484 2
26.8059 0.631387 -0.0844225 -0.0235751 2
26.9098 0.631045 -0.0893477 -0.0224541 2
27.0276 0.63014 -0.0945789 -0.0212944 2
27.1574 0.628917 -0.100467 -0.0206127 2
27.277 0.628358 -0.105568 -0.0190014 2
27.4298 0.627186 -0.112449 -0.0187438 2
27.561 0.625704 -0.118123 -0.01691 2
27.688 0.624655 -0.12301 -0.0182494 2
27.8012 0.623285 -0.127248 -0.0178114 2
27.919 0.622169 -0.131934 -0.0170214 2
28.0384 0.621381 -0.137317 -0.0167738 2
28.1562 0.619967 -0.141401 -0.0182154 2
28.2895 0.617786 -0.146551 -0.0193447 2
28.4239 0.616173 -0.150604 -0.0183594 2
28.5445 0.615655 -0.155544 -0.0180859 2
28.6678 0.61456 -0.159127 -0.0189831 2
28.7935 0.614082 -0.163446 -0.0189097 2
28.9123 0.61297 -0.166844 -0.0195451 2
29.0296 0.612127 -0.17046 -0.0197319 2
29.1662 0.611051 -0.175044 -0.0207094 2
29.2883 0.609861 -0.17871 -0.0207945 2
29.4077 0.610169 -0.181809 -0.0193169 2
29.516 0.608263 -0.184901 -0.0212899 2
29.6362 0.607717 -0.186942 -0.0203087 2
29.7645 0.606443 -0.190457 -0.0214575 2
29.894 0.605279 -0.193275 -0.021614 2
29.9995 0.604307 -0.195034 -0.0215382 2
30.1557 0.602701 -0.197448 -0.0210318 2
30.2541 0.601537 -0.199391 -0.0201858 2
30.373 0.602064 -0.201203 -0.0174859 2
30.4948 0.601348 -0.201999 -0.0180194 2
30.612 0.60032 -0.203034 -0.0190896 3
30.7415 0.599993 -0.204441 -0.0182293 3
30.8551 0.599473 -0.205196 -0.0188246 3
30.9788 0.599298 -0.205903 -0.0193335 3
31.1217 0.59934 -0.206571 -0.0190129 3
31.2421 0.599304 -0.206422 -0.0183646 3
31.3751 0.598823 -0.206298 -0.0195422 3
31.4689 0.598947 -0.205787 -0.0187142 3
31.567 0.599034 -0.206041 -0.0191935 3
31.6886 0.599114 -0.20613 -0.0186095 3
31.8249 0.598928 -0.205933 -0.0190979 3
31.9229 0.599176 -0.205965 -0.018953 3
32.0446 0.599053 -0.206727 -0.0190236 3
32.1857 0.598971 -0.206462 -0.0189993 3
32.2876 0.598719 -0.206772 -0.0186776 3
32.433 0.599236 -0.207569 -0.0183947 3
32.5516 0.599261 -0.207912 -0.01803 3
32.6732 0.599736 -0.20801 -0.0170416 3
32.8132 0.598526 -0.208414 -0.0170476 3
32.9198 0.598625 -0.208448 -0.0155885 3
33.0816 0.599577 -0.208636 -0.0161556 3
33.215 0.599296 -0.209064 -0.0148514 3
33.3482 0.599055 -0.209693 -0.0148005 3
33.4823 0.599063 -0.209772 -0.0142597 3
33.6227 0.599255 -0.20987 -0.013505 4
33.749 0.599168 -0.210207 -0.0126695 4
33.8771 0.599063 -0.210285 -0.0109448 4
34.008 0.598994 -0.210378 -0.0111222 4
34.1056 0.599226 -0.210456 -0.0100341 4
34.2407 0.599296 -0.210824 -0.0106583 4
34.3672 0.598981 -0.210588 -0.0104734 4
34.4892 0.59908 -0.21043 -0.00978704 4
34.6148 0.59978 -0.210652 -0.0091059 4
34.7177 0.599035 -0.210335 -0.0101403 4
34.8436 0.599105 -0.209617 -0.00985281 4
34.9711 0.599531 -0.207755 -0.00999335 4
35.1174 0.599434 -0.205469 -0.0106352 4
35.2457 0.599343 -0.203712 -0.0120552 4
35.3671 0.599807 -0.201477 -0.0126817 4
35.4788 0.599724 -0.198895 -0.0135577 4
35.6481 0.600223 -0.194384 -0.0136526 4
35.7567 0.599277 -0.191955 -0.015009 4
35.8582 0.600125 -0.189531 -0.0162011 4
35.9838 0.599701 -0.18722 -0.0186286 4
36.102 0.600556 -0.183368 -0.0193266 4
36.2262 0.600107 -0.180766 -0.0210692 4
36.3416 0.599733 -0.179576 -0.0226713 4
36.4653 0.599695 -0.176766 -0.0244328 4
36.5999 0.599507 -0.173795 -0.0259833 4
36.7118 0.599524 -0.172605 -0.0266287 4
36.8279 0.599473 -0.170724 -0.0268752 4
36.95 0.598655 -0.1679 -0.0278898 4
37.0621 0.598381 -0.165963 -0.0273763 4
37.1765 0.598428 -0.16515 -0.0275181 4
37.2947 0.598142 -0.163794 -0.0276776 4
37.2947 0 0 0 5
37.4328 0.598095 -0.163984 -0.0270403 5
37.5698 0.598127 -0.163745 -0.0273022 5
37.6971 0.598126 -0.164475 -0.0266765 5
37.8254 0.598365 -0.166187 -0.0257176 5
37.9589 0.599086 -0.168097 -0.0257716 5
38.0717 0.600815 -0.174219 -0.0251908 5
38.1931 0.600657 -0.174116 -0.0247328 5
38.3121 0.603235 -0.180495 -0.0274021 5
38.4424 0.603724 -0.1811 -0.0271224 5
38.5829 0.606731 -0.188778 -0.0267555 5
38.6986 0.6044 -0.178964 -0.0288657 5
38.8437 0.605441 -0.169608 -0.0314795 5
38.9642 0.606904 -0.169304 -0.0302447 5
39.0794 0.601471 -0.169819 -0.0268062 5
39.1806 0.602594 -0.170874 -0.0288282 5
39.3298 0.602342 -0.171883 -0.027765 5
39.4302 0.602654 -0.171537 -0.0289464 5
39.5512 0.602313 -0.171494 -0.0280636 5
39.6767 0.602401 -0.171367 -0.0284584 5
39.8024 0.60242 -0.171432 -0.0282173 5
39.9495 0.602217 -0.171463 -0.0280481 5
40.0587 0.602594 -0.171323 -0.0281399 5
40.1909 0.602607 -0.171371 -0.0277559 5
40.3274 0.602459 -0.17131 -0.0276295 5
40.4568 0.602633 -0.171414 -0.027741 5
40.5781 0.602605 -0.171417 -0.0291054 5
40.6848 0.602295 -0.17147 -0.028485 5
40.8078 0.602654 -0.171469 -0.0289717 5
40.92 0.602625 -0.171504 -0.0285869 5
41.065 0.602697 -0.171501 -0.0284001 5
41.1947 0.602165 -0.171385 -0.0286311 5
41.3353 0.602485 -0.171481 -0.0278679 5
41.4591 0.602218 -0.171243 -0.0276791 5
41.586 0.602162 -0.171303 -0.0284493 5
41.7109 0.602353 -0.171563 -0.0285621 5
41.8332 0.602302 -0.171219 -0.0293212 5
41.9273 0.602361 -0.171328 -0.0284132 5
42.0411 0.602539 -0.171487 -0.0281688 5
