9.53674e-07 0.363317 0.181323 -0.0794132 0
0.0887368 0.363207 0.181226 -0.0782237 0
0.19888 0.363282 0.181243 -0.0790546 0
0.305143 0.363258 0.181327 -0.0800189 0
0.394877 0.363166 0.18117 -0.0785302 0
0.486773 0.363207 0.181265 -0.078394 0
0.584528 0.363334 0.181334 -0.0796113 0
0.680384 0.363301 0.181352 -0.0801167 0
0.777946 0.363252 0.181189 -0.0781469 0
0.88171 0.363236 0.18129 -0.0786512 0
0.965108 0.36326 0.181362 -0.0790392 0
1.06926 0.363295 0.181269 -0.0793538 0
1.15978 0.363285 0.18137 -0.0795231 0
1.2543 0.363281 0.181326 -0.0792716 0
1.34663 0.363215 0.181228 -0.0792145 0
1.43897 0.363276 0.18133 -0.0792422 0
1.53046 0.363292 0.181409 -0.0793128 0
1.63807 0.363258 0.181251 -0.0788695 0
1.73807 0.363223 0.181306 -0.0788313 0
1.84642 0.363312 0.18131 -0.0786525 0
1.96376 0.363189 0.181239 -0.0787744 0
2.08056 0.363234 0.181284 -0.0796801 0
2.23274 0.363263 0.181367 -0.0789023 0
2.34915 0.363237 0.181287 -0.0789545 0
2.46778 0.363273 0.181239 -0.0791331 0
2.58132 0.363242 0.181281 -0.0791446 0
2.69012 0.363206 0.181307 -0.0793157 0
2.81634 0.363348 0.181317 -0.0803423 0
2.9421 0.363233 0.18127 -0.0788352 0
3.05052 0.363297 0.181253 -0.0794346 0
3.15485 0.363264 0.181268 -0.0789616 0
3.27497 0.363268 0.181279 -0.0788261 0
3.41302 0.363277 0.181308 -0.0796916 0
3.53575 0.363101 0.181162 -0.0776542 0
3.65727 0.363219 0.181216 -0.0780665 0
3.77513 0.363265 0.181322 -0.0790731 0
3.88256 0.363368 0.181329 -0.079806 0
3.98395 0.363172 0.181269 -0.0784948 0
4.10128 0.363243 0.181291 -0.0793871 0
4.21148 0.363269 0.18129 -0.0794817 0
4.31662 0.36332 0.181305 -0.0797065 0
4.42716 0.363257 0.181283 -0.0785555 0
4.54282 0.363259 0.181344 -0.0794069 0
4.66431 0.36331 0.18139 -0.0797395 0
4.80633 0.363329 0.181393 -0.0796904 0
4.90966 0.363329 0.181291 -0.0788586 0
4.99567 0.363355 0.181221 -0.0789248 0
5.11607 0.36318 0.181152 -0.0781753 0
5.25367 0.363353 0.181402 -0.0798123 0
5.38985 0.363209 0.181263 -0.0787912 0
5.52398 0.363307 0.181368 -0.0797948 0
5.62219 0.363314 0.181312 -0.0793177 0
5.74399 0.363273 0.181211 -0.0784987 0
5.86698 0.363255 0.181329 -0.0795456 0
5.97786 0.363371 0.181334 -0.0796185 0
6.11165 0.363329 0.181309 -0.0793121 0
6.23683 0.36323 0.181254 -0.078859 0
6.34575 0.363244 0.181199 -0.0788243 0
6.45442 0.363258 0.181268 -0.0794856 0
6.57752 0.363321 0.1813 -0.0791187 0
6.67701 0.363264 0.181281 -0.0793534 0
6.78814 0.363388 0.181394 -0.079894 0
6.90927 0.363332 0.181337 -0.0798531 0
7.02356 0.36335 0.181344 -0.0795093 0
7.12714 0.363264 0.181212 -0.079085 0
7.24681 0.36319 0.181283 -0.0790561 0
7.38087 0.36333 0.181354 -0.0794343 0
7.5127 0.363331 0.181446 -0.0802061 0
7.66211 0.363326 0.181269 -0.0796772 0
7.7837 0.363231 0.181295 -0.0795833 0
7.90794 0.363237 0.18128 -0.0788203 0
8.0231 0.363306 0.181283 -0.0792483 0
8.14883 0.363347 0.181329 -0.0797056 0
8.30064 0.363279 0.181303 -0.079795 0
8.39956 0.363267 0.181167 -0.0789085 0
8.52121 0.363311 0.181405 -0.0797952 0
8.62947 0.363406 0.18141 -0.080154 0
8.73524 0.363216 0.181319 -0.0795919 0
8.8641 0.363293 0.181222 -0.0784971 0
8.98071 0.363366 0.181345 -0.0801753 0
9.08785 0.363282 0.181301 -0.0797476 0
9.21457 0.363395 0.181337 -0.0798329 0
9.32554 0.363548 0.181673 -0.0792716 0
9.46011 0.363792 0.18201 -0.079947 0
9.5862 0.36377 0.181964 -0.0789541 0
9.6939 0.363964 0.182268 -0.0793676 0
9.82153 0.364126 0.182506 -0.0798651 0
9.93781 0.364185 0.18234 -0.078783 0
10.0589 0.364247 0.182655 -0.0787182 0
10.197 0.364614 0.183266 -0.0787594 0
10.3077 0.364311 0.183438 -0.0784156 0
10.4394 0.363831 0.183642 -0.0775328 0
10.5518 0.363842 0.183809 -0.076818 0
10.6837 0.363881 0.184235 -0.0757184 0
10.8068 0.363733 0.184656 -0.0759135 0
10.9375 0.363883 0.185087 -0.074486 0
11.0557 0.363552 0.185373 -0.074278 0
11.1909 0.364366 0.185361 -0.0720771 0
11.3271 0.363734 0.185526 -0.0721882 0
11.4175 0.364663 0.185665 -0.0703348 0
11.5418 0.364654 0.185477 -0.0681633 0
11.6681 0.364432 0.185576 -0.0672018 0
11.7967 0.364939 0.185631 -0.0635183 0
11.8974 0.364638 0.185622 -0.0626692 0
12.01 0.365415 0.185664 -0.0600909 0
12.1355 0.365535 0.185812 -0.0578366 0
12.2546 0.365388 0.185961 -0.0569607 0
12.3827 0.364477 0.18615 -0.0565176 0
12.5102 0.364741 0.186138 -0.0544898 0
12.5978 0.366189 0.186101 -0.0507826 0
12.7353 0.365953 0.186406 -0.0517444 0
12.8564 0.366508 0.18704 -0.0521255 0
12.9901 0.36578 0.186408 -0.0483222 0
13.1066 0.365635 0.186451 -0.0469555 0
13.2248 0.367562 0.187052 -0.0453922 0
13.3513 0.367322 0.186938 -0.0444554 0
13.4881 0.367562 0.186935 -0.0421459 0
13.6311 0.366824 0.186683 -0.0407611 1
13.7472 0.367213 0.186829 -0.040985 1
13.8607 0.366098 0.187105 -0.0418339 1
14.0023 0.365809 0.186738 -0.0416814 1
14.1244 0.366486 0.186651 -0.0397607 1
14.2397 0.365824 0.186627 -0.0402423 1
14.3639 0.367003 0.186566 -0.0397069 1
14.493 0.367051 0.186479 -0.0389454 1
14.6124 0.36743 0.186717 -0.0401302 1
14.7308 0.369541 0.186851 -0.0387273 1
14.8513 0.37249 0.187078 -0.0378385 1
14.9667 0.373042 0.186924 -0.037562 1
15.0822 0.37377 0.187354 -0.0395242 1
15.2197 0.375508 0.187367 -0.0388505 1
15.3677 0.379286 0.18764 -0.0377568 1
15.4648 0.383005 0.187635 -0.0363788 1
15.5878 0.385751 0.187526 -0.0368077 1
15.7138 0.389357 0.187627 -0.036086 1
15.846 0.39248 0.187918 -0.0363464 1
15.9452 0.396732 0.187595 -0.0334928 1
16.0495 0.398566 0.187488 -0.0346447 1
16.168 0.403376 0.187738 -0.033152 1
16.295 0.407775 0.187535 -0.0309885 1
16.4113 0.411156 0.187242 -0.0318052 1
16.541 0.414635 0.18729 -0.0325187 1
16.6608 0.419826 0.187101 -0.0305191 1
16.8088 0.423142 0.186256 -0.0298338 1
16.9178 0.42738 0.186676 -0.029583 1
17.0482 0.433151 0.186896 -0.03001 1
17.1924 0.436904 0.186663 -0.0309642 1
17.298 0.441653 0.186453 -0.0304649 1
17.4161 0.445179 0.186286 -0.0304791 1
17.5292 0.44836 0.185676 -0.0296116 1
17.655 0.453314 0.185618 -0.0299155 1
17.7879 0.455874 0.185512 -0.0311684 1
17.8928 0.459465 0.185221 -0.0316391 1
18.0266 0.462631 0.184864 -0.0310668 1
18.1646 0.465532 0.184428 -0.0322165 1
18.2826 0.467958 0.184304 -0.032482 1
18.4203 0.47087 0.183688 -0.0311552 1
18.5283 0.472772 0.183425 -0.0315493 1
18.6474 0.474836 0.183216 -0.0333445 1
18.7796 0.476155 0.183007 -0.0334385 2
18.8899 0.476303 0.183023 -0.0347657 2
19.0032 0.477895 0.183281 -0.0353536 2
19.1222 0.478089 0.182949 -0.0346049 2
19.2349 0.478471 0.182758 -0.0335128 2
19.36 0.478374 0.182919 -0.0361171 2
19.4422 0.478153 0.182304 -0.0326438 2
19.5722 0.478818 0.181995 -0.0323035 2
19.7246 0.478282 0.181086 -0.0324979 2
19.8251 0.478602 0.180812 -0.0347281 2
19.9717 0.478963 0.17943 -0.0331062 2
20.0737 0.478957 0.178522 -0.0346615 2
20.1967 0.480173 0.177107 -0.0325022 2
20.3212 0.480132 0.175578 -0.0339802 2
20.4329 0.481306 0.173928 -0.034311 2
20.5671 0.481457 0.171439 -0.0334917 2
20.6885 0.482108 0.168777 -0.0324528 2
20.7855 0.482435 0.167056 -0.0330278 2
20.9227 0.48346 0.164548 -0.0325297 2
21.0614 0.484874 0.161598 -0.033547 2
21.1779 0.485467 0.158377 -0.0298802 2
21.3126 0.486486 0.155054 -0.0313462 2
21.4401 0.487345 0.152026 -0.0313795 2
21.5732 0.488118 0.148082 -0.0303041 2
21.7025 0.488984 0.144299 -0.0291135 2
21.8411 0.489467 0.140115 -0.0313536 2
21.9486 0.490743 0.136542 -0.0318029 2
22.082 0.491879 0.132497 -0.030833 2
22.2044 0.493443 0.127646 -0.0282061 2
22.3314 0.494038 0.123372 -0.0275922 2
22.4533 0.495053 0.119045 -0.028878 2
22.5826 0.495718 0.114605 -0.0303131 2
22.7092 0.497212 0.109922 -0.0299742 2
22.8477 0.497543 0.103917 -0.0326711 2
22.97 0.498942 0.0992468 -0.0307907 2
23.0945 0.499125 0.093735 -0.029872 2
23.2225 0.499956 0.0885079 -0.0323217 2
23.3488 0.500627 0.0829654 -0.0312729 2
23.4691 0.501219 0.0776421 -0.0325976 2
23.5925 0.503791 0.0724689 -0.0271642 2
23.7156 0.50343 0.0670283 -0.0295232 2
23.8429 0.503022 0.0607113 -0.0316902 2
23.9523 0.504771 0.0552056 -0.0281942 2
24.0869 0.504015 0.0492227 -0.0312461 2
24.2212 0.505481 0.0433198 -0.0295559 2
24.3389 0.506058 0.0376039 -0.0331979 2
24.4508 0.506018 0.0319578 -0.0296564 2
24.5855 0.506797 0.0242074 -0.0284046 2
24.7157 0.507245 0.0188905 -0.0281306 2
24.8396 0.507297 0.0125839 -0.0304262 2
24.9556 0.508222 0.00689387 -0.0294895 2
25.0766 0.508254 0.000913799 -0.0289428 2
25.23 0.508617 -0.00633925 -0.0285973 2
25.359 0.508763 -0.0133432 -0.0298723 2
25.4628 0.508689 -0.0190177 -0.0262984 2
25.5798 0.508418 -0.0247988 -0.0288944 2
25.7089 0.507695 -0.0310167 -0.0325524 2
25.8569 0.507478 -0.0389854 -0.0300747 2
25.9637 0.507159 -0.0446187 -0.030457 2
26.0847 0.506985 -0.0500228 -0.031124 2
26.2043 0.506346 -0.0560549 -0.0350742 2
26.3272 0.505193 -0.061915 -0.0340844 2
26.4392 0.505061 -0.0681301 -0.0320246 2
26.5543 0.504828 -0.0745615 -0.0291264 2
26.6638 0.504875 -0.0794211 -0.031143 2
26.8059 0.503119 -0.0868186 -0.0300802 2
26.9098 0.503291 -0.0916292 -0.0325654 2
27.0276 0.501934 -0.0965738 -0.0302853 2
27.1574 0.500294 -0.102625 -0.0254997 2
27.277 0.499376 -0.107942 -0.0279189 2
27.4298 0.497904 -0.114643 -0.0298192 2
27.561 0.497248 -0.120231 -0.0258124 2
27.688 0.49602 -0.124695 -0.0280001 2
27.8012 0.49463 -0.128218 -0.0300355 2
27.919 0.493801 -0.133523 -0.0301414 2
28.0384 0.492991 -0.138229 -0.0321007 2
28.1562 0.490667 -0.142496 -0.0318085 2
28.2895 0.490446 -0.148187 -0.0318724 2
28.4239 0.488669 -0.152313 -0.0328388 2
28.5445 0.48785 -0.156939 -0.0331519 2
28.6678 0.485558 -0.160063 -0.0309958 2
28.7935 0.484583 -0.164631 -0.0314463 2
28.9123 0.48212 -0.1677 -0.0301301 2
29.0296 0.48122 -0.172395 -0.0365493 2
29.1662 0.480208 -0.176962 -0.0380071 2
29.2883 0.48018 -0.180595 -0.0366333 2
29.4077 0.479275 -0.183481 -0.0362655 2
29.516 0.477806 -0.186246 -0.0359545 2
29.6362 0.476853 -0.188846 -0.0348784 2
29.7645 0.4755 -0.19175 -0.034499 2
29.894 0.475174 -0.194608 -0.0331248 2
29.9995 0.474428 -0.196661 -0.0345422 2
30.1557 0.473315 -0.198954 -0.0331949 2
30.2541 0.472664 -0.200649 -0.0331551 2
30.373 0.472223 -0.202318 -0.0317738 2
30.4948 0.470916 -0.204006 -0.0330786 2
30.612 0.469987 -0.204659 -0.0325957 3
30.7415 0.469467 -0.206131 -0.0326477 3
30.8551 0.469013 -0.206938 -0.0329399 3
30.9788 0.468459 -0.207489 -0.0335248 3
31.1217 0.468704 -0.208492 -0.0336512 3
31.2421 0.467966 -0.208359 -0.0335769 3
31.3751 0.467945 -0.208316 -0.0337762 3
31.4689 0.467891 -0.208374 -0.0335976 3
31.567 0.468025 -0.208213 -0.0336339 3
31.6886 0.468056 -0.208296 -0.0339787 3
31.8249 0.468123 -0.208086 -0.0338591 3
31.9229 0.468184 -0.208228 -0.0337399 3
32.0446 0.468426 -0.208605 -0.0333752 3
32.1857 0.468227 -0.208374 -0.0332045 3
32.2876 0.468538 -0.208728 -0.0331632 3
32.433 0.468106 -0.209131 -0.0327077 3
32.5516 0.468384 -0.209546 -0.0324971 3
32.6732 0.468409 -0.209466 -0.0321977 3
32.8132 0.468116 -0.209495 -0.0319759 3
32.9198 0.468455 -0.209647 -0.0309293 3
33.0816 0.467952 -0.210089 -0.0313403 3
33.215 0.467553 -0.210352 -0.0309284 3
33.3482 0.467643 -0.210574 -0.0291911 3
33.4823 0.468028 -0.210988 -0.029535 3
33.6227 0.467784 -0.211564 -0.0287175 4
33.749 0.467938 -0.211983 -0.0275833 4
33.8771 0.468434 -0.212 -0.0265437 4
34.008 0.468113 -0.212501 -0.0274353 4
34.1056 0.467997 -0.212541 -0.023275 4
34.2407 0.468043 -0.212987 -0.0261831 4
34.3672 0.467974 -0.213005 -0.0253818 4
34.4892 0.468419 -0.212845 -0.0243644 4
34.6148 0.467762 -0.213048 -0.0240935 4
34.7177 0.468201 -0.2126 -0.0242384 4
34.8436 0.467905 -0.211959 -0.0254585 4
34.9711 0.468235 -0.210482 -0.0251218 4
35.1174 0.469031 -0.208198 -0.0250492 4
35.2457 0.468378 -0.205873 -0.0266616 4
35.3671 0.468572 -0.204027 -0.0279844 4
35.4788 0.468413 -0.200905 -0.0292095 4
35.6481 0.468861 -0.195844 -0.0288007 4
35.7567 0.468853 -0.193335 -0.0302915 4
35.8582 0.468748 -0.190799 -0.0307005 4
35.9838 0.46919 -0.188896 -0.0331313 4
36.102 0.469498 -0.185382 -0.0337675 4
36.2262 0.469523 -0.182832 -0.0356159 4
36.3416 0.470115 -0.180805 -0.0363039 4
36.4653 0.470206 -0.178071 -0.0369239 4
36.5999 0.470424 -0.175369 -0.0371839 4
36.7118 0.47016 -0.173827 -0.0373318 4
36.8279 0.470535 -0.171587 -0.037043 4
36.95 0.470275 -0.169832 -0.0386597 4
37.0621 0.469748 -0.168267 -0.0372201 4
37.1765 0.469885 -0.16645 -0.0374561 4
37.2947 0.46966 -0.165568 -0.0375045 4
37.2947 0 0 0 5
37.4328 0.469586 -0.165445 -0.038334 5
37.5698 0.469525 -0.166103 -0.039054 5
37.6971 0.469758 -0.166386 -0.0388191 5
37.8254 0.469662 -0.16796 -0.0366545 5
37.9589 0.470465 -0.170664 -0.0382501 5
38.0717 0.472068 -0.176274 -0.036219 5
38.1931 0.472184 -0.176147 -0.0361978 5
38.3121 0.473789 -0.182148 -0.0377761 5
38.4424 0.474294 -0.182805 -0.0373522 5
38.5829 0.475644 -0.190379 -0.0363571 5
38.6986 0.475344 -0.180766 -0.0380379 5
38.8437 0.473946 -0.17233 -0.0423344 5
38.9642 0.474316 -0.171569 -0.0434105 5
39.0794 0.472794 -0.172596 -0.0398476 5
39.1806 0.473647 -0.173157 -0.0394963 5
39.3298 0.473543 -0.174384 -0.0383969 5
39.4302 0.473701 -0.17359 -0.0398469 5
39.5512 0.473606 -0.173937 -0.0399111 5
39.6767 0.473661 -0.173698 -0.0397435 5
39.8024 0.47358 -0.173641 -0.0390883 5
39.9495 0.473661 -0.173803 -0.0394113 5
40.0587 0.473733 -0.173761 -0.0395454 5
40.1909 0.47362 -0.173776 -0.0387367 5
40.3274 0.473632 -0.173577 -0.0393413 5
40.4568 0.473618 -0.173869 -0.0391243 5
40.5781 0.473567 -0.173636 -0.0394411 5
40.6848 0.47362 -0.173351 -0.0394159 5
40.8078 0.473571 -0.173889 -0.0395815 5
40.92 0.473508 -0.173395 -0.0385274 5
41.065 0.473578 -0.173795 -0.0395174 5
41.1947 0.473665 -0.173787 -0.0397467 5
41.3353 0.473533 -0.173536 -0.0377554 5
41.4591 0.473597 -0.173817 -0.0395713 5
41.586 0.473539 -0.17383 -0.0390837 5
41.7109 0.473652 -0.173833 -0.0393104 5
41.8332 0.473516 -0.173878 -0.0395945 5
41.9273 0.473477 -0.173747 -0.0392626 5
42.0411 0.473609 -0.173571 -0.0390278 5
