9.53674e-07 0.424374 0.0913013 0.23 0
0.0887368 0.424383 0.0912847 0.23 0
0.19888 0.424379 0.0912836 0.23 0
0.305143 0.424367 0.0912889 0.23 0
0.394877 0.424351 0.0912931 0.23 0
0.486773 0.42438 0.0912966 0.23 0
0.584528 0.424377 0.0912927 0.23 0
0.680384 0.42437 0.0912903 0.23 0
0.777946 0.424368 0.0912963 0.23 0
0.88171 0.424371 0.0913092 0.23 0
0.965108 0.424379 0.0913083 0.23 0
1.06926 0.424387 0.091284 0.23 0
1.15978 0.424375 0.0912805 0.23 0
1.2543 0.424369 0.0912955 0.23 0
1.34663 0.424375 0.0912623 0.23 0
1.43897 0.424385 0.0912887 0.23 0
1.53046 0.424374 0.0913029 0.23 0
1.63807 0.424384 0.0912874 0.23 0
1.73807 0.42437 0.0912908 0.23 0
1.84642 0.42439 0.091314 0.23 0
1.96376 0.424372 0.0912833 0.23 0
2.08056 0.424369 0.0912795 0.23 0
2.23274 0.424376 0.0912967 0.23 0
2.34915 0.42438 0.0912888 0.23 0
2.46778 0.424384 0.0912703 0.23 0
2.58132 0.424374 0.0912801 0.23 0
2.69012 0.424384 0.0912907 0.23 0
2.81634 0.42437 0.091286 0.23 0
2.9421 0.424383 0.0912878 0.23 0
3.05052 0.424365 0.0912832 0.23 0
3.15485 0.424381 0.0912924 0.23 0
3.27497 0.424382 0.0912852 0.23 0
3.41302 0.424367 0.0912903 0.23 0
3.53575 0.424372 0.0912801 0.23 0
3.65727 0.424365 0.0913061 0.23 0
3.77513 0.424385 0.0913036 0.23 0
3.88256 0.42437 0.0912736 0.23 0
3.98395 0.42438 0.0912931 0.23 0
4.10128 0.42438 0.0912842 0.23 0
4.21148 0.424383 0.0912878 0.23 0
4.31662 0.424383 0.0912809 0.23 0
4.42716 0.424377 0.0913121 0.23 0
4.54282 0.424381 0.0912892 0.23 0
4.66431 0.424387 0.0912942 0.23 0
4.80633 0.42438 0.0913112 0.23 0
4.90966 0.424382 0.0913109 0.23 0
4.99567 0.424375 0.0913133 0.23 0
5.11607 0.424365 0.0912889 0.23 0
5.25367 0.424379 0.0913083 0.23 0
5.38985 0.424383 0.0912847 0.23 0
5.52398 0.424388 0.0912987 0.23 0
5.62219 0.424382 0.091292 0.23 0
5.74399 0.424372 0.0913019 0.23 0
5.86698 0.424376 0.0912913 0.23 0
5.97786 0.424396 0.0912817 0.23 0
6.11165 0.424396 0.0912934 0.23 0
6.23683 0.42438 0.0912773 0.23 0
6.34575 0.424375 0.0912874 0.23 0
6.45442 0.424387 0.0912761 0.23 0
6.57752 0.424366 0.0912954 0.23 0
6.67701 0.424371 0.0912968 0.23 0
6.78814 0.424377 0.0912996 0.23 0
6.90927 0.424376 0.0912845 0.23 0
7.02356 0.42439 0.0913185 0.23 0
7.12714 0.424368 0.0912907 0.23 0
7.24681 0.424384 0.0912829 0.23 0
7.38087 0.424391 0.0912952 0.23 0
7.5127 0.424391 0.0912862 0.23 0
7.66211 0.424378 0.0912876 0.23 0
7.7837 0.424369 0.091289 0.23 0
7.90794 0.424379 0.0912996 0.23 0
8.0231 0.424381 0.0913003 0.23 0
8.14883 0.424382 0.091299 0.23 0
8.30064 0.424376 0.0912745 0.23 0
8.39956 0.42438 0.0912808 0.23 0
8.52121 0.424382 0.0913023 0.23 0
8.62947 0.424388 0.0913129 0.23 0
8.73524 0.424379 0.0912801 0.23 0
8.8641 0.42437 0.0912916 0.23 0
8.98071 0.424375 0.0912883 0.23 0
9.08785 0.424381 0.0912809 0.23 0
9.21457 0.424401 0.0912965 0.23 0
9.32554 0.424449 0.0913177 0.23 0
9.46011 0.424525 0.0913438 0.23 0
9.5862 0.424584 0.0913635 0.23 0
9.6939 0.424665 0.091393 0.23 0
9.82153 0.424782 0.0914249 0.23 0
9.93781 0.424856 0.091432 0.23 0
10.0589 0.424978 0.0914464 0.23 0
10.197 0.425126 0.0915022 0.23 0
10.3077 0.425256 0.0915629 0.23 0
10.4394 0.425358 0.0915669 0.23 0
10.5518 0.425475 0.0915939 0.23 0
10.6837 0.425592 0.0915941 0.23 0
10.8068 0.425729 0.0915978 0.23 0
10.9375 0.425844 0.0916411 0.23 0
11.0557 0.425939 0.0916263 0.23 0
11.1909 0.426001 0.0916347 0.23 0
11.3271 0.426109 0.0916427 0.23 0
11.4175 0.426141 0.0916149 0.23 0
11.5418 0.42617 0.0916017 0.23 0
11.6681 0.426196 0.0915427 0.23 0
11.7967 0.426239 0.0915074 0.23 0
11.8974 0.426272 0.0914566 0.23 0
12.01 0.426256 0.0914528 0.23 0
12.1355 0.426228 0.0913802 0.23 0
12.2546 0.426225 0.091347 0.23 0
12.3827 0.426189 0.0912744 0.23 0
12.5102 0.426122 0.0911819 0.23 0
12.5978 0.426046 0.0911432 0.23 0
12.7353 0.425979 0.0910428 0.23 0
12.8564 0.425937 0.0910066 0.23 0
12.9901 0.425851 0.0909444 0.23 0
13.1066 0.425784 0.0908681 0.23 0
13.2248 0.425722 0.0908299 0.23 0
13.3513 0.425646 0.0907502 0.23 0
13.4881 0.5358 0.0907038 0.23 1
13.6311 0.5358 0.0906401 0.22995 1
13.7472 0.5358 0.0906256 0.230444 1
13.8607 0.5358 0.0906019 0.230825 1
14.0023 0.5358 0.0905925 0.231043 1
14.1244 0.5358 0.0906023 0.231071 1
14.2397 0.5358 0.0905874 0.231096 1
14.3639 0.5358 0.0906669 0.231234 1
14.493 0.5358 0.0907352 0.231294 1
14.6124 0.5358 0.090807 0.231431 1
14.7308 0.5358 0.0909643 0.231623 1
14.8513 0.5358 0.0911327 0.231858 1
14.9667 0.5358 0.091253 0.232044 1
15.0822 0.5358 0.0913667 0.232321 1
15.2197 0.5358 0.0915981 0.232623 1
15.3677 0.5358 0.0918655 0.233012 1
15.4648 0.5358 0.0919956 0.233152 1
15.5878 0.5358 0.0921449 0.233413 1
15.7138 0.5358 0.0922714 0.233731 1
15.846 0.5358 0.0924765 0.23408 1
15.9452 0.5358 0.0925832 0.234164 1
16.0495 0.5358 0.0926975 0.23434 1
16.168 0.5358 0.0927258 0.234589 1
16.295 0.5358 0.0927907 0.234655 1
16.4113 0.5358 0.0928515 0.23475 1
16.541 0.5358 0.0928444 0.234883 1
16.6608 0.5358 0.0927398 0.234968 1
16.8088 0.5358 0.0926532 0.234952 1
16.9178 0.5358 0.0926171 0.234912 1
17.0482 0.5358 0.0924541 0.234841 1
17.1924 0.5358 0.0923004 0.234755 1
17.298 0.5358 0.0921832 0.23463 1
17.4161 0.5358 0.091951 0.234381 1
17.5292 0.5358 0.091766 0.234286 1
17.655 0.5358 0.0915387 0.234097 1
17.7879 0.5358 0.0913288 0.233846 1
17.8928 0.5358 0.0910963 0.233652 1
18.0266 0.5358 0.0907775 0.233462 1
18.1646 0.5358 0.0905263 0.233175 1
18.2826 0.5358 0.0903492 0.233004 1
18.4203 0.5358 0.0901199 0.232716 1
18.5283 0.5358 0.0899415 0.232551 1
18.6474 0.5358 -0.3 0.232415 2
18.7796 0.535506 -0.3 0.232306 2
18.8899 0.5363 -0.3 0.232178 2
19.0032 0.536798 -0.3 0.232139 2
19.1222 0.536959 -0.3 0.232116 2
19.2349 0.536963 -0.3 0.232132 2
19.36 0.536968 -0.3 0.232106 2
19.4422 0.537012 -0.3 0.23211 2
19.5722 0.537215 -0.3 0.232144 2
19.7246 0.537544 -0.3 0.23215 2
19.8251 0.5378 -0.3 0.232181 2
19.9717 0.538257 -0.3 0.232164 2
20.0737 0.538672 -0.3 0.232213 2
20.1967 0.539235 -0.3 0.232235 2
20.3212 0.539829 -0.3 0.232273 2
20.4329 0.540411 -0.3 0.232297 2
20.5671 0.541206 -0.3 0.232328 2
20.6885 0.541962 -0.3 0.232316 2
20.7855 0.542564 -0.3 0.232322 2
20.9227 0.543522 -0.3 0.232399 2
21.0614 0.544588 -0.3 0.232403 2
21.1779 0.545442 -0.3 0.232461 2
21.3126 0.546545 -0.3 0.232532 2
21.4401 0.547596 -0.3 0.232555 2
21.5732 0.54868 -0.3 0.232584 2
21.7025 0.549838 -0.3 0.232671 2
21.8411 0.551013 -0.3 0.232656 2
21.9486 0.551974 -0.3 0.232764 2
22.082 0.553175 -0.3 0.232836 2
22.2044 0.554237 -0.3 0.232818 2
22.3314 0.555408 -0.3 0.232909 2
22.4533 0.556511 -0.3 0.232969 2
22.5826 0.557606 -0.3 0.233047 2
22.7092 0.558706 -0.3 0.23312 2
22.8477 0.55992 -0.3 0.233139 2
22.97 0.560914 -0.3 0.233181 2
23.0945 0.56189 -0.3 0.233179 2
23.2225 0.563 -0.3 0.233333 2
23.3488 0.563889 -0.3 0.233276 2
23.4691 0.564824 -0.3 0.233353 2
23.5925 0.565637 -0.3 0.233369 2
23.7156 0.566495 -0.3 0.233498 2
23.8429 0.56727 -0.3 0.233475 2
23.9523 0.567918 -0.3 0.233484 2
24.0869 0.568596 -0.3 0.233464 2
24.2212 0.569333 -0.3 0.233617 2
24.3389 0.569837 -0.3 0.233626 2
24.4508 0.570299 -0.3 0.233679 2
24.5855 0.570754 -0.3 0.233627 2
24.7157 0.571202 -0.3 0.233706 2
24.8396 0.571491 -0.3 0.233712 2
24.9556 0.571729 -0.3 0.2338 2
25.0766 0.571909 -0.3 0.233779 2
25.23 0.572084 -0.3 0.233796 2
25.359 0.572088 -0.3 0.233793 2
25.4628 0.572027 -0.3 0.233761 2
25.5798 0.571955 -0.3 0.23386 2
25.7089 0.571815 -0.3 0.233866 2
25.8569 0.571477 -0.3 0.233853 2
25.9637 0.571204 -0.3 0.233784 2
26.0847 0.570919 -0.3 0.233916 2
26.2043 0.570509 -0.3 0.233929 2
26.3272 0.570015 -0.3 0.233881 2
26.4392 0.569461 -0.3 0.233817 2
26.5543 0.56894 -0.3 0.233874 2
26.6638 0.568409 -0.3 0.233851 2
26.8059 0.56757 -0.3 0.233853 2
26.9098 0.56689 -0.3 0.233785 2
27.0276 0.566107 -0.3 0.233824 2
27.1574 0.565266 -0.3 0.233818 2
27.277 0.564381 -0.3 0.233844 2
27.4298 0.563214 -0.3 0.233696 2
27.561 0.562116 -0.3 0.233787 2
27.688 0.561114 -0.3 0.233812 2
27.8012 0.560166 -0.3 0.233776 2
27.919 0.559109 -0.3 0.233673 2
28.0384 0.558005 -0.3 0.233618 2
28.1562 0.556971 -0.3 0.233672 2
28.2895 0.555735 -0.3 0.233647 2
28.4239 0.55453 -0.3 0.233592 2
28.5445 0.553432 -0.3 0.233537 2
28.6678 0.552303 -0.3 0.233537 2
28.7935 0.551154 -0.3 0.233577 2
28.9123 0.550098 -0.3 0.233554 2
29.0296 0.549064 -0.3 0.233473 2
29.1662 0.547857 -0.3 0.233449 2
29.2883 0.546734 -0.3 0.233392 2
29.4077 0.545748 -0.3 0.233407 2
29.516 0.54481 -0.3 0.233388 2
29.6362 0.543996 -0.3 0.233431 2
29.7645 0.542978 -0.3 0.233398 2
29.894 0.542033 -0.3 0.233376 2
29.9995 0.541402 -0.3 0.233324 2
30.1557 0.540427 -0.3 0.233333 2
30.2541 0.53982 -0.3 0.233315 2
30.373 0.53921 -0.3 0.233294 2
30.4948 0.538685 -0.3 0.25 3
30.612 0.538227 -0.29837 0.25 3
30.7415 0.537739 -0.299709 0.25 3
30.8551 0.537453 -0.30052 0.25 3
30.9788 0.537211 -0.301235 0.25 3
31.1217 0.537036 -0.301713 0.25 3
31.2421 0.536985 -0.301885 0.25 3
31.3751 0.53701 -0.301884 0.25 3
31.4689 0.537007 -0.301885 0.25 3
31.567 0.537046 -0.301904 0.25 3
31.6886 0.537062 -0.301937 0.25 3
31.8249 0.537075 -0.30201 0.25 3
31.9229 0.537077 -0.302076 0.25 3
32.0446 0.537075 -0.302135 0.25 3
32.1857 0.537066 -0.30225 0.25 3
32.2876 0.537075 -0.302325 0.25 3
32.433 0.537098 -0.302458 0.25 3
32.5516 0.53707 -0.302563 0.25 3
32.6732 0.537044 -0.302684 0.25 3
32.8132 0.537086 -0.302796 0.25 3
32.9198 0.5371 -0.302926 0.25 3
33.0816 0.537097 -0.303066 0.25 3
33.215 0.537085 -0.303156 0.25 3
33.3482 0.537057 -0.303306 0.25 3
33.4823 0.537037 -0.259 0.215 4
33.6227 0.537037 -0.259 0.215 4
33.749 0.537029 -0.259 0.215 4
33.8771 0.537024 -0.259 0.215 4
34.008 0.536996 -0.259 0.215 4
34.1056 0.536996 -0.259 0.215 4
34.2407 0.536963 -0.259 0.215 4
34.3672 0.536955 -0.259 0.215 4
34.4892 0.536986 -0.259 0.215 4
34.6148 0.536961 -0.259 0.215 4
34.7177 0.536968 -0.259 0.215 4
34.8436 0.537014 -0.259 0.215 4
34.9711 0.537162 -0.259 0.215 4
35.1174 0.537334 -0.259 0.215 4
35.2457 0.537416 -0.259 0.215 4
35.3671 0.537552 -0.259 0.215 4
35.4788 0.537678 -0.259 0.215 4
35.6481 0.537833 -0.259 0.215 4
35.7567 0.537873 -0.259 0.215 4
35.8582 0.537858 -0.259 0.215 4
35.9838 0.537904 -0.259 0.215 4
36.102 0.538 -0.259 0.215 4
36.2262 0.537897 -0.259 0.215 4
36.3416 0.537889 -0.259 0.215 4
36.4653 0.537808 -0.259 0.215 4
36.5999 0.53772 -0.259 0.215 4
36.7118 0.537638 -0.259 0.215 4
36.8279 0.537549 -0.259 0.215 4
36.95 0.537461 -0.259 0.215 4
37.0621 0.537326 -0.259 0.215 4
37.1765 0.537237 -0.259 0.215 4
37.2947 0 0 0 5
37.2947 0.537203 -0.259 0.215 5
37.4328 0.53757 -0.261446 0.215141 5
37.5698 0.538526 -0.263821 0.214592 5
37.6971 0.539992 -0.266594 0.212906 5
37.8254 0.541722 -0.270251 0.21068 5
37.9589 0.543721 -0.274368 0.208526 5
38.0717 0.545612 -0.276626 0.204417 5
38.1931 0.547427 -0.280403 0.202672 5
38.3121 0.543797 -0.270738 0.205115 5
38.4424 0.543848 -0.270762 0.203895 5
38.5829 0.544378 -0.269222 0.197116 5
38.6986 0.543144 -0.270992 0.202712 5
38.8437 0.539157 -0.272655 0.206204 5
38.9642 0.537841 -0.273297 0.205023 5
39.0794 0.5433 -0.272792 0.201572 5
39.1806 0.542183 -0.271724 0.20338 5
39.3298 0.54238 -0.270662 0.201829 5
39.4302 0.542074 -0.27101 0.203239 5
39.5512 0.542416 -0.271053 0.202356 5
39.6767 0.542327 -0.27118 0.202751 5
39.8024 0.542309 -0.271115 0.20251 5
39.9495 0.542512 -0.271084 0.20234 5
40.0587 0.542135 -0.271224 0.202432 5
40.1909 0.542122 -0.271176 0.202048 5
40.3274 0.54227 -0.271237 0.201922 5
40.4568 0.542095 -0.271133 0.202033 5
40.5781 0.542124 -0.27113 0.203398 5
40.6848 0.542433 -0.271077 0.202777 5
40.8078 0.542075 -0.271078 0.203264 5
40.92 0.542103 -0.271043 0.202879 5
41.065 0.542032 -0.271046 0.202692 5
41.1947 0.542563 -0.271162 0.202923 5
41.3353 0.542243 -0.271066 0.20216 5
41.4591 0.542511 -0.271305 0.201972 5
41.586 0.542566 -0.271244 0.202742 5
41.7109 0.542376 -0.270984 0.202854 5
41.8332 0.542426 -0.271328 0.203614 5
41.9273 0.542368 -0.271219 0.202706 5
42.0411 0.542189 -0.27106 0.202461 5
