4.57764e-05 0.317227 0.193053 -0.091188 0
0.0909319 0.317294 0.193139 -0.0913856 0
0.212562 0.317169 0.192998 -0.0913208 0
0.347284 0.317254 0.193131 -0.0918567 0
0.443344 0.317267 0.19302 -0.0917083 0
0.537101 0.317244 0.193006 -0.0908599 0
0.6622 0.317203 0.193028 -0.0916527 0
0.761279 0.317234 0.193176 -0.0923439 0
0.858223 0.317212 0.193078 -0.0903357 0
0.969017 0.317249 0.192969 -0.0910965 0
1.05476 0.317249 0.192996 -0.0912385 0
1.16141 0.317091 0.193059 -0.0916573 0
1.25684 0.317245 0.193037 -0.0920387 0
1.3504 0.317175 0.193154 -0.0918288 0
1.46139 0.317213 0.193085 -0.0919738 0
1.54925 0.317275 0.19304 -0.0908527 0
1.65963 0.317173 0.192887 -0.0902521 0
1.75727 0.317221 0.193101 -0.0913 0
1.87316 0.317244 0.192943 -0.0904616 0
1.96462 0.317245 0.192979 -0.090265 0
2.07039 0.317064 0.192983 -0.0915666 0
2.16105 0.317273 0.193066 -0.0917437 0
2.26421 0.317199 0.193025 -0.0914416 0
2.37651 0.317086 0.193072 -0.0921782 0
2.47759 0.317158 0.193127 -0.0925262 0
2.60298 0.317246 0.192997 -0.0916578 0
2.6749 0.317225 0.192976 -0.0913122 0
2.78996 0.317233 0.19301 -0.0908716 0
2.89622 0.317219 0.193135 -0.0920691 0
2.99505 0.317306 0.193007 -0.0912881 0
3.11631 0.317148 0.193003 -0.0910096 0
3.20524 0.317189 0.193061 -0.0915273 0
3.30902 0.317234 0.193119 -0.0914597 0
3.40468 0.31737 0.193156 -0.0912347 0
3.51185 0.317507 0.193483 -0.0910522 0
3.59596 0.317472 0.193478 -0.0921763 0
3.69708 0.317556 0.193478 -0.0913826 0
3.79378 0.317721 0.193712 -0.0903752 0
3.8928 0.317822 0.19397 -0.0914353 0
3.99279 0.317949 0.194147 -0.0905335 0
4.08315 0.318047 0.194474 -0.091238 0
4.1941 0.318374 0.194868 -0.0910519 0
4.29056 0.318526 0.195114 -0.0897652 0
4.40141 0.318483 0.195594 -0.0900379 0
4.50228 0.318128 0.1959 -0.0896504 0
4.59156 0.318404 0.19609 -0.0890287 0
4.69283 0.318074 0.196432 -0.0885774 0
4.78899 0.318541 0.196917 -0.0865227 0
4.89958 0.31854 0.196838 -0.0846119 0
5.00097 0.318255 0.197118 -0.0841171 0
5.10694 0.318432 0.197618 -0.0826632 0
5.20352 0.318539 0.197887 -0.0819528 0
5.30552 0.318316 0.198157 -0.0806817 0
5.40213 0.318368 0.199089 -0.0836716 0
5.49223 0.319045 0.198986 -0.0840366 0
5.60325 0.319082 0.199018 -0.0813382 0
5.69872 0.319355 0.198945 -0.0781935 0
5.79468 0.319002 0.198736 -0.0774757 0
5.88642 0.32002 0.19865 -0.0748335 0
6.00735 0.319349 0.198939 -0.0737952 0
6.08664 0.31938 0.198725 -0.0720298 0
6.1901 0.319649 0.198878 -0.0715932 0
6.28379 0.318322 0.199018 -0.0711333 0
6.38855 0.319868 0.198879 -0.0684066 0
6.48382 0.31927 0.198664 -0.0669902 0
6.59143 0.318876 0.199215 -0.0683338 0
6.69483 0.318376 0.199982 -0.0689311 0
6.79635 0.318766 0.199438 -0.065856 0
6.88784 0.318196 0.200141 -0.0680343 0
7.00208 0.318863 0.200002 -0.0659313 0
7.11128 0.31841 0.199652 -0.0638447 0
7.20572 0.318424 0.199818 -0.0624229 0
7.32151 0.318657 0.200132 -0.0618693 0
7.41828 0.318474 0.200005 -0.0611852 0
7.52083 0.319027 0.199812 -0.060097 0
7.62484 0.318186 0.199809 -0.0597824 0
7.72113 0.318312 0.19985 -0.0591431 1
7.81768 0.31785 0.199953 -0.0586942 1
7.92617 0.317863 0.199762 -0.0576608 1
8.01946 0.318157 0.199482 -0.0571012 1
8.1199 0.318864 0.199344 -0.0554159 1
8.23407 0.318214 0.199565 -0.0568251 1
8.33146 0.318594 0.199576 -0.0556319 1
8.43001 0.318013 0.199587 -0.0563275 1
8.52331 0.318144 0.199773 -0.0566598 1
8.61554 0.318714 0.199843 -0.0553858 1
8.72628 0.319756 0.200222 -0.0555265 1
8.82144 0.320491 0.200058 -0.0547087 1
8.9252 0.320075 0.200254 -0.0557449 1
9.02032 0.323067 0.200162 -0.0537247 1
9.1266 0.326025 0.200542 -0.0541042 1
9.21187 0.326969 0.200844 -0.0537057 1
9.32536 0.330577 0.200971 -0.0525011 1
9.4157 0.332735 0.201079 -0.0527763 1
9.51751 0.334995 0.201399 -0.051637 1
9.62119 0.339204 0.201503 -0.0499532 1
9.72316 0.340854 0.20164 -0.0484337 1
9.81765 0.346923 0.201653 -0.0484066 1
9.91873 0.349405 0.201676 -0.0479022 1
10.0156 0.354224 0.201966 -0.0472599 1
10.115 0.358389 0.202116 -0.0461156 1
10.2207 0.363256 0.202434 -0.0465605 1
10.3201 0.367383 0.20251 -0.0456274 1
10.4161 0.370997 0.202458 -0.0442946 1
10.5154 0.375416 0.202517 -0.0464945 1
10.6036 0.380703 0.202588 -0.0451263 1
10.7125 0.384949 0.202136 -0.043964 1
10.8101 0.389246 0.201958 -0.0449522 1
10.9184 0.393559 0.201519 -0.0428554 1
11.0108 0.398263 0.201456 -0.0425668 1
11.1151 0.404568 0.201034 -0.0416118 1
11.2013 0.408601 0.200654 -0.0420835 1
11.3002 0.412024 0.200414 -0.0422913 1
11.3891 0.417917 0.200235 -0.0411388 1
11.4921 0.421116 0.199766 -0.042203 1
11.5919 0.424572 0.199579 -0.0412509 1
11.6693 0.430809 0.198966 -0.0398938 1
11.776 0.43371 0.198071 -0.0402771 1
11.8644 0.438667 0.198567 -0.0424734 1
11.9603 0.441246 0.198394 -0.0420116 1
12.061 0.443768 0.197205 -0.0418485 1
12.1541 0.449434 0.197434 -0.0428264 1
12.2575 0.453117 0.196997 -0.041044 1
12.3463 0.456445 0.196801 -0.0421793 1
12.4529 0.457742 0.196418 -0.0438693 1
12.5398 0.462079 0.196206 -0.044345 1
12.6318 0.464276 0.196013 -0.0438664 1
12.7248 0.465767 0.195396 -0.0435727 1
12.8297 0.468004 0.195079 -0.0444311 1
12.9316 0.469721 0.194735 -0.0447721 2
13.0167 0.471813 0.194907 -0.0451392 2
13.119 0.472326 0.194767 -0.0463938 2
13.2165 0.47347 0.194521 -0.0472258 2
13.3271 0.472675 0.194318 -0.0476014 2
13.4276 0.473984 0.194273 -0.0467072 2
13.5166 0.473828 0.194419 -0.0474497 2
13.611 0.472456 0.194155 -0.0482902 2
13.7064 0.474008 0.193694 -0.0477746 2
13.7985 0.47379 0.193207 -0.0473916 2
13.9017 0.474047 0.192308 -0.0451635 2
13.995 0.474104 0.191915 -0.0470205 2
14.0902 0.474516 0.191002 -0.0458456 2
14.1871 0.474363 0.190016 -0.0468923 2
14.2886 0.474694 0.188885 -0.047186 2
14.3855 0.474697 0.18764 -0.0459016 2
14.4806 0.476004 0.186215 -0.0466013 2
14.5786 0.476319 0.184652 -0.0463648 2
14.6715 0.476756 0.182946 -0.0470057 2
14.7706 0.477767 0.181112 -0.0467364 2
14.8703 0.477856 0.179097 -0.0464284 2
14.978 0.478705 0.177231 -0.0460945 2
15.0643 0.479712 0.175217 -0.04586 2
15.1647 0.479861 0.172853 -0.0454385 2
15.2684 0.480864 0.170432 -0.0452019 2
15.3624 0.48151 0.168477 -0.0459628 2
15.4567 0.482046 0.165941 -0.0455687 2
15.5561 0.483436 0.162889 -0.0427939 2
15.6551 0.484111 0.160358 -0.0448865 2
15.7459 0.4853 0.157824 -0.0456637 2
15.8529 0.485917 0.154115 -0.0441182 2
15.9464 0.487015 0.151538 -0.0447045 2
16.0509 0.487067 0.148165 -0.043353 2
16.1434 0.488162 0.145171 -0.0457252 2
16.2369 0.488183 0.141213 -0.0432195 2
16.3383 0.489198 0.138131 -0.04416 2
16.4304 0.490115 0.135143 -0.0454925 2
16.5345 0.492006 0.13112 -0.0409979 2
16.6182 0.492289 0.128243 -0.0426943 2
16.7183 0.493276 0.124613 -0.044406 2
16.8169 0.494405 0.120461 -0.0436412 2
16.9218 0.49474 0.116549 -0.0450657 2
17.0182 0.495661 0.11256 -0.0441579 2
17.1158 0.49576 0.107622 -0.0441737 2
17.2185 0.496519 0.104037 -0.0474904 2
17.3289 0.497169 0.0990811 -0.0439427 2
17.4405 0.497679 0.0942119 -0.0433806 2
17.5258 0.498686 0.0905733 -0.0448343 2
17.6138 0.49908 0.0862854 -0.0451229 2
17.7184 0.500914 0.0822361 -0.0441197 2
17.8294 0.50206 0.0767272 -0.0413988 2
17.924 0.501721 0.0720124 -0.0453223 2
18.0179 0.502094 0.0671895 -0.0422721 2
18.1125 0.502615 0.0633766 -0.0432743 2
18.2045 0.502947 0.0581068 -0.0419896 2
18.2994 0.502916 0.0546289 -0.0450399 2
18.397 0.503353 0.0493287 -0.0435002 2
18.5011 0.503714 0.0446156 -0.044994 2
18.5979 0.503863 0.0393912 -0.0440459 2
18.6946 0.505979 0.0350634 -0.038492 2
18.7946 0.506131 0.0301253 -0.0409933 2
18.8993 0.506341 0.0248042 -0.0421783 2
18.9903 0.506256 0.0199959 -0.0408233 2
19.0811 0.506452 0.0154124 -0.0418244 2
19.1882 0.506621 0.00949159 -0.0400357 2
19.28 0.505962 0.00483379 -0.0422837 2
19.3704 0.506354 0.000114471 -0.0421461 2
19.4773 0.507242 -0.00541368 -0.0386457 2
19.568 0.507579 -0.00988761 -0.0421533 2
19.6642 0.506114 -0.0150001 -0.0456367 2
19.7636 0.506549 -0.0195049 -0.0469669 2
19.8676 0.506553 -0.0255788 -0.0444545 2
19.9541 0.506351 -0.0300373 -0.0440074 2
20.055 0.506627 -0.0349648 -0.0460057 2
20.1608 0.505709 -0.0404608 -0.0443019 2
20.2647 0.505744 -0.0451419 -0.0454076 2
20.346 0.505716 -0.0499775 -0.0444019 2
20.4494 0.504708 -0.0546999 -0.0467646 2
20.5446 0.504074 -0.0595808 -0.0476906 2
20.6452 0.504055 -0.0650004 -0.0466273 2
20.7458 0.503307 -0.0711046 -0.0427292 2
20.8415 0.503478 -0.074922 -0.0425802 2
20.9638 0.501927 -0.0809073 -0.0418619 2
21.0569 0.502101 -0.0851484 -0.0415495 2
21.1529 0.500813 -0.0896305 -0.0479939 2
21.2447 0.499527 -0.0934273 -0.0457414 2
21.3597 0.498591 -0.0989618 -0.0442887 2
21.452 0.496591 -0.102546 -0.0396455 2
21.5447 0.495567 -0.107233 -0.0392087 2
21.6763 0.495934 -0.112056 -0.0421731 2
21.7613 0.494818 -0.115866 -0.0395744 2
21.8546 0.493956 -0.118882 -0.0392817 2
21.9664 0.49347 -0.123821 -0.0377925 2
22.0607 0.491384 -0.126616 -0.0405138 2
22.1711 0.489962 -0.131989 -0.0410893 2
22.2918 0.488817 -0.136377 -0.0430741 2
22.3857 0.487802 -0.139308 -0.0429818 2
22.4899 0.48709 -0.143872 -0.043467 2
22.5889 0.485988 -0.146656 -0.0430811 2
22.6869 0.485714 -0.151041 -0.0426089 2
22.7914 0.484634 -0.15508 -0.0433165 2
22.8901 0.483537 -0.15768 -0.0435917 2
22.9866 0.483085 -0.161144 -0.0437724 2
23.0763 0.481204 -0.163644 -0.043766 2
23.1698 0.480271 -0.166393 -0.043223 2
23.2615 0.479269 -0.169361 -0.0434635 2
23.354 0.477588 -0.171967 -0.0435226 2
23.4498 0.476683 -0.174888 -0.0425739 2
23.5454 0.475782 -0.177116 -0.0425522 2
23.6497 0.474955 -0.179661 -0.0449887 2
23.7379 0.474715 -0.182437 -0.0442152 2
23.8394 0.474078 -0.184547 -0.0444691 2
23.9567 0.472911 -0.187157 -0.0438569 2
24.0471 0.472304 -0.189152 -0.043605 2
24.1458 0.471465 -0.190714 -0.0434895 2
24.2305 0.470776 -0.191791 -0.0425818 2
24.3425 0.470103 -0.194173 -0.0430223 2
24.428 0.469781 -0.195294 -0.0422406 2
24.5234 0.469301 -0.196709 -0.0420719 2
24.6254 0.468555 -0.197946 -0.0418913 2
24.7224 0.467563 -0.198691 -0.0401663 2
24.8074 0.46744 -0.199859 -0.0415595 3
24.907 0.4674 -0.200741 -0.0408072 3
25.02 0.466375 -0.201771 -0.039963 3
25.1335 0.466539 -0.201945 -0.0405796 3
25.2389 0.466558 -0.202239 -0.0407406 3
25.333 0.466066 -0.202566 -0.0405955 3
25.4327 0.466311 -0.202745 -0.0406918 3
25.5392 0.465938 -0.202415 -0.0409827 3
25.6272 0.465524 -0.202666 -0.0413969 3
25.7344 0.466333 -0.202837 -0.0400246 3
25.8167 0.46563 -0.202574 -0.0410228 3
25.9021 0.465888 -0.20251 -0.0412253 3
26.0047 0.465895 -0.202328 -0.0407849 3
26.0977 0.465996 -0.202777 -0.0408295 3
26.1832 0.465778 -0.202713 -0.0408705 3
26.2821 0.46538 -0.202968 -0.0415588 3
26.3822 0.46539 -0.203107 -0.0404095 3
26.4759 0.465982 -0.20319 -0.0401676 3
26.5737 0.466079 -0.203668 -0.0406362 3
26.6922 0.4661 -0.203718 -0.0401953 3
26.7768 0.465467 -0.203973 -0.0398479 3
26.8655 0.465312 -0.203748 -0.039602 3
26.9679 0.466083 -0.203926 -0.0394268 3
27.0628 0.466559 -0.204166 -0.0399953 3
27.1647 0.465953 -0.204591 -0.0392155 3
27.2722 0.465542 -0.204663 -0.0389088 3
27.3638 0.465573 -0.205114 -0.0390475 3
27.4495 0.466025 -0.205334 -0.0384314 3
27.5532 0.465703 -0.205322 -0.0383339 3
27.6546 0.465961 -0.205923 -0.0382595 4
27.757 0.466029 -0.206165 -0.0374068 4
27.8642 0.466094 -0.205905 -0.037498 4
27.9492 0.465909 -0.206026 -0.0365512 4
28.0436 0.466319 -0.206209 -0.0362966 4
28.1632 0.46556 -0.206025 -0.037067 4
28.2573 0.465378 -0.206683 -0.0349967 4
28.3531 0.465859 -0.206445 -0.0351622 4
28.4429 0.465838 -0.20684 -0.0340827 4
28.5596 0.465477 -0.206847 -0.0347414 4
28.6712 0.466366 -0.207021 -0.034177 4
28.7696 0.465868 -0.206431 -0.0340804 4
28.8913 0.465784 -0.205772 -0.0353236 4
28.9913 0.465524 -0.205245 -0.0347873 4
29.0878 0.465831 -0.203765 -0.0360424 4
29.1843 0.466114 -0.201913 -0.0359238 4
29.2813 0.466962 -0.200703 -0.036078 4
29.3748 0.466706 -0.198532 -0.0364777 4
29.474 0.46644 -0.197638 -0.0369184 4
29.5785 0.466327 -0.195298 -0.0373587 4
29.6778 0.466827 -0.192868 -0.0375257 4
29.7885 0.466512 -0.189783 -0.0371387 4
29.8917 0.466539 -0.188087 -0.0377931 4
29.9863 0.466747 -0.185984 -0.0386707 4
30.0939 0.467194 -0.183362 -0.0389624 4
30.1862 0.466768 -0.18176 -0.0407672 4
30.2831 0.467429 -0.179299 -0.0406319 4
30.3911 0.466816 -0.176061 -0.040853 4
30.4888 0.466602 -0.175142 -0.0416342 4
30.5929 0.467088 -0.172795 -0.0419909 4
30.6812 0.466932 -0.171994 -0.0439365 4
30.7812 0.466527 -0.169126 -0.0427462 4
30.8883 0.467153 -0.166813 -0.0410146 4
30.9992 0.467077 -0.164378 -0.0382645 4
31.0981 0.466984 -0.162653 -0.0385068 4
31.198 0.466265 -0.161008 -0.0376436 4
31.2949 0.466323 -0.160153 -0.0379433 5
31.4498 0.466468 -0.158892 -0.036894 5
31.5468 0.466895 -0.158564 -0.0361464 5
31.6708 0.466364 -0.159281 -0.034833 5
31.7709 0.465383 -0.162014 -0.0355552 5
31.8896 0.466343 -0.16199 -0.033366 5
31.9988 0.466327 -0.162563 -0.0341304 5
32.1213 0.465987 -0.162537 -0.0349411 5
32.2124 0.466302 -0.16419 -0.0351458 5
32.3234 0.466228 -0.164278 -0.0355208 5
32.4417 0.466566 -0.163655 -0.0351788 5
32.5653 0.466171 -0.163999 -0.0370202 5
32.664 0.46639 -0.16466 -0.0365707 5
32.784 0.466368 -0.164795 -0.0368698 5
32.894 0.46645 -0.164921 -0.0365597 5
33.0271 0.46703 -0.164954 -0.0364815 5
33.1368 0.466455 -0.166065 -0.0371118 5
33.2582 0.466776 -0.165535 -0.0375537 5
33.3559 0.467026 -0.167307 -0.0376024 5
33.4844 0.467057 -0.167547 -0.0373574 5
33.5804 0.46779 -0.168182 -0.0355925 5
33.7017 0.466766 -0.168633 -0.0398538 5
33.8124 0.467667 -0.169412 -0.0377509 5
33.9334 0.467636 -0.169692 -0.0382679 5
34.0415 0.467593 -0.169623 -0.0383808 5
34.162 0.467974 -0.170212 -0.0388153 5
34.264 0.468746 -0.170005 -0.0377689 5
34.3774 0.468451 -0.170625 -0.0387576 5
34.4851 0.469872 -0.172328 -0.0379486 5
34.5963 0.468891 -0.17141 -0.0388906 5
34.7121 0.469771 -0.172282 -0.0385732 5
34.8541 0.47076 -0.172366 -0.0381717 5
34.9638 0.471644 -0.173427 -0.0373547 5
35.0648 0.472131 -0.1731 -0.0378574 5
35.1615 0.472534 -0.173172 -0.0372662 5
35.2861 0.472128 -0.172581 -0.0388063 5
35.389 0.472889 -0.17327 -0.0385426 5
35.5164 0.472663 -0.173904 -0.0384504 5
35.6106 0.472523 -0.174436 -0.0386106 5
35.7282 0.472527 -0.174382 -0.039823 5
35.8128 0.472722 -0.174022 -0.038092 5
35.9376 0.472378 -0.173676 -0.0385203 5
36.0337 0.47226 -0.17458 -0.0398463 5
36.1402 0.472494 -0.174524 -0.0395102 5
36.2427 0.47238 -0.174706 -0.0393993 5
36.3713 0.472651 -0.174916 -0.039666 6
36.469 0.472681 -0.175313 -0.0398296 6
36.5882 0.472256 -0.175569 -0.0410189 6
36.6746 0.472794 -0.176237 -0.0408503 6
36.7819 0.472597 -0.176381 -0.0424473 6
36.909 0.47303 -0.176596 -0.0429527 6
37.0313 0.473086 -0.176517 -0.0418832 6
37.134 0.473174 -0.176484 -0.0417957 6
37.2534 0.472962 -0.176469 -0.0421171 6
37.3524 0.47326 -0.176472 -0.0424435 6
37.4647 0.47293 -0.175965 -0.0419436 6
37.5572 0.472838 -0.176453 -0.0426564 6
37.6846 0.472907 -0.176348 -0.0428827 6
37.782 0.473055 -0.176455 -0.0423732 6
37.9093 0.473122 -0.176197 -0.0424305 6
38.0002 0.472998 -0.176349 -0.0429373 6
38.1059 0.473095 -0.176151 -0.0423057 6
38.2116 0.473025 -0.176187 -0.0415187 6
38.3127 0.473019 -0.176052 -0.0424213 6
38.4158 0.473084 -0.176013 -0.0420387 6
38.5151 0.472784 -0.176085 -0.0428279 6
38.6293 0.473033 -0.176299 -0.041924 6
38.7208 0.472702 -0.17615 -0.042837 6
38.8129 0.472819 -0.176428 -0.0430443 6
38.9083 0.473066 -0.176466 -0.0420979 6
