4.57764e-05 0.443797 0.191043 -0.084437 0
0.0909319 0.44397 0.19117 -0.0850529 0
0.212562 0.443827 0.191014 -0.0846677 0
0.347284 0.443907 0.191156 -0.0856081 0
0.443344 0.443876 0.191014 -0.0849548 0
0.537101 0.443877 0.191092 -0.0850117 0
0.6622 0.443883 0.19093 -0.0839009 0
0.761279 0.443928 0.191094 -0.0846873 0
0.858223 0.443911 0.191107 -0.0844244 0
0.969017 0.44389 0.191038 -0.0848065 0
1.05476 0.443842 0.191027 -0.0847187 0
1.16141 0.443883 0.191048 -0.0847213 0
1.25684 0.443851 0.190993 -0.0848682 0
1.3504 0.443881 0.191141 -0.0848042 0
1.46139 0.44392 0.191051 -0.0850559 0
1.54925 0.443879 0.191056 -0.0842687 0
1.65963 0.443762 0.190991 -0.084368 0
1.75727 0.443994 0.19115 -0.085554 0
1.87316 0.443873 0.191005 -0.0845973 0
1.96462 0.443835 0.191027 -0.0840301 0
2.07039 0.443883 0.190998 -0.085025 0
2.16105 0.443937 0.191056 -0.0851642 0
2.26421 0.443914 0.19104 -0.0849158 0
2.37651 0.443845 0.191019 -0.0845826 0
2.47759 0.443886 0.191032 -0.0845262 0
2.60298 0.443807 0.190951 -0.0844292 0
2.6749 0.443863 0.191032 -0.0848375 0
2.78996 0.443894 0.191044 -0.0846967 0
2.89622 0.443939 0.191112 -0.0848214 0
2.99505 0.443834 0.191043 -0.0844258 0
3.11631 0.443857 0.191011 -0.0845329 0
3.20524 0.443882 0.191027 -0.0843817 0
3.30902 0.443922 0.191142 -0.0850089 0
3.40468 0.44406 0.191158 -0.0844176 0
3.51185 0.44421 0.19144 -0.0838197 0
3.59596 0.444209 0.191419 -0.0850271 0
3.69708 0.44426 0.19152 -0.0847077 0
3.79378 0.444439 0.191813 -0.0843795 0
3.8928 0.444751 0.192027 -0.0846464 0
3.99279 0.444841 0.192346 -0.0846204 0
4.08315 0.445097 0.192663 -0.08483 0
4.1941 0.445354 0.193033 -0.084355 0
4.29056 0.445637 0.193396 -0.0842811 0
4.40141 0.445926 0.193816 -0.0837636 0
4.50228 0.446154 0.194001 -0.0825148 0
4.59156 0.446315 0.194263 -0.0824013 0
4.69283 0.446524 0.194515 -0.0806619 0
4.78899 0.446773 0.195137 -0.0798834 0
4.89958 0.446898 0.195383 -0.0787432 0
5.00097 0.447092 0.195563 -0.0773202 0
5.10694 0.447193 0.195819 -0.075758 0
5.20352 0.44752 0.196292 -0.0744558 0
5.30552 0.447586 0.196534 -0.073659 0
5.40213 0.44797 0.196886 -0.0754296 0
5.49223 0.448171 0.197056 -0.0758713 0
5.60325 0.44797 0.197124 -0.0739734 0
5.69872 0.447921 0.197382 -0.0722592 0
5.79468 0.447718 0.19767 -0.0716854 0
5.88642 0.447668 0.197533 -0.0685025 0
6.00735 0.448039 0.197637 -0.0685146 0
6.08664 0.448063 0.197183 -0.0668009 0
6.1901 0.448598 0.197153 -0.0649775 0
6.28379 0.448638 0.197014 -0.0643557 0
6.38855 0.448612 0.197466 -0.0634581 0
6.48382 0.448587 0.197316 -0.0622367 0
6.59143 0.44832 0.197643 -0.0615211 0
6.69483 0.448862 0.197951 -0.0613601 0
6.79635 0.44874 0.197408 -0.0585107 0
6.88784 0.448845 0.197533 -0.057905 0
7.00208 0.448841 0.197412 -0.0568321 0
7.11128 0.448435 0.197336 -0.0553867 0
7.20572 0.44857 0.197444 -0.0538159 0
7.32151 0.4487 0.197405 -0.053783 0
7.41828 0.448408 0.197269 -0.0527402 0
7.52083 0.448536 0.197149 -0.0522685 0
7.62484 0.448237 0.197205 -0.0518779 0
7.72113 0.448115 0.197111 -0.0511471 1
7.81768 0.447818 0.197178 -0.0506952 1
7.92617 0.448219 0.197019 -0.0494875 1
8.01946 0.447733 0.196848 -0.049145 1
8.1199 0.447462 0.196774 -0.0482581 1
8.23407 0.447963 0.196832 -0.0486595 1
8.33146 0.447472 0.196736 -0.0488426 1
8.43001 0.447663 0.196826 -0.0491216 1
8.52331 0.448389 0.196865 -0.0487999 1
8.61554 0.448757 0.197034 -0.0491315 1
8.72628 0.450742 0.197181 -0.048241 1
8.82144 0.451078 0.197216 -0.0489112 1
8.9252 0.452616 0.197187 -0.0490336 1
9.02032 0.454474 0.197205 -0.0481851 1
9.1266 0.457419 0.197439 -0.0478746 1
9.21187 0.459139 0.197866 -0.0467316 1
9.32536 0.461813 0.198043 -0.0485687 1
9.4157 0.464884 0.198065 -0.046478 1
9.51751 0.467866 0.198262 -0.0461898 1
9.62119 0.471514 0.198472 -0.0457995 1
9.72316 0.474818 0.198653 -0.0453344 1
9.81765 0.479708 0.19859 -0.0445877 1
9.91873 0.482876 0.198855 -0.042719 1
10.0156 0.486299 0.198988 -0.043707 1
10.115 0.490416 0.19934 -0.0423614 1
10.2207 0.495196 0.199454 -0.0426776 1
10.3201 0.49854 0.199303 -0.0408477 1
10.4161 0.503404 0.199472 -0.0408031 1
10.5154 0.507857 0.199855 -0.0427756 1
10.6036 0.512474 0.199743 -0.0430264 1
10.7125 0.516277 0.199354 -0.0399957 1
10.8101 0.521893 0.198039 -0.0396232 1
10.9184 0.526113 0.198607 -0.0380504 1
11.0108 0.530068 0.198806 -0.040133 1
11.1151 0.535517 0.198528 -0.0380111 1
11.2013 0.539735 0.19882 -0.0397626 1
11.3002 0.544462 0.198353 -0.0371029 1
11.3891 0.54877 0.198519 -0.0397553 1
11.4921 0.552334 0.19788 -0.0384928 1
11.5919 0.556746 0.197607 -0.036862 1
11.6693 0.560645 0.19743 -0.0387511 1
11.776 0.564109 0.196764 -0.0387947 1
11.8644 0.568652 0.196653 -0.0374678 1
11.9603 0.572256 0.196394 -0.0373295 1
12.061 0.575646 0.195887 -0.0387204 1
12.1541 0.579465 0.195302 -0.0374258 1
12.2575 0.582419 0.195002 -0.036707 1
12.3463 0.585693 0.194411 -0.0379381 1
12.4529 0.588009 0.194026 -0.0381033 1
12.5398 0.590508 0.193915 -0.0376934 1
12.6318 0.592559 0.193641 -0.0372783 1
12.7248 0.594184 0.193168 -0.0371215 1
12.8297 0.596254 0.193005 -0.0386367 1
12.9316 0.597406 0.192807 -0.0387369 2
13.0167 0.598493 0.192657 -0.0389514 2
13.119 0.59941 0.192587 -0.0386994 2
13.2165 0.599984 0.192525 -0.0390878 2
13.3271 0.599903 0.192491 -0.0399137 2
13.4276 0.600284 0.192464 -0.0391743 2
13.5166 0.600563 0.192381 -0.0387127 2
13.611 0.600452 0.192246 -0.0390683 2
13.7064 0.600546 0.191704 -0.038592 2
13.7985 0.600615 0.191259 -0.0391882 2
13.9017 0.600736 0.190712 -0.0390576 2
13.995 0.601125 0.189991 -0.0390644 2
14.0902 0.601268 0.189119 -0.0384851 2
14.1871 0.601983 0.187522 -0.0372951 2
14.2886 0.602096 0.186596 -0.0378329 2
14.3855 0.602829 0.185566 -0.0368796 2
14.4806 0.602984 0.184055 -0.0379885 2
14.5786 0.603406 0.182663 -0.0376926 2
14.6715 0.603987 0.181035 -0.038148 2
14.7706 0.604678 0.178734 -0.0374405 2
14.8703 0.60536 0.177076 -0.0372012 2
14.978 0.605791 0.175189 -0.0385353 2
15.0643 0.60662 0.17316 -0.0369624 2
15.1647 0.607349 0.170731 -0.0367951 2
15.2684 0.607725 0.168243 -0.0371898 2
15.3624 0.608605 0.166315 -0.0374391 2
15.4567 0.609185 0.163936 -0.0377135 2
15.5561 0.610183 0.160967 -0.0361259 2
15.6551 0.610538 0.158398 -0.0373317 2
15.7459 0.611235 0.155772 -0.0376362 2
15.8529 0.612508 0.151919 -0.0352041 2
15.9464 0.613165 0.149589 -0.0364927 2
16.0509 0.61366 0.146233 -0.0360723 2
16.1434 0.614672 0.142906 -0.0367287 2
16.2369 0.615395 0.139396 -0.0357386 2
16.3383 0.616484 0.136028 -0.0361852 2
16.4304 0.617214 0.133089 -0.0368035 2
16.5345 0.618757 0.128932 -0.0331247 2
16.6182 0.618888 0.126231 -0.0351303 2
16.7183 0.619938 0.122019 -0.0344766 2
16.8169 0.620907 0.118517 -0.0349389 2
16.9218 0.620979 0.114424 -0.0355044 2
17.0182 0.62188 0.110533 -0.0348402 2
17.1158 0.622469 0.105973 -0.0355163 2
17.2185 0.623657 0.101615 -0.0354444 2
17.3289 0.624502 0.0971287 -0.033675 2
17.4405 0.625562 0.092045 -0.0334881 2
17.5258 0.626045 0.0883757 -0.03448 2
17.6138 0.626311 0.0842666 -0.0363853 2
17.7184 0.62759 0.0799529 -0.0347134 2
17.8294 0.628453 0.0751134 -0.0332177 2
17.924 0.628313 0.0701738 -0.0349923 2
18.0179 0.628334 0.0657935 -0.0349267 2
18.1125 0.630072 0.0611809 -0.0339469 2
18.2045 0.629604 0.0566742 -0.0346451 2
18.2994 0.630058 0.0528206 -0.0365952 2
18.397 0.630367 0.0474513 -0.034621 2
18.5011 0.631058 0.0425493 -0.0358004 2
18.5979 0.631678 0.0372454 -0.03401 2
18.6946 0.632435 0.0326905 -0.0338429 2
18.7946 0.633042 0.0280377 -0.0337337 2
18.8993 0.632884 0.0229212 -0.0352792 2
18.9903 0.63312 0.0179322 -0.0346554 2
19.0811 0.633144 0.0135207 -0.0356236 2
19.1882 0.633339 0.00769424 -0.0331705 2
19.28 0.63327 0.00293747 -0.0349413 2
19.3704 0.63354 -0.00160637 -0.0341613 2
19.4773 0.634334 -0.00699654 -0.0311283 2
19.568 0.633674 -0.0119351 -0.0338318 2
19.6642 0.633144 -0.0166656 -0.0344251 2
19.7636 0.633536 -0.0217709 -0.033402 2
19.8676 0.632908 -0.0274709 -0.0341257 2
19.9541 0.632863 -0.031894 -0.0346017 2
20.055 0.632943 -0.0367701 -0.035391 2
20.1608 0.633129 -0.0422719 -0.0342005 2
20.2647 0.633192 -0.0471235 -0.034972 2
20.346 0.633365 -0.0512493 -0.0358763 2
20.4494 0.632823 -0.0566279 -0.0373372 2
20.5446 0.631468 -0.0615627 -0.0366985 2
20.6452 0.631788 -0.066949 -0.0350517 2
20.7458 0.631106 -0.0724142 -0.0337651 2
20.8415 0.631248 -0.0760382 -0.0327689 2
20.9638 0.630165 -0.0824025 -0.0327897 2
21.0569 0.630036 -0.0865445 -0.0316289 2
21.1529 0.629603 -0.0913444 -0.035682 2
21.2447 0.628839 -0.0952822 -0.0322318 2
21.3597 0.628483 -0.100985 -0.0316436 2
21.452 0.626819 -0.104117 -0.0289354 2
21.5447 0.625987 -0.108976 -0.0293622 2
21.6763 0.626155 -0.114277 -0.0281746 2
21.7613 0.624093 -0.117376 -0.0258747 2
21.8546 0.623467 -0.120363 -0.0257258 2
21.9664 0.622129 -0.125392 -0.0252356 2
22.0607 0.620663 -0.128838 -0.025589 2
22.1711 0.619845 -0.13408 -0.0244729 2
22.2918 0.618664 -0.137872 -0.0260266 2
22.3857 0.617486 -0.141382 -0.0251422 2
22.4899 0.617085 -0.14576 -0.0245832 2
22.5889 0.614435 -0.148743 -0.025631 2
22.6869 0.614799 -0.152733 -0.0237845 2
22.7914 0.61323 -0.157113 -0.0234998 2
22.8901 0.610835 -0.159152 -0.0267756 2
22.9866 0.610321 -0.162904 -0.025124 2
23.0763 0.610035 -0.164761 -0.0261095 2
23.1698 0.608561 -0.16809 -0.027332 2
23.2615 0.608292 -0.170358 -0.0264729 2
23.354 0.608122 -0.173089 -0.026434 2
23.4498 0.606844 -0.176379 -0.0277015 2
23.5454 0.606409 -0.179111 -0.0277338 2
23.6497 0.605915 -0.181515 -0.0281491 2
23.7379 0.605515 -0.183504 -0.0281654 2
23.8394 0.605046 -0.18585 -0.0282047 2
23.9567 0.603518 -0.18878 -0.0292702 2
24.0471 0.602595 -0.190489 -0.029322 2
24.1458 0.602458 -0.191938 -0.029515 2
24.2305 0.601261 -0.193559 -0.0293572 2
24.3425 0.600493 -0.196143 -0.0296824 2
24.428 0.600868 -0.197389 -0.0288566 2
24.5234 0.600418 -0.197713 -0.0285962 2
24.6254 0.599852 -0.199086 -0.0289662 2
24.7224 0.599198 -0.200491 -0.0284205 2
24.8074 0.599215 -0.201591 -0.0263949 3
24.907 0.598765 -0.20197 -0.0260455 3
25.02 0.598821 -0.202931 -0.0253631 3
25.1335 0.598719 -0.202575 -0.025335 3
25.2389 0.597916 -0.203484 -0.0263514 3
25.333 0.598421 -0.203667 -0.0258127 3
25.4327 0.598042 -0.203167 -0.0267988 3
25.5392 0.59757 -0.203435 -0.0262085 3
25.6272 0.596959 -0.203905 -0.0274057 3
25.7344 0.597631 -0.203562 -0.0264623 3
25.8167 0.597657 -0.203648 -0.0257916 3
25.9021 0.596778 -0.203241 -0.0264588 3
26.0047 0.597799 -0.203316 -0.026581 3
26.0977 0.597845 -0.203577 -0.025813 3
26.1832 0.597969 -0.203952 -0.026456 3
26.2821 0.598054 -0.20407 -0.0260339 3
26.3822 0.597238 -0.204745 -0.0263209 3
26.4759 0.597847 -0.204743 -0.0255702 3
26.5737 0.597499 -0.205237 -0.0258264 3
26.6922 0.596915 -0.205224 -0.0261202 3
26.7768 0.597773 -0.205412 -0.024548 3
26.8655 0.598049 -0.205374 -0.024064 3
26.9679 0.597899 -0.205691 -0.0245343 3
27.0628 0.597961 -0.205815 -0.0239645 3
27.1647 0.597569 -0.206067 -0.0232204 3
27.2722 0.597684 -0.20632 -0.0231279 3
27.3638 0.597424 -0.206639 -0.0221351 3
27.4495 0.598096 -0.206772 -0.0220181 3
27.5532 0.597396 -0.206826 -0.022452 3
27.6546 0.597701 -0.207204 -0.0209808 4
27.757 0.596918 -0.207326 -0.0209059 4
27.8642 0.597629 -0.207343 -0.0207912 4
27.9492 0.597642 -0.207532 -0.0201697 4
28.0436 0.597223 -0.207326 -0.0204696 4
28.1632 0.597273 -0.207345 -0.0198936 4
28.2573 0.597155 -0.207432 -0.0193488 4
28.3531 0.597269 -0.207602 -0.019167 4
28.4429 0.596857 -0.208065 -0.0186917 4
28.5596 0.597544 -0.207939 -0.0184636 4
28.6712 0.597328 -0.207975 -0.0184997 4
28.7696 0.597116 -0.207503 -0.0183156 4
28.8913 0.597285 -0.206619 -0.0183537 4
28.9913 0.596853 -0.205471 -0.0180082 4
29.0878 0.59724 -0.204312 -0.0194122 4
29.1843 0.597471 -0.202776 -0.0195637 4
29.2813 0.596571 -0.200906 -0.0204007 4
29.3748 0.597307 -0.199378 -0.0207961 4
29.474 0.597251 -0.197718 -0.0209752 4
29.5785 0.598549 -0.195216 -0.020126 4
29.6778 0.598321 -0.192981 -0.0212147 4
29.7885 0.597771 -0.190502 -0.0208301 4
29.8917 0.597277 -0.188373 -0.0207534 4
29.9863 0.5974 -0.185958 -0.0210893 4
30.0939 0.598003 -0.183755 -0.0222347 4
30.1862 0.597477 -0.182422 -0.0233473 4
30.2831 0.597719 -0.180307 -0.0241473 4
30.3911 0.597298 -0.177476 -0.0254953 4
30.4888 0.597085 -0.176028 -0.0253238 4
30.5929 0.59694 -0.174912 -0.0273446 4
30.6812 0.597542 -0.173167 -0.0278014 4
30.7812 0.598504 -0.171856 -0.0278618 4
30.8883 0.597434 -0.169512 -0.0284067 4
30.9992 0.597963 -0.167828 -0.0255779 4
31.0981 0.598327 -0.165808 -0.0252582 4
31.198 0.597551 -0.164839 -0.0241559 4
31.2949 0.597717 -0.163604 -0.0240068 5
31.4498 0.597222 -0.162853 -0.0235665 5
31.5468 0.596999 -0.162616 -0.0228108 5
31.6708 0.597373 -0.16265 -0.0210375 5
31.7709 0.596715 -0.164956 -0.0220524 5
31.8896 0.596907 -0.166089 -0.021017 5
31.9988 0.59721 -0.166173 -0.0202646 5
32.1213 0.597239 -0.166607 -0.0217252 5
32.2124 0.597275 -0.168117 -0.0210501 5
32.3234 0.597223 -0.168015 -0.0219151 5
32.4417 0.597399 -0.167979 -0.022379 5
32.5653 0.598055 -0.167381 -0.023621 5
32.664 0.59795 -0.168033 -0.0237827 5
32.784 0.597907 -0.168012 -0.0238098 5
32.894 0.597944 -0.16806 -0.0236017 5
33.0271 0.598301 -0.167832 -0.0234257 5
33.1368 0.598019 -0.168283 -0.0236547 5
33.2582 0.598625 -0.168707 -0.0235675 5
33.3559 0.598735 -0.169599 -0.0233323 5
33.4844 0.599061 -0.169942 -0.023107 5
33.5804 0.599182 -0.17077 -0.0233462 5
33.7017 0.599468 -0.17062 -0.023972 5
33.8124 0.599189 -0.172128 -0.0241717 5
33.9334 0.599477 -0.171658 -0.024591 5
34.0415 0.599606 -0.172472 -0.0241329 5
34.162 0.59946 -0.172012 -0.0250124 5
34.264 0.599941 -0.172247 -0.0245895 5
34.3774 0.599826 -0.172871 -0.0252696 5
34.4851 0.600001 -0.173576 -0.0253884 5
34.5963 0.600444 -0.173951 -0.0246813 5
34.7121 0.600563 -0.174564 -0.0249828 5
34.8541 0.600974 -0.174859 -0.0268804 5
34.9638 0.603223 -0.176093 -0.0260111 5
35.0648 0.602167 -0.175527 -0.0265584 5
35.1615 0.602353 -0.17548 -0.0262884 5
35.2861 0.603399 -0.175704 -0.0267509 5
35.389 0.603791 -0.176246 -0.0269564 5
35.5164 0.603085 -0.176285 -0.0270045 5
35.6106 0.603981 -0.176734 -0.0273708 5
35.7282 0.603459 -0.176307 -0.0279412 5
35.8128 0.603037 -0.176337 -0.0271455 5
35.9376 0.604326 -0.176146 -0.0278911 5
36.0337 0.603139 -0.176732 -0.0279877 5
36.1402 0.603896 -0.176494 -0.0283831 5
36.2427 0.603696 -0.176791 -0.028238 5
36.3713 0.603754 -0.176979 -0.0283362 6
36.469 0.60323 -0.177323 -0.0281427 6
36.5882 0.603341 -0.177236 -0.0290941 6
36.6746 0.603244 -0.177878 -0.0284376 6
36.7819 0.603263 -0.177993 -0.0287176 6
36.909 0.60284 -0.178145 -0.0301077 6
37.0313 0.603754 -0.178005 -0.029456 6
37.134 0.603099 -0.178199 -0.0287869 6
37.2534 0.603109 -0.178178 -0.0290098 6
37.3524 0.602862 -0.178003 -0.029255 6
37.4647 0.602948 -0.17801 -0.0294869 6
37.5572 0.603664 -0.177907 -0.0295608 6
37.6846 0.602746 -0.178011 -0.0297925 6
37.782 0.602889 -0.178175 -0.0297077 6
37.9093 0.60308 -0.178091 -0.0295726 6
38.0002 0.602354 -0.178004 -0.0297963 6
38.1059 0.603346 -0.177969 -0.0298267 6
38.2116 0.605077 -0.177905 -0.0285621 6
38.3127 0.603417 -0.178192 -0.0298001 6
38.4158 0.603405 -0.178019 -0.0293694 6
38.5151 0.603739 -0.178087 -0.0305561 6
38.6293 0.603974 -0.177979 -0.0304274 6
38.7208 0.602733 -0.17798 -0.0301371 6
38.8129 0.603705 -0.178053 -0.0306918 6
38.9083 0.603484 -0.17799 -0.0297334 6
