4.57764e-05 0.382678 0.0973062 0.162665 0 0
0.0909319 0.382693 0.0973125 0.162696 0 0
0.212562 0.382672 0.0972821 0.162653 0 0
0.347284 0.382671 0.0973023 0.162679 0 0
0.443344 0.382681 0.0972904 0.162665 0 0
0.537101 0.382672 0.097299 0.162674 0 0
0.6622 0.382669 0.0972898 0.162669 0 0
0.761279 0.382679 0.0973158 0.162687 0 0
0.858223 0.382686 0.0973125 0.162688 0 0
0.969017 0.38268 0.0973002 0.162672 0 0
1.05476 0.382666 0.0972911 0.162665 0 0
1.16141 0.38269 0.0973 0.162678 0 0
1.25684 0.382655 0.0973004 0.162645 0 0
1.3504 0.382679 0.0972974 0.16267 0 0
1.46139 0.382687 0.0972905 0.162671 0 0
1.54925 0.382693 0.0973016 0.162681 0 0
1.65963 0.382673 0.0972827 0.16266 0 0
1.75727 0.382678 0.0973142 0.16268 0 0
1.87316 0.382672 0.0973001 0.162653 0 0
1.96462 0.382675 0.0973027 0.162667 0 0
2.07039 0.382681 0.0972934 0.162665 0 0
2.16105 0.382682 0.097304 0.162676 0 0
2.26421 0.382668 0.0973055 0.162662 0 0
2.37651 0.38268 0.0972856 0.162673 0 0
2.47759 0.38268 0.0972944 0.162677 0 0
2.60298 0.382674 0.0972842 0.162666 0 0
2.6749 0.382674 0.0972907 0.162669 0 0
2.78996 0.382679 0.0972978 0.16266 0 0
2.89622 0.382671 0.0972992 0.162662 0 0
2.99505 0.382682 0.0972862 0.162688 0 0
3.11631 0.382673 0.097305 0.162661 0 0
3.20524 0.382662 0.0973026 0.162664 0 0
3.30902 0.382682 0.0973172 0.162777 0 0
3.40468 0.382715 0.0973082 0.163096 0 0
3.51185 0.382772 0.0973401 0.163599 0 0
3.59596 0.382822 0.097346 0.16408 0 0
3.69708 0.382902 0.0973952 0.164736 0 0
3.79378 0.383006 0.0974302 0.165563 0 0
3.8928 0.383111 0.0974727 0.166551 0 0
3.99279 0.383223 0.0975145 0.167549 0 0
4.08315 0.383312 0.0975458 0.168559 0 0
4.1941 0.383445 0.0976224 0.169995 0 0
4.29056 0.383596 0.0976682 0.171313 0 0
4.40141 0.383725 0.0977248 0.17293 0 0
4.50228 0.383838 0.0977593 0.17437 0 0
4.59156 0.383971 0.0977958 0.175896 0 0
4.69283 0.384078 0.097832 0.177522 0 0
4.78899 0.384224 0.0978889 0.179355 0 0
4.89958 0.384324 0.0979264 0.181217 0 0
5.00097 0.384441 0.0979313 0.183137 0 0
5.10694 0.384526 0.0979685 0.185136 0 0
5.20352 0.384642 0.0979976 0.187037 0 0
5.30552 0.384761 0.0980206 0.189126 0 0
5.40213 0.384804 0.0980077 0.191066 0 0
5.49223 0.384853 0.0980066 0.192853 0 0
5.60325 0.384904 0.0980091 0.195106 0 0
5.69872 0.384933 0.0980073 0.197079 0 0
5.79468 0.38494 0.0979606 0.19905 0 0
5.88642 0.384946 0.0979267 0.201041 0 0
6.00735 0.384953 0.0978997 0.203296 0 0
6.08664 0.384946 0.0978454 0.205115 0 0
6.1901 0.38491 0.0977966 0.207202 0 0
6.28379 0.384906 0.097783 0.208961 0 0
6.38855 0.384843 0.0976885 0.211106 0 0
6.48382 0.384813 0.0976298 0.212801 0 0
6.59143 0.384739 0.0975813 0.214857 0 0
6.69483 0.384659 0.097495 0.216647 0 0
6.79635 0.384575 0.0974091 0.21842 0 0
6.88784 0.384496 0.0973483 0.219869 0 0
7.00208 0.384421 0.0972508 0.221601 0 0
7.11128 0.38432 0.0971921 0.22318 0 0
7.20572 0.384232 0.0971154 0.224502 0 0
7.32151 0.384143 0.0970308 0.225913 0 0
7.41828 0.384076 0.0969775 0.226976 0 0
7.52083 0.383997 0.0969035 0.227995 0 0
7.62484 0.383948 0.0968698 0.228949 0 0
7.72113 0.383879 0.0968277 0.229626 0 1
7.81768 0.383859 0.0967794 0.230222 0 1
7.92617 0.383798 0.0967664 0.230662 0 1
8.01946 0.383773 0.0967329 0.230909 0 1
8.1199 0.38375 0.0967145 0.231044 0 1
8.23407 0.383748 0.0967158 0.231055 0 1
8.33146 0.383769 0.0967365 0.231083 0 1
8.43001 0.383999 0.096752 0.23113 0 1
8.52331 0.384551 0.0968202 0.231251 0 1
8.61554 0.385489 0.0969436 0.231443 0 1
8.72628 0.386895 0.0971443 0.231737 0 1
8.82144 0.38822 0.0973448 0.231916 0 1
8.9252 0.390265 0.0975764 0.232216 0 1
9.02032 0.392101 0.0977719 0.232487 0 1
9.1266 0.394767 0.0980623 0.23292 0 1
9.21187 0.396827 0.0983522 0.233282 0 1
9.32536 0.400216 0.0987401 0.233806 0 1
9.4157 0.402868 0.0990292 0.23415 0 1
9.51751 0.406288 0.0993183 0.234604 0 1
9.62119 0.409592 0.0996211 0.235019 0 1
9.72316 0.413332 0.100012 0.2355 0 1
9.81765 0.41692 0.100295 0.235833 0 1
9.91873 0.421052 0.100525 0.236253 0 1
10.0156 0.424922 0.10082 0.236642 0 1
10.115 0.428888 0.101063 0.236928 0 1
10.2207 0.433434 0.101233 0.237289 0 1
10.3201 0.438013 0.101401 0.237556 0 1
10.4161 0.442241 0.101577 0.237778 0 1
10.5154 0.44663 0.101641 0.237945 0 1
10.6036 0.451047 0.101743 0.238099 0 1
10.7125 0.455748 0.101782 0.238151 0 1
10.8101 0.460241 0.101747 0.238168 0 1
10.9184 0.465421 0.101723 0.238151 0 1
11.0108 0.469498 0.101596 0.238127 0 1
11.1151 0.474322 0.101457 0.238071 0 1
11.2013 0.478286 0.101369 0.237923 0 1
11.3002 0.482586 0.101147 0.237782 0 1
11.3891 0.486888 0.100917 0.237588 0 1
11.4921 0.491018 0.100683 0.237235 0 1
11.5919 0.495425 0.100408 0.237063 0 1
11.6693 0.498805 0.100086 0.236811 0 1
11.776 0.502946 0.099768 0.236371 0 1
11.8644 0.506327 0.0994797 0.236034 0 1
11.9603 0.509938 0.099055 0.235777 0 1
12.061 0.513664 0.0986643 0.235399 0 1
12.1541 0.516573 0.0984103 0.234936 0 1
12.2575 0.519875 0.0980214 0.234559 0 1
12.3463 0.522465 0.0976423 0.23428 0 1
12.4529 0.52556 0.0972266 0.233862 0 1
12.5398 0.52773 0.096986 0.23354 0 1
12.6318 0.52971 0.0967453 0.23324 0 1
12.7248 0.531619 0.0964197 0.232932 0 1
12.8297 0.533411 0.0961563 0.232706 0 1
12.9316 0.53485 0.0958825 0.232508 0 2
13.0167 0.535714 0.095779 0.232361 0 2
13.119 0.536526 0.095676 0.232206 0 2
13.2165 0.536952 0.0956405 0.232174 0 2
13.3271 0.537019 0.095604 0.232123 0 2
13.4276 0.537018 0.095593 0.232137 0 2
13.5166 0.537026 0.095539 0.232152 0 2
13.611 0.537119 0.0953031 0.232181 0 2
13.7064 0.537291 0.094892 0.232167 0 2
13.7985 0.537493 0.0944133 0.232181 0 2
13.9017 0.537739 0.0937564 0.232195 0 2
13.995 0.538035 0.0930406 0.232176 0 2
14.0902 0.538318 0.0922263 0.232175 0 2
14.1871 0.538731 0.0910789 0.232217 0 2
14.2886 0.539168 0.089946 0.232261 0 2
14.3855 0.539636 0.08871 0.232272 0 2
14.4806 0.540135 0.0873719 0.232282 0 2
14.5786 0.540652 0.0859561 0.232309 0 2
14.6715 0.541228 0.0842713 0.232336 0 2
14.7706 0.541884 0.0824212 0.232335 0 2
14.8703 0.542518 0.0806322 0.232372 0 2
14.978 0.543263 0.0785605 0.232341 0 2
15.0643 0.543904 0.0766555 0.232397 0 2
15.1647 0.544702 0.0743922 0.232443 0 2
15.2684 0.545495 0.0719289 0.23247 0 2
15.3624 0.546234 0.0697434 0.232502 0 2
15.4567 0.547027 0.0673284 0.232543 0 2
15.5561 0.547898 0.0644864 0.232545 0 2
15.6551 0.548731 0.061844 0.232613 0 2
15.7459 0.549508 0.0593759 0.232626 0 2
15.8529 0.550495 0.0559867 0.232667 0 2
15.9464 0.5513 0.0533968 0.232719 0 2
16.0509 0.552254 0.0500491 0.232768 0 2
16.1434 0.553113 0.046931 0.232806 0 2
16.2369 0.554023 0.0436266 0.232808 0 2
16.3383 0.554969 0.0402209 0.232876 0 2
16.4304 0.555769 0.0370712 0.232971 0 2
16.5345 0.556709 0.0333647 0.232929 0 2
16.6182 0.557457 0.0303098 0.233022 0 2
16.7183 0.558386 0.026492 0.233037 0 2
16.8169 0.559241 0.0227694 0.233053 0 2
16.9218 0.56017 0.0186915 0.233108 0 2
17.0182 0.561001 0.0148662 0.233121 0 2
17.1158 0.561874 0.0105286 0.233145 0 2
17.2185 0.562774 0.00625173 0.233252 0 2
17.3289 0.563611 0.00186379 0.233262 0 2
17.4405 0.564477 -0.00299016 0.233303 0 2
17.5258 0.56516 -0.00675852 0.233307 0 2
17.6138 0.565801 -0.0106793 0.23332 0 2
17.7184 0.566574 -0.0152937 0.233401 0 2
17.8294 0.56737 -0.0204136 0.233443 0 2
17.924 0.567976 -0.0248868 0.23345 0 2
18.0179 0.568485 -0.0289723 0.233447 0 2
18.1125 0.569062 -0.0333841 0.233499 0 2
18.2045 0.569598 -0.0379877 0.233518 0 2
18.2994 0.570052 -0.0421603 0.23361 0 2
18.397 0.570564 -0.0471782 0.233596 0 2
18.5011 0.571042 -0.0522827 0.233676 0 2
18.5979 0.571405 -0.056971 0.233662 0 2
18.6946 0.571764 -0.0616816 0.23369 0 2
18.7946 0.572097 -0.0664791 0.233686 0 2
18.8993 0.572385 -0.0716752 0.233706 0 2
18.9903 0.572606 -0.0764638 0.233762 0 2
19.0811 0.572772 -0.0809334 0.233753 0 2
19.1882 0.572973 -0.0865796 0.233792 0 2
19.28 0.573045 -0.0910453 0.233751 0 2
19.3704 0.573126 -0.0954172 0.23376 0 2
19.4773 0.573142 -0.101141 0.233807 0 2
19.568 0.573101 -0.105605 0.233777 0 2
19.6642 0.573038 -0.110463 0.233836 0 2
19.7636 0.572983 -0.115414 0.233885 0 2
19.8676 0.572769 -0.12109 0.2338 0 2
19.9541 0.572592 -0.125101 0.233862 0 2
20.055 0.572337 -0.130438 0.233825 0 2
20.1608 0.572077 -0.135705 0.233924 0 2
20.2647 0.571767 -0.140874 0.233965 0 2
20.346 0.571415 -0.14498 0.233915 0 2
20.4494 0.571003 -0.150181 0.233887 0 2
20.5446 0.570572 -0.154834 0.233822 0 2
20.6452 0.570064 -0.160046 0.233911 0 2
20.7458 0.569559 -0.164833 0.233883 0 2
20.8415 0.569016 -0.169378 0.233821 0 2
20.9638 0.56828 -0.175184 0.233855 0 2
21.0569 0.567631 -0.179847 0.233848 0 2
21.1529 0.567032 -0.184359 0.233884 0 2
21.2447 0.566387 -0.188512 0.233833 0 2
21.3597 0.565544 -0.193745 0.23383 0 2
21.452 0.564824 -0.198082 0.233799 0 2
21.5447 0.564035 -0.20248 0.233784 0 2
21.6763 0.563048 -0.20785 0.233806 0 2
21.7613 0.562252 -0.211993 0.233839 0 2
21.8546 0.561527 -0.215569 0.233789 0 2
21.9664 0.560472 -0.220553 0.233762 0 2
22.0607 0.559606 -0.224536 0.233694 0 2
22.1711 0.558565 -0.229151 0.233712 0 2
22.2918 0.557577 -0.233592 0.2337 0 2
22.3857 0.556637 -0.237466 0.233683 0 2
22.4899 0.555693 -0.241323 0.233658 0 2
22.5889 0.554671 -0.245269 0.233665 0 2
22.6869 0.553761 -0.248744 0.233582 0 2
22.7914 0.552742 -0.252467 0.233531 0 2
22.8901 0.551825 -0.256002 0.23362 0 2
22.9866 0.550892 -0.259283 0.233602 0 2
23.0763 0.550086 -0.262082 0.233543 0 2
23.1698 0.549148 -0.265195 0.233483 0 2
23.2615 0.548386 -0.267756 0.233469 0 2
23.354 0.547606 -0.270378 0.233529 0 2
23.4498 0.546645 -0.273367 0.233433 0 2
23.5454 0.545873 -0.275898 0.233425 0 2
23.6497 0.545096 -0.278265 0.233477 0 2
23.7379 0.544298 -0.280847 0.233478 0 2
23.8394 0.543603 -0.283029 0.233446 0 2
23.9567 0.542683 -0.285654 0.233432 0 2
24.0471 0.54197 -0.287804 0.233411 0 2
24.1458 0.541411 -0.289429 0.233408 0 2
24.2305 0.54081 -0.291138 0.233383 0 2
24.3425 0.54009 -0.293124 0.233367 0 2
24.428 0.539637 -0.294433 0.233347 0 2
24.5234 0.539176 -0.295762 0.233344 0 2
24.6254 0.538736 -0.296988 0.2333 0 2
24.7224 0.538256 -0.298271 0.233309 0 2
24.8074 0.53797 -0.29907 0.233257 0 3
24.907 0.537668 -0.299967 0.233306 0 3
25.02 0.53737 -0.300759 0.233288 0 3
25.1335 0.537197 -0.301306 0.2333 0 3
25.2389 0.537069 -0.301634 0.233254 0 3
25.333 0.53698 -0.301811 0.233275 0 3
25.4327 0.536985 -0.301896 0.233278 0 3
25.5392 0.537003 -0.301875 0.233296 0 3
25.6272 0.536973 -0.301903 0.233278 0 3
25.7344 0.536991 -0.301925 0.233495 0 3
25.8167 0.537016 -0.301967 0.23378 0 3
25.9021 0.537035 -0.302002 0.234192 0 3
26.0047 0.537036 -0.302075 0.234685 0 3
26.0977 0.537032 -0.302115 0.235151 0 3
26.1832 0.537034 -0.302177 0.235652 0 3
26.2821 0.537051 -0.302232 0.236291 0 3
26.3822 0.53706 -0.30231 0.237034 0 3
26.4759 0.537065 -0.302392 0.237749 0 3
26.5737 0.53707 -0.30245 0.238563 0 3
26.6922 0.537052 -0.302563 0.239592 0 3
26.7768 0.537057 -0.302637 0.240251 0 3
26.8655 0.537065 -0.302732 0.241166 0 3
26.9679 0.537079 -0.302819 0.242066 0 3
27.0628 0.537071 -0.302926 0.242965 0 3
27.1647 0.537068 -0.302982 0.243751 0 3
27.2722 0.53709 -0.30307 0.244625 0 3
27.3638 0.537078 -0.303156 0.245473 0 3
27.4495 0.537041 -0.303263 0.246204 0 3
27.5532 0.537039 -0.303315 0.24705 0 3
27.6546 0.537032 -0.303368 0.247768 0 4
27.757 0.537007 -0.303463 0.248436 0 4
27.8642 0.537016 -0.303521 0.24909 0 4
27.9492 0.537019 -0.303568 0.249593 0 4
28.0436 0.537007 -0.303628 0.250086 0 4
28.1632 0.537001 -0.303658 0.250518 0 4
28.2573 0.536987 -0.303713 0.250858 0 4
28.3531 0.536979 -0.303704 0.251024 0 4
28.4429 0.536951 -0.303698 0.251081 0 4
28.5596 0.536945 -0.303739 0.251113 0 4
28.6712 0.53694 -0.303684 0.251097 0 4
28.7696 0.536935 -0.303321 0.251014 0 4
28.8913 0.536955 -0.302504 0.250805 0 4
28.9913 0.537014 -0.301375 0.25052 0 4
29.0878 0.537066 -0.300352 0.250312 0 4
29.1843 0.53715 -0.298923 0.250021 0 4
29.2813 0.537235 -0.297394 0.249639 0 4
29.3748 0.537305 -0.295951 0.249318 0 4
29.474 0.537307 -0.294173 0.248808 0 4
29.5785 0.537368 -0.292249 0.248422 0 4
29.6778 0.537451 -0.290112 0.247976 0 4
29.7885 0.537509 -0.287976 0.247523 0 4
29.8917 0.537479 -0.285901 0.246977 0 4
29.9863 0.537537 -0.28382 0.246524 0 4
30.0939 0.53756 -0.281497 0.245997 0 4
30.1862 0.537517 -0.27944 0.245434 0 4
30.2831 0.537513 -0.277499 0.244978 0 4
30.3911 0.537522 -0.275113 0.244505 0 4
30.4888 0.537466 -0.273088 0.24399 0 4
30.5929 0.537455 -0.271308 0.243568 0 4
30.6812 0.5374 -0.269631 0.243205 0 4
30.7812 0.537356 -0.267983 0.242847 0 4
30.8883 0.537325 -0.266268 0.242377 0 4
30.9992 0.537288 -0.264684 0.241999 0 4
31.0981 0.537219 -0.263567 0.241733 0 4
31.198 0.537186 -0.262506 0.241422 0 4
31.2949 0.537145 -0.261754 0.241228 0 5
31.4498 0.537108 -0.260975 0.241059 0 5
31.5468 0.537108 -0.260798 0.241062 0 5
31.6708 0.537099 -0.260811 0.241077 0 5
31.7709 0.537514 -0.262884 0.241066 0 5
31.8896 0.537649 -0.263812 0.24108 0 5
31.9988 0.538149 -0.264358 0.240664 0 5
32.1213 0.538164 -0.264371 0.240597 0 5
32.2124 0.538565 -0.265224 0.239077 0 5
32.3234 0.538691 -0.265331 0.238857 0 5
32.4417 0.539081 -0.265387 0.237933 0 5
32.5653 0.539138 -0.265396 0.237938 0 5
32.664 0.539853 -0.265813 0.23715 0 5
32.784 0.539845 -0.265885 0.237159 0 5
32.894 0.539797 -0.266326 0.237536 0 5
33.0271 0.539924 -0.266413 0.237473 0 5
33.1368 0.54057 -0.266975 0.237232 0 5
33.2582 0.540568 -0.26698 0.237194 0 5
33.3559 0.541089 -0.267893 0.236973 0 5
33.4844 0.541467 -0.268385 0.236835 0 5
33.5804 0.541731 -0.268868 0.236182 0 5
33.7017 0.541724 -0.268829 0.236246 0 5
33.8124 0.542089 -0.269466 0.235563 0 5
33.9334 0.542092 -0.269483 0.23563 0 5
34.0415 0.54245 -0.270084 0.235262 0 5
34.162 0.542442 -0.27005 0.235273 0 5
34.264 0.543123 -0.270454 0.234637 0 5
34.3774 0.543301 -0.270601 0.234234 0 5
34.4851 0.543922 -0.271491 0.233817 0 5
34.5963 0.544108 -0.271681 0.23362 0 5
34.7121 0.545028 -0.272293 0.233231 0 5
34.8541 0.545111 -0.272312 0.233114 0 5
34.9638 0.546108 -0.272872 0.231976 0 5
35.0648 0.546051 -0.272875 0.232114 0 5
35.1615 0.546194 -0.273012 0.232765 0 5
35.2861 0.546216 -0.273042 0.232877 0 5
35.389 0.54631 -0.273431 0.23248 0 5
35.5164 0.546328 -0.273523 0.232442 0 5
35.6106 0.546167 -0.273622 0.232293 0 5
35.7282 0.545977 -0.273812 0.232316 0 5
35.8128 0.545813 -0.273951 0.232294 0 5
35.9376 0.545766 -0.274006 0.232292 0 5
36.0337 0.545852 -0.274335 0.232144 0 5
36.1402 0.545843 -0.274343 0.232118 0 5
36.2427 0.545938 -0.274759 0.232336 0 5
36.3713 0.545914 -0.27472 0.232324 0 6
36.469 0.545782 -0.275202 0.232604 0 6
36.5882 0.545774 -0.275208 0.232598 0 6
36.6746 0.545724 -0.275364 0.23267 0 6
36.7819 0.545723 -0.275366 0.232678 0 6
36.909 0.545693 -0.275461 0.232725 0 6
37.0313 0.545702 -0.275411 0.23271 0 6
37.134 0.545695 -0.275485 0.232739 0 6
37.2534 0.545682 -0.275503 0.232756 0 6
37.3524 0.545688 -0.275495 0.232751 0 6
37.4647 0.545696 -0.275478 0.23277 0 6
37.5572 0.545682 -0.275501 0.232768 0 6
37.6846 0.545675 -0.275524 0.232745 0 6
37.782 0.54566 -0.275535 0.232795 0 6
37.9093 0.545663 -0.275535 0.232766 0 6
38.0002 0.545677 -0.275517 0.232806 0 6
38.1059 0.545647 -0.275546 0.232792 0 6
38.2116 0.545661 -0.275521 0.232795 0 6
38.3127 0.545668 -0.275506 0.232772 0 6
38.4158 0.545683 -0.275509 0.23277 0 6
38.5151 0.54567 -0.275524 0.232792 0 6
38.6293 0.545666 -0.275516 0.232797 0 6
38.7208 0.545664 -0.275535 0.2328 0 6
38.8129 0.545668 -0.275507 0.232797 0 6
38.9083 0.545656 -0.275543 0.232803 0 6
