31.198 31.198 0 0 5
31.2949 31.198 0 0.0968804 5
31.4498 31.198 0.0968804 0.251799 5
31.5468 31.198 0.251799 0.348788 5
31.6708 31.198 0.348788 0.472809 5
31.7709 31.198 0.472809 0.572848 5
31.8896 31.198 0.572848 0.691543 5
31.9988 31.198 0.691543 0.800771 5
32.1213 31.198 0.800771 0.923317 5
32.2124 31.198 0.923317 1.01441 5
32.3234 31.198 1.01441 1.12537 5
32.4417 31.198 1.12537 1.24367 5
32.5653 31.198 1.24367 1.3673 5
32.664 31.198 1.3673 1.46597 5
32.784 31.198 1.46597 1.586 5
32.894 31.198 1.586 1.69597 5
33.0271 31.198 1.69597 1.82914 5
33.1368 31.198 1.82914 1.93882 5
33.2582 31.198 1.93882 2.06018 5
33.3559 31.198 2.06018 2.15791 5
33.4844 31.198 2.15791 2.28641 5
33.5804 31.198 2.28641 2.38237 5
33.7017 31.198 2.38237 2.50373 5
33.8124 31.198 2.50373 2.61438 5
33.9334 31.198 2.61438 2.7354 5
34.0415 31.198 2.7354 2.84345 5
34.162 31.198 2.84345 2.96399 5
34.264 31.198 2.96399 3.06598 5
34.3774 31.198 3.06598 3.17934 5
34.4851 31.198 3.17934 3.28705 5
34.5963 31.198 3.28705 3.3983 5
34.7121 31.198 3.3983 3.5141 5
34.8541 31.198 3.5141 3.65609 5
34.9638 31.198 3.65609 3.76577 5
35.0648 31.198 3.76577 3.86682 5
35.1615 31.198 3.86682 3.96346 5
35.2861 31.198 3.96346 4.08809 5
35.389 31.198 4.08809 4.19098 5
35.5164 31.198 4.19098 4.31839 5
35.6106 31.198 4.31839 4.41261 5
35.7282 31.198 4.41261 4.53018 5
35.8128 31.198 4.53018 4.61484 5
35.9376 31.198 4.61484 4.73959 5
36.0337 31.198 4.73959 4.83571 5
36.1402 31.198 4.83571 4.94222 5
36.2427 31.198 4.94222 5.04465 5
