0 0.351709 0.203974 -0.0742545 0
0.0869548 0.351724 0.203962 -0.0739345 0
0.174204 0.351701 0.203932 -0.0742936 0
0.268256 0.351719 0.203892 -0.0745069 0
0.351483 0.351758 0.203986 -0.0746109 0
0.433574 0.351701 0.203866 -0.0748168 0
0.521591 0.351732 0.203909 -0.0750061 0
0.611377 0.35172 0.203975 -0.0744133 0
0.693379 0.351714 0.203974 -0.0748224 0
0.776403 0.35173 0.203869 -0.0741444 0
0.867898 0.351667 0.203953 -0.0743496 0
0.950216 0.3517 0.203907 -0.074007 0
1.03219 0.3518 0.203917 -0.0745355 0
1.12887 0.351715 0.203986 -0.0743265 0
1.21357 0.351815 0.203947 -0.0751391 0
1.30105 0.351749 0.20394 -0.0739333 0
1.3786 0.35169 0.204013 -0.0739592 0
1.476 0.351745 0.20398 -0.0750932 0
1.57616 0.351764 0.203954 -0.0746478 0
1.6472 0.351721 0.204043 -0.0748949 0
1.75985 0.351671 0.2039 -0.0740894 0
1.85881 0.351754 0.204039 -0.0754672 0
1.96419 0.351802 0.203979 -0.0753203 0
2.05507 0.351708 0.203946 -0.0745446 0
2.15403 0.351754 0.20397 -0.073743 0
2.24416 0.351755 0.203899 -0.0746451 0
2.33632 0.351764 0.203989 -0.0749287 0
2.4273 0.351754 0.204033 -0.0750472 0
2.52798 0.351803 0.204014 -0.0748015 0
2.62318 0.351662 0.203907 -0.0740165 0
2.71129 0.351714 0.203917 -0.0744188 0
2.81505 0.351707 0.203985 -0.0746455 0
2.91714 0.351762 0.203954 -0.0745438 0
3.0191 0.35178 0.203952 -0.0750262 0
3.10438 0.351709 0.203985 -0.0750987 0
3.21397 0.351789 0.203972 -0.0749221 0
3.30999 0.351781 0.204079 -0.074738 0
3.41013 0.35166 0.203939 -0.0740152 0
3.50328 0.351769 0.204038 -0.0751623 0
3.60525 0.351791 0.20401 -0.0750487 0
3.71265 0.351703 0.203945 -0.0742126 0
3.80252 0.351725 0.204011 -0.0747033 0
3.90648 0.35161 0.203996 -0.074879 0
4.00212 0.351675 0.203935 -0.0748218 0
4.11072 0.351687 0.203968 -0.075199 0
4.21933 0.351647 0.204016 -0.0752393 0
4.31093 0.351684 0.203968 -0.0745469 0
4.43739 0.351735 0.203933 -0.074257 0
4.54478 0.351721 0.203934 -0.0741982 0
4.66572 0.351714 0.203964 -0.074627 0
4.77936 0.351694 0.203948 -0.0748192 0
4.88849 0.351586 0.203801 -0.0742118 0
4.99788 0.351729 0.20395 -0.0757182 0
5.07312 0.351754 0.204366 -0.0753919 0
5.18323 0.352064 0.204515 -0.0749732 0
5.28613 0.352158 0.204632 -0.0748056 0
5.39222 0.352242 0.204764 -0.0747189 0
5.4999 0.352344 0.204802 -0.0740955 0
5.59859 0.35243 0.205007 -0.0743656 0
5.7034 0.352522 0.205154 -0.0738654 0
5.80208 0.352683 0.205459 -0.0736628 0
5.89952 0.352271 0.20573 -0.0732933 0
5.99375 0.35258 0.205875 -0.0715573 0
6.10319 0.352719 0.206384 -0.0711666 0
6.19779 0.352608 0.206563 -0.0709948 0
6.29968 0.352235 0.206782 -0.0702007 0
6.39036 0.352566 0.207222 -0.0701041 0
6.5096 0.352344 0.207575 -0.0688807 0
6.60644 0.351911 0.208097 -0.0689395 0
6.70581 0.352082 0.208401 -0.0686907 0
6.79961 0.351715 0.208436 -0.0664206 0
6.90176 0.351611 0.208867 -0.0662569 0
6.98775 0.351763 0.208895 -0.0647328 0
7.0992 0.352116 0.20867 -0.0624816 0
7.1906 0.353249 0.208305 -0.0582749 0
7.2925 0.35277 0.209144 -0.0605397 0
7.38531 0.35191 0.20943 -0.0625013 0
7.48683 0.352332 0.209195 -0.0613334 0
7.57163 0.352959 0.209419 -0.0611426 0
7.6794 0.353598 0.20922 -0.0574022 0
7.76797 0.351698 0.209796 -0.0590459 0
7.87519 0.353213 0.210205 -0.0564275 0
7.96633 0.353647 0.209855 -0.0563395 0
8.05853 0.354368 0.210346 -0.0534045 0
8.15662 0.353737 0.209893 -0.0524073 0
8.23973 0.354531 0.210003 -0.0504544 0
8.32386 0.354784 0.210043 -0.0496972 0
8.41474 0.354152 0.209914 -0.047335 0
8.51064 0.35621 0.209937 -0.0438818 0
8.61028 0.355671 0.209998 -0.0441154 0
8.69896 0.355911 0.209905 -0.0424672 0
8.8021 0.355441 0.209816 -0.0429556 0
8.88434 0.355726 0.209258 -0.0380566 0
8.97887 0.355526 0.209324 -0.0385769 0
9.07652 0.355053 0.209294 -0.0382164 0
9.16733 0.355946 0.209238 -0.0358286 0
9.2689 0.355906 0.209486 -0.03665 1
9.34973 0.355642 0.209621 -0.0351263 1
9.44576 0.355708 0.209715 -0.0345505 1
9.5346 0.355631 0.209104 -0.0330582 1
9.62231 0.355554 0.209612 -0.0333632 1
9.72088 0.354877 0.209427 -0.0348642 1
9.81706 0.354595 0.209319 -0.0326965 1
9.897 0.355113 0.209161 -0.031643 1
10.0081 0.355289 0.209888 -0.0346289 1
10.0951 0.355185 0.209459 -0.0336699 1
10.1808 0.355825 0.209612 -0.033555 1
10.271 0.356178 0.209274 -0.0319222 1
10.3591 0.357045 0.209142 -0.0322286 1
10.4545 0.359444 0.210242 -0.0321164 1
10.5451 0.360368 0.21008 -0.0339664 1
10.6343 0.362365 0.21031 -0.0329818 1
10.7298 0.363851 0.210651 -0.0333918 1
10.8209 0.366579 0.210545 -0.0298021 1
10.9089 0.368584 0.21104 -0.0312633 1
11.0058 0.370682 0.211205 -0.0305388 1
11.0977 0.372489 0.210791 -0.0314425 1
11.1989 0.375719 0.210816 -0.0300241 1
11.2914 0.37882 0.211502 -0.0323451 1
11.3849 0.381963 0.211324 -0.0315287 1
11.4724 0.385785 0.211834 -0.0288401 1
11.5639 0.388271 0.211671 -0.0297311 1
11.6624 0.391608 0.211961 -0.0276423 1
11.7539 0.394097 0.212275 -0.0297246 1
11.8458 0.396037 0.211722 -0.0269909 1
11.9409 0.400336 0.211524 -0.0256461 1
12.0316 0.403622 0.210912 -0.0226162 1
12.1389 0.406616 0.211209 -0.0242585 1
12.2279 0.411505 0.212179 -0.0253013 1
12.3248 0.414514 0.211979 -0.0258344 1
12.4093 0.418947 0.212489 -0.0272322 1
12.5119 0.42235 0.212051 -0.0257177 1
12.6039 0.424482 0.211961 -0.0274858 1
12.6901 0.428744 0.211609 -0.027017 1
12.7908 0.430518 0.211984 -0.0299412 1
12.8826 0.437225 0.211387 -0.0280863 1
12.9743 0.439098 0.211278 -0.0273968 1
13.0759 0.442236 0.211422 -0.0295667 1
13.1639 0.447072 0.210644 -0.0289895 1
13.2618 0.448636 0.210227 -0.0296853 1
13.348 0.451118 0.210032 -0.0301667 1
13.4438 0.455833 0.209465 -0.0284253 1
13.5441 0.459282 0.20891 -0.0280445 1
13.633 0.463026 0.208133 -0.0260714 1
13.729 0.464922 0.208348 -0.0268826 1
13.8205 0.468214 0.207959 -0.0250824 1
13.915 0.470496 0.207751 -0.0246591 1
14.0107 0.472701 0.207064 -0.025032 1
14.1046 0.475695 0.206677 -0.0253114 1
14.2023 0.477029 0.206375 -0.0240888 1
14.3021 0.478188 0.206062 -0.0237787 1
14.4023 0.480192 0.205904 -0.0256825 1
14.5042 0.481399 0.205648 -0.0241888 2
14.6061 0.482962 0.205785 -0.0247578 2
14.6909 0.483753 0.205568 -0.0237869 2
14.7876 0.484629 0.205473 -0.0251483 2
14.8866 0.484547 0.20556 -0.0265341 2
14.9845 0.484744 0.205717 -0.027041 2
15.0758 0.484663 0.205615 -0.0278194 2
15.1685 0.485085 0.205217 -0.0262148 2
15.2695 0.484741 0.204924 -0.0262728 2
15.3597 0.484922 0.204415 -0.0263405 2
15.4507 0.484991 0.204235 -0.0277054 2
15.5574 0.4849 0.203547 -0.0258939 2
15.637 0.485403 0.202753 -0.0253706 2
15.7321 0.485847 0.20172 -0.0264798 2
15.8332 0.486228 0.200556 -0.025344 2
15.922 0.486464 0.199232 -0.0271459 2
16.0263 0.486718 0.197061 -0.0240958 2
16.1138 0.487342 0.195646 -0.0215035 2
16.2251 0.488024 0.1944 -0.0252487 2
16.3032 0.487815 0.193113 -0.0254704 2
16.3985 0.48888 0.1913 -0.0243176 2
16.4902 0.489147 0.189251 -0.0255446 2
16.5838 0.490117 0.186618 -0.0211598 2
16.6794 0.491172 0.184894 -0.0208294 2
16.7683 0.490978 0.182531 -0.0255685 2
16.8614 0.491353 0.180198 -0.0245553 2
16.9618 0.491548 0.178038 -0.0258006 2
17.0426 0.493355 0.175236 -0.0223775 2
17.1669 0.493929 0.172258 -0.0229343 2
17.268 0.494263 0.169139 -0.0217379 2
17.3524 0.494428 0.16682 -0.0239255 2
17.4438 0.495345 0.163477 -0.024086 2
17.5454 0.496567 0.160474 -0.0233348 2
17.6257 0.49779 0.158045 -0.0227642 2
17.7211 0.498343 0.154516 -0.0235974 2
17.8187 0.498649 0.151469 -0.0227537 2
17.9101 0.49973 0.148182 -0.0244747 2
18.0027 0.500286 0.145141 -0.0245583 2
18.1015 0.501859 0.141446 -0.0188028 2
18.1916 0.50255 0.137639 -0.0217782 2
18.2954 0.502958 0.134201 -0.0245616 2
18.389 0.503566 0.130242 -0.0260179 2
18.4729 0.502961 0.126506 -0.0259888 2
18.5766 0.504746 0.122351 -0.0246659 2
18.6793 0.504566 0.118124 -0.0271009 2
18.7696 0.505737 0.113968 -0.0227689 2
18.8607 0.508482 0.109627 -0.0198553 2
18.9717 0.508849 0.105067 -0.0213139 2
19.0742 0.508097 0.0989505 -0.0209023 2
19.1638 0.509435 0.0961089 -0.0223366 2
19.2581 0.511653 0.0926182 -0.0196869 2
19.3494 0.511073 0.0877978 -0.0240354 2
19.4347 0.51247 0.08341 -0.0248206 2
19.5298 0.512403 0.0789173 -0.0250869 2
19.6414 0.512779 0.0733051 -0.0247213 2
19.7245 0.513568 0.069726 -0.0225487 2
19.8165 0.513595 0.0647297 -0.0243729 2
19.9173 0.514453 0.0595497 -0.0218149 2
20.0135 0.515604 0.0551956 -0.0205896 2
20.1064 0.514546 0.0504168 -0.0224805 2
20.188 0.515142 0.0460172 -0.0218816 2
20.2918 0.516961 0.0404283 -0.0177971 2
20.38 0.515846 0.0360971 -0.0219662 2
20.4767 0.515723 0.0308166 -0.0221619 2
20.5741 0.51604 0.0261102 -0.0233301 2
20.6703 0.51718 0.0211438 -0.0225252 2
20.7703 0.517507 0.0159465 -0.021786 2
20.8717 0.517358 0.0104035 -0.0215401 2
20.9672 0.516617 0.00559306 -0.025236 2
21.07 0.515842 0.000496656 -0.0263933 2
21.1588 0.515962 -0.00399482 -0.025386 2
21.2553 0.516831 -0.00929591 -0.024654 2
21.3396 0.516474 -0.0138406 -0.024053 2
21.4435 0.51728 -0.0200713 -0.0238575 2
21.5354 0.516183 -0.0241507 -0.0289362 2
21.6409 0.516488 -0.0298763 -0.0246183 2
21.7343 0.516125 -0.034387 -0.0291676 2
21.8391 0.515873 -0.0404691 -0.0268003 2
21.937 0.515553 -0.0452706 -0.0248993 2
22.0398 0.515351 -0.0507755 -0.0251583 2
22.1326 0.514807 -0.0549809 -0.0287454 2
22.2325 0.513628 -0.0603994 -0.0297524 2
22.3336 0.513919 -0.0665006 -0.0281976 2
22.4271 0.512228 -0.07201 -0.0284036 2
22.526 0.510831 -0.0771045 -0.0248859 2
22.624 0.51068 -0.0813655 -0.0314634 2
22.721 0.509844 -0.0854462 -0.0312456 2
22.8085 0.509042 -0.0897581 -0.0322203 2
22.9131 0.508808 -0.0955629 -0.0270613 2
23.0047 0.507455 -0.100035 -0.0269464 2
23.1139 0.506327 -0.104569 -0.0253294 2
23.208 0.505352 -0.108045 -0.0263699 2
23.2941 0.504397 -0.111506 -0.0238963 2
23.3846 0.503669 -0.115692 -0.0249586 2
23.477 0.503275 -0.118549 -0.023593 2
23.5718 0.502456 -0.121996 -0.0219277 2
23.667 0.500659 -0.124988 -0.0236533 2
23.7576 0.49937 -0.128603 -0.0247246 2
23.8531 0.497459 -0.134312 -0.0266026 2
23.9506 0.497359 -0.136501 -0.0270057 2
24.0564 0.496601 -0.141602 -0.0268872 2
24.144 0.495625 -0.143524 -0.0276464 2
24.2397 0.494793 -0.14798 -0.0273005 2
24.3376 0.492789 -0.151526 -0.0307375 2
24.448 0.491657 -0.15473 -0.0313934 2
24.5416 0.492501 -0.158365 -0.0283976 2
24.641 0.491284 -0.161759 -0.0290778 2
24.7326 0.490523 -0.1639 -0.0276541 2
24.8257 0.486542 -0.167298 -0.0310907 2
24.9168 0.486156 -0.169781 -0.030195 2
25.0077 0.48624 -0.173116 -0.0283516 2
25.0937 0.483516 -0.174576 -0.0283388 2
25.1858 0.482519 -0.17771 -0.0328273 2
25.2765 0.481794 -0.180486 -0.0329556 2
25.3667 0.480712 -0.182571 -0.0329009 2
25.4622 0.480522 -0.184723 -0.0336234 2
25.5551 0.479542 -0.187322 -0.0332974 2
25.6543 0.478815 -0.189403 -0.033053 2
25.7569 0.478462 -0.190859 -0.0320975 2
25.8466 0.478111 -0.19227 -0.0324043 2
25.9366 0.477574 -0.193873 -0.0314657 2
26.0179 0.47772 -0.194939 -0.0318907 2
26.1165 0.476935 -0.197363 -0.0333282 2
26.2052 0.47622 -0.197863 -0.0313238 2
26.2943 0.475801 -0.19897 -0.0320321 2
26.3908 0.475587 -0.199673 -0.0304368 3
26.4823 0.474766 -0.200609 -0.0306675 3
26.5855 0.474968 -0.201331 -0.0302772 3
26.6794 0.474677 -0.202077 -0.0307451 3
26.7794 0.474654 -0.202245 -0.0301527 3
26.8829 0.473965 -0.202584 -0.0311393 3
26.9742 0.473799 -0.202709 -0.0309512 3
27.0861 0.473938 -0.202196 -0.0303953 3
27.174 0.474402 -0.202467 -0.0309579 3
27.2639 0.474082 -0.202325 -0.0309058 3
27.3523 0.473731 -0.202114 -0.0310487 3
27.4497 0.473691 -0.202603 -0.0322017 3
27.5363 0.474244 -0.202285 -0.0312715 3
27.635 0.473789 -0.202576 -0.0307953 3
27.729 0.473384 -0.202337 -0.0306332 3
27.8208 0.473923 -0.202761 -0.0305679 3
27.9251 0.473583 -0.202611 -0.0305986 3
28.0054 0.473264 -0.202988 -0.0308764 3
28.099 0.473325 -0.203017 -0.0307485 3
28.1963 0.473188 -0.203044 -0.0307764 3
28.2869 0.473139 -0.203442 -0.0315125 3
28.3827 0.473046 -0.20376 -0.0316657 3
28.4645 0.472708 -0.203903 -0.0305687 3
28.5553 0.472561 -0.203898 -0.03112 3
28.6525 0.472396 -0.204106 -0.030108 3
28.754 0.472231 -0.204607 -0.0298505 3
28.8476 0.472397 -0.204628 -0.0294468 3
28.9461 0.47188 -0.204773 -0.0289932 3
29.0355 0.472306 -0.204911 -0.0281627 3
29.1321 0.472014 -0.205748 -0.0269217 3
29.2258 0.472493 -0.206163 -0.028582 3
29.2258 0 0 0 5
29.3176 0.471635 -0.205555 -0.0274957 5
29.4176 0.472222 -0.206393 -0.0275698 5
29.5217 0.472624 -0.206295 -0.0235185 5
29.6112 0.472124 -0.206369 -0.0246312 5
29.72 0.47228 -0.207078 -0.0246163 5
29.8079 0.472058 -0.206962 -0.0247849 5
29.9166 0.473451 -0.207282 -0.0226442 5
30.0031 0.472216 -0.207385 -0.0242863 5
30.1197 0.472862 -0.207509 -0.0228638 5
30.2176 0.477494 -0.180114 -0.0313681 5
30.3361 0.491105 -0.134398 -0.0487316 5
30.4255 0.488703 -0.138668 -0.0472579 5
30.5541 0.489885 -0.126397 -0.0375368 5
30.614 0.499134 -0.1457 -0.038142 5
30.6833 0.500117 -0.145189 -0.0358883 5
30.7772 0.500832 -0.144857 -0.0334768 5
30.8594 0.501566 -0.144471 -0.0349214 5
30.9628 0.501155 -0.144204 -0.0330666 5
31.0491 0.500664 -0.144367 -0.0328017 5
31.1477 0.501023 -0.143521 -0.0337435 5
31.2345 0.501217 -0.144002 -0.0332518 5
31.3273 0.5013 -0.143906 -0.0328295 5
31.4238 0.500824 -0.143582 -0.0337421 5
31.5192 0.500794 -0.143633 -0.032744 5
31.6134 0.501078 -0.14398 -0.0332632 5
31.692 0.501131 -0.144143 -0.0350932 5
31.7752 0.501218 -0.143832 -0.0330801 5
31.876 0.50238 -0.144305 -0.0319357 5
31.9638 0.499611 -0.144535 -0.0347423 5
32.0599 0.500349 -0.144961 -0.0342334 5
32.1589 0.502229 -0.143785 -0.0327295 5
32.2509 0.501682 -0.144685 -0.0333215 5
32.3486 0.501221 -0.144434 -0.0329708 5
32.4311 0.501769 -0.144739 -0.0330658 5
32.5348 0.501647 -0.1444 -0.0322815 5
32.6238 0.500557 -0.144309 -0.0332561 5
32.7177 0.500535 -0.144036 -0.0338829 5
32.8138 0.502453 -0.144875 -0.0327524 5
32.9038 0.50103 -0.144192 -0.0337308 5
32.9905 0.500997 -0.144212 -0.0328497 5
33.086 0.501044 -0.144023 -0.0337786 5
33.1687 0.500482 -0.144396 -0.0331738 5
33.2598 0.500104 -0.144365 -0.0326881 5
33.3593 0.501257 -0.144633 -0.0338805 5
33.4421 0.501998 -0.144288 -0.0336352 5
33.5336 0.500717 -0.143953 -0.0331205 5
33.6265 0.500683 -0.144828 -0.0347564 5
33.7157 0.501907 -0.144046 -0.0322994 5
33.8145 0.500532 -0.144458 -0.0341073 5
33.8968 0.502157 -0.144567 -0.032443 5
33.989 0.500902 -0.144276 -0.0348646 5
34.0811 0.500749 -0.144229 -0.034049 5
34.1681 0.502308 -0.144316 -0.0326339 5
34.2604 0.50021 -0.144213 -0.0340948 5
34.361 0.501351 -0.144391 -0.0323274 5
34.4514 0.501613 -0.144505 -0.0332586 5
34.5527 0.502265 -0.144576 -0.0330107 5
34.6441 0.501642 -0.144538 -0.0328919 5
34.739 0.502107 -0.14425 -0.0325126 5
34.8297 0.501892 -0.144157 -0.0341579 5
34.9133 0.500204 -0.144207 -0.0359805 5
35.0133 0.501196 -0.14458 -0.0331598 5
35.1062 0.500863 -0.144431 -0.0349905 5
35.188 0.5011 -0.145026 -0.0331573 5
35.2885 0.500841 -0.144899 -0.0334313 5
35.3707 0.500847 -0.144388 -0.034015 5
35.4654 0.500993 -0.144493 -0.0344262 5
35.5601 0.501627 -0.144087 -0.0332509 5
35.6533 0.500945 -0.144297 -0.0334297 5
35.7495 0.500366 -0.143772 -0.0343903 5
35.8347 0.50205 -0.144783 -0.0331033 5
35.9243 0.501063 -0.143804 -0.0326164 5
36.0262 0.501187 -0.144512 -0.0342868 5
36.1194 0.501939 -0.144659 -0.0324595 5
36.2165 0.500984 -0.143932 -0.0334789 5
36.3029 0.500876 -0.143752 -0.0345609 5
36.3883 0.50166 -0.144465 -0.0336177 5
36.4894 0.501367 -0.144595 -0.0331414 5
36.5807 0.500722 -0.144059 -0.0337829 5
36.6804 0.501841 -0.143904 -0.0332601 5
36.7687 0.500583 -0.143967 -0.0355078 5
36.8561 0.501649 -0.144499 -0.0341443 5
36.9538 0.500204 -0.144596 -0.0357961 5
37.0391 0.502408 -0.144166 -0.0321918 5
37.1376 0.501959 -0.144615 -0.033097 5
37.2303 0.502615 -0.143569 -0.0334728 5
37.3204 0.501082 -0.144629 -0.033601 5
37.4134 0.50116 -0.14452 -0.0330381 5
37.5008 0.499965 -0.144209 -0.0344442 5
37.5914 0.50078 -0.1444 -0.0331421 5
37.6924 0.501245 -0.143726 -0.0327655 5
37.7835 0.502978 -0.143079 -0.0326058 5
37.8864 0.501019 -0.142328 -0.0326688 5
37.9739 0.501768 -0.142149 -0.0300384 5
38.0652 0.50263 -0.140734 -0.0243434 5
38.1663 0.5034 -0.140723 -0.0218065 5
38.2566 0.502092 -0.139529 -0.0188526 5
38.3597 0.501794 -0.139196 -0.0156646 5
38.4532 0.503742 -0.139937 -0.00857307 5
38.5503 0.50403 -0.140654 -0.00712365 5
38.6527 0.506337 -0.142541 -0.00155794 5
38.7456 0.505348 -0.14276 -0.000278611 5
38.8407 0.50337 -0.144498 -0.00313598 5
38.9152 0.504436 -0.144978 -0.00181458 5
39.0198 0.505026 -0.145865 -0.000807665 5
39.1007 0.504384 -0.148884 0.00472008 5
39.2019 0.504292 -0.14994 0.00733121 5
39.2971 0.504298 -0.151464 0.00746774 5
39.3845 0.50313 -0.150987 0.0092162 5
39.4832 0.504268 -0.151131 0.0169579 5
39.5719 0.502905 -0.150189 0.0198766 5
39.6644 0.50307 -0.150146 0.0266707 5
39.7652 0.503203 -0.150198 0.0282595 5
39.8439 0.502263 -0.149555 0.0346367 5
39.9453 0.502331 -0.149733 0.0380774 5
40.0377 0.501966 -0.150012 0.0413104 5
40.1296 0.501587 -0.149528 0.0454807 5
40.2244 0.502441 -0.150026 0.0495539 5
40.3122 0.501325 -0.150415 0.0570936 5
40.4054 0.501738 -0.150531 0.0605288 5
40.5018 0.503418 -0.150206 0.0666242 5
40.5952 0.503505 -0.149987 0.0744498 5
40.7016 0.504666 -0.147895 0.0814369 5
40.7855 0.502892 -0.149114 0.0849179 5
40.8897 0.502766 -0.149797 0.0868201 5
40.9862 0.502281 -0.150409 0.0899382 5
41.0933 0.503634 -0.14872 0.0973049 5
41.1872 0.502655 -0.148755 0.100122 5
41.2798 0.50187 -0.149051 0.106859 5
41.3746 0.502157 -0.149688 0.109015 5
41.4683 0.501725 -0.149084 0.114612 5
41.5627 0.502554 -0.148349 0.118338 5
41.6726 0.500714 -0.147076 0.123773 5
41.7632 0.500264 -0.146122 0.125176 5
41.8484 0.500459 -0.145955 0.127267 5
41.9262 0.501272 -0.145888 0.12737 5
42.0203 0.50043 -0.146003 0.126432 5
42.1236 0.500654 -0.146405 0.125698 5
42.2176 0.500446 -0.146112 0.125795 5
42.3047 0.500502 -0.145995 0.126966 5
42.4084 0.50017 -0.145813 0.126787 5
42.4946 0.500958 -0.146212 0.126073 5
42.5794 0.501274 -0.146218 0.12667 5
42.6795 0.5019 -0.146209 0.126765 5
42.7666 0.500853 -0.146243 0.1266 5
42.8633 0.501143 -0.146112 0.126404 5
42.9536 0.501214 -0.146299 0.126286 5
43.0575 0.500722 -0.146425 0.125638 5
43.146 0.500742 -0.146135 0.126531 5
43.2414 0.501196 -0.146186 0.126579 5
43.3301 0.500782 -0.146098 0.126818 5
43.4283 0.500969 -0.146256 0.125652 5
43.5163 0.501732 -0.14627 0.126284 5
43.6151 0.501031 -0.146423 0.125757 5
43.7092 0.500568 -0.146235 0.125664 5
43.8069 0.501823 -0.146087 0.126373 5
43.903 0.501209 -0.145942 0.126729 5
43.9924 0.500754 -0.146545 0.125566 5
44.0856 0.501699 -0.146313 0.126192 5
44.1768 0.501592 -0.146135 0.126226 5
44.2661 0.501607 -0.14606 0.125885 5
44.368 0.500792 -0.146384 0.126179 5
44.4562 0.500749 -0.146433 0.125236 5
44.5553 0.501023 -0.146401 0.126372 5
44.6439 0.501646 -0.146502 0.125801 5
44.7435 0.500634 -0.146347 0.126155 5
44.8386 0.50169 -0.1463 0.125903 5
44.9382 0.501263 -0.146276 0.126324 5
45.0339 0.500757 -0.146387 0.125543 5
45.1208 0.501031 -0.146353 0.125967 5
45.2239 0.501279 -0.146417 0.125805 5
45.3094 0.500952 -0.146333 0.125521 5
45.3987 0.500814 -0.146455 0.125895 5
45.4941 0.500768 -0.146381 0.125551 5
45.5851 0.500752 -0.146316 0.126009 5
45.689 0.500677 -0.146477 0.12527 5
45.7735 0.500548 -0.146448 0.125583 5
45.8612 0.501504 -0.146618 0.125991 5
45.98 0.500704 -0.146421 0.125265 5
46.0937 0.500886 -0.146607 0.125164 5
46.1917 0.500847 -0.146302 0.125514 5
46.268 0.501232 -0.146475 0.125614 5
46.3518 0.500634 -0.146593 0.125416 5
46.4318 0.500539 -0.146811 0.125511 5
46.5171 0.500863 -0.146406 0.125387 5
