0 0.47521 0.196668 -0.0698759 0
0.0869548 0.475153 0.196608 -0.0691099 0
0.174204 0.475183 0.196644 -0.0702801 0
0.268256 0.475175 0.196607 -0.0700184 0
0.351483 0.475153 0.196609 -0.0694338 0
0.433574 0.475109 0.196515 -0.0696176 0
0.521591 0.475192 0.196604 -0.070154 0
0.611377 0.475174 0.196618 -0.0692227 0
0.693379 0.475129 0.19658 -0.0691819 0
0.776403 0.475129 0.19656 -0.0693516 0
0.867898 0.475129 0.196599 -0.0694957 0
0.950216 0.475154 0.196613 -0.0695589 0
1.03219 0.475251 0.196644 -0.0700822 0
1.12887 0.475246 0.196713 -0.0702799 0
1.21357 0.475198 0.196603 -0.0697035 0
1.30105 0.475256 0.196686 -0.0700917 0
1.3786 0.475176 0.196713 -0.0698139 0
1.476 0.475171 0.196622 -0.0696472 0
1.57616 0.475174 0.196631 -0.0698089 0
1.6472 0.475223 0.1967 -0.070152 0
1.75985 0.475136 0.196622 -0.069793 0
1.85881 0.475166 0.196662 -0.0698414 0
1.96419 0.475187 0.196641 -0.0701434 0
2.05507 0.475229 0.196625 -0.0699136 0
2.15403 0.475175 0.196653 -0.0691031 0
2.24416 0.475212 0.196626 -0.0702787 0
2.33632 0.475202 0.196666 -0.0702474 0
2.4273 0.475206 0.19669 -0.0703288 0
2.52798 0.475228 0.196716 -0.0701356 0
2.62318 0.475161 0.196629 -0.0700167 0
2.71129 0.475112 0.196595 -0.0691333 0
2.81505 0.475204 0.196702 -0.0704313 0
2.91714 0.475199 0.196617 -0.0698124 0
3.0191 0.475224 0.196642 -0.0703265 0
3.10438 0.475188 0.196665 -0.0703191 0
3.21397 0.475216 0.19667 -0.0702015 0
3.30999 0.475204 0.196679 -0.0696447 0
3.41013 0.475157 0.196596 -0.0690548 0
3.50328 0.475216 0.196745 -0.0707149 0
3.60525 0.475312 0.196637 -0.0698918 0
3.71265 0.475154 0.196608 -0.0697461 0
3.80252 0.47519 0.196685 -0.0701268 0
3.90648 0.475233 0.196755 -0.0712885 0
4.00212 0.475147 0.196597 -0.069807 0
4.11072 0.475141 0.19665 -0.0703264 0
4.21933 0.475199 0.196647 -0.0700761 0
4.31093 0.47516 0.196624 -0.0695927 0
4.43739 0.475162 0.196595 -0.0694519 0
4.54478 0.475153 0.196633 -0.0700643 0
4.66572 0.47518 0.196643 -0.0699405 0
4.77936 0.475181 0.196608 -0.0699135 0
4.88849 0.475068 0.19647 -0.0696214 0
4.99788 0.475217 0.196574 -0.0703724 0
5.07312 0.475407 0.19695 -0.0700062 0
5.18323 0.475563 0.197172 -0.070077 0
5.28613 0.475706 0.197274 -0.07047 0
5.39222 0.475851 0.19737 -0.0697376 0
5.4999 0.475919 0.197397 -0.0687473 0
5.59859 0.476015 0.197607 -0.0689405 0
5.7034 0.4761 0.197771 -0.0687538 0
5.80208 0.476303 0.198039 -0.0684878 0
5.89952 0.476561 0.198268 -0.0675789 0
5.99375 0.476706 0.198442 -0.0665063 0
6.10319 0.47698 0.19909 -0.0670658 0
6.19779 0.477173 0.198997 -0.0649521 0
6.29968 0.477259 0.199364 -0.0652643 0
6.39036 0.477573 0.199438 -0.062654 0
6.5096 0.477607 0.199939 -0.0619444 0
6.60644 0.478077 0.200233 -0.0609238 0
6.70581 0.478469 0.200423 -0.0597941 0
6.79961 0.478328 0.200817 -0.0582893 0
6.90176 0.478449 0.201262 -0.0576891 0
6.98775 0.478307 0.201438 -0.0558694 0
7.0992 0.478634 0.201542 -0.0541152 0
7.1906 0.478158 0.201994 -0.0533363 0
7.2925 0.478843 0.202359 -0.052638 0
7.38531 0.479209 0.201975 -0.0497877 0
7.48683 0.479015 0.201942 -0.0502326 0
7.57163 0.479759 0.202218 -0.0519629 0
7.6794 0.479601 0.202415 -0.0501221 0
7.76797 0.47992 0.202693 -0.0501227 0
7.87519 0.479993 0.202686 -0.0481568 0
7.96633 0.479872 0.202921 -0.0495642 0
8.05853 0.479411 0.203972 -0.0491748 0
8.15662 0.479431 0.202512 -0.0445489 0
8.23973 0.479171 0.202961 -0.0438549 0
8.32386 0.479763 0.202839 -0.042836 0
8.41474 0.47927 0.202893 -0.0413911 0
8.51064 0.479757 0.202513 -0.0377495 0
8.61028 0.479506 0.202888 -0.0384223 0
8.69896 0.479747 0.2028 -0.0376979 0
8.8021 0.479538 0.202954 -0.0384768 0
8.88434 0.479597 0.20247 -0.0343303 0
8.97887 0.479561 0.202344 -0.0348196 0
9.07652 0.479001 0.202459 -0.0361128 0
9.16733 0.479412 0.202585 -0.0339023 0
9.2689 0.479102 0.203163 -0.035465 1
9.34973 0.479192 0.203191 -0.0347512 1
9.44576 0.47912 0.202987 -0.0331798 1
9.5346 0.478926 0.202556 -0.0331498 1
9.62231 0.479194 0.202873 -0.0313374 1
9.72088 0.478258 0.20353 -0.0359563 1
9.81706 0.478191 0.203035 -0.0334153 1
9.897 0.478662 0.202747 -0.0319442 1
10.0081 0.478451 0.203604 -0.0353963 1
10.0951 0.478524 0.203413 -0.0364143 1
10.1808 0.479118 0.203389 -0.0348087 1
10.271 0.480246 0.202846 -0.0324753 1
10.3591 0.481324 0.202806 -0.0332491 1
10.4545 0.48261 0.203889 -0.0369035 1
10.5451 0.483925 0.2038 -0.0368005 1
10.6343 0.485287 0.204966 -0.0415185 1
10.7298 0.487546 0.204649 -0.0388619 1
10.8209 0.490032 0.203784 -0.0352256 1
10.9089 0.492087 0.204187 -0.0362612 1
11.0058 0.493899 0.204 -0.0335313 1
11.0977 0.496181 0.204198 -0.0383808 1
11.1989 0.500089 0.204134 -0.0364394 1
11.2914 0.502778 0.205715 -0.0421674 1
11.3849 0.504538 0.206168 -0.0477465 1
11.4724 0.508718 0.20545 -0.0371731 1
11.5639 0.511664 0.204866 -0.0397926 1
11.6624 0.515132 0.203804 -0.0353758 1
11.7539 0.518297 0.204153 -0.0434941 1
11.8458 0.521601 0.203329 -0.0292877 1
11.9409 0.524583 0.20421 -0.0302415 1
12.0316 0.528995 0.204533 -0.0253221 1
12.1389 0.53192 0.204645 -0.0265156 1
12.2279 0.536434 0.203913 -0.0246925 1
12.3248 0.539913 0.20402 -0.0249258 1
12.4093 0.544503 0.20428 -0.0228931 1
12.5119 0.547795 0.203992 -0.021116 1
12.6039 0.55082 0.203818 -0.0216065 1
12.6901 0.554641 0.203571 -0.0209924 1
12.7908 0.557675 0.203217 -0.0234543 1
12.8826 0.562025 0.20296 -0.0204588 1
12.9743 0.564637 0.202905 -0.0215835 1
13.0759 0.568559 0.202623 -0.0202244 1
13.1639 0.571497 0.202386 -0.0219575 1
13.2618 0.574856 0.202161 -0.0196287 1
13.348 0.577776 0.201941 -0.020496 1
13.4438 0.580665 0.201848 -0.0218752 1
13.5441 0.583898 0.201149 -0.0207446 1
13.633 0.586442 0.20082 -0.0204602 1
13.729 0.589061 0.200771 -0.0210634 1
13.8205 0.592199 0.200629 -0.0209869 1
13.915 0.594326 0.200464 -0.0206477 1
14.0107 0.596071 0.199852 -0.0210023 1
14.1046 0.598521 0.199486 -0.0221297 1
14.2023 0.600278 0.199185 -0.0217615 1
14.3021 0.602115 0.199215 -0.0225529 1
14.4023 0.603751 0.199112 -0.0217805 1
14.5042 0.604902 0.19912 -0.0215003 2
14.6061 0.605931 0.198779 -0.0226035 2
14.6909 0.6069 0.198818 -0.0223848 2
14.7876 0.607957 0.19853 -0.0214617 2
14.8866 0.60788 0.198526 -0.0223032 2
14.9845 0.608157 0.198608 -0.0223496 2
15.0758 0.608008 0.198353 -0.0227381 2
15.1685 0.608536 0.198331 -0.0221336 2
15.2695 0.608182 0.197685 -0.0221952 2
15.3597 0.608452 0.197331 -0.0217651 2
15.4507 0.608535 0.196585 -0.0219997 2
15.5574 0.609008 0.195687 -0.021308 2
15.637 0.609171 0.195178 -0.0214471 2
15.7321 0.609305 0.194299 -0.021421 2
15.8332 0.609226 0.193015 -0.0216005 2
15.922 0.60975 0.191858 -0.0219292 2
16.0263 0.610012 0.190305 -0.0203061 2
16.1138 0.610734 0.188864 -0.0203586 2
16.2251 0.611061 0.187412 -0.0208926 2
16.3032 0.611769 0.186096 -0.0211976 2
16.3985 0.612338 0.184337 -0.0213578 2
16.4902 0.612957 0.182028 -0.0211381 2
16.5838 0.614003 0.179593 -0.0199236 2
16.6794 0.614635 0.178312 -0.0193217 2
16.7683 0.614867 0.175608 -0.0206868 2
16.8614 0.615378 0.17373 -0.0207845 2
16.9618 0.616487 0.17061 -0.0194581 2
17.0426 0.617218 0.168376 -0.0190043 2
17.1669 0.617999 0.165611 -0.0184254 2
17.268 0.618251 0.162607 -0.0191545 2
17.3524 0.618823 0.160132 -0.0213416 2
17.4438 0.620264 0.157205 -0.0201624 2
17.5454 0.6208 0.153912 -0.0205056 2
17.6257 0.621707 0.151277 -0.018429 2
17.7211 0.622726 0.147929 -0.0188865 2
17.8187 0.623652 0.144724 -0.0181109 2
17.9101 0.624003 0.141368 -0.0201685 2
18.0027 0.625425 0.137755 -0.01946 2
18.1015 0.626401 0.134517 -0.0177361 2
18.1916 0.62654 0.1309 -0.0192619 2
18.2954 0.627887 0.126872 -0.0193408 2
18.389 0.628577 0.122809 -0.0196377 2
18.4729 0.628859 0.119782 -0.0188571 2
18.5766 0.630232 0.114817 -0.0170315 2
18.6793 0.630469 0.111358 -0.0193041 2
18.7696 0.63086 0.107117 -0.0194838 2
18.8607 0.632729 0.1029 -0.0169365 2
18.9717 0.633146 0.0979083 -0.0175832 2
19.0742 0.633424 0.0929726 -0.0184571 2
19.1638 0.634361 0.0893943 -0.0192149 2
19.2581 0.635547 0.0855584 -0.0175182 2
19.3494 0.635898 0.080956 -0.0188362 2
19.4347 0.636939 0.0763447 -0.0185475 2
19.5298 0.637004 0.0720074 -0.019541 2
19.6414 0.637294 0.0664024 -0.0189383 2
19.7245 0.637819 0.0627007 -0.020394 2
19.8165 0.638424 0.0578526 -0.0188667 2
19.9173 0.638586 0.0530171 -0.0201854 2
20.0135 0.639638 0.0483246 -0.0186863 2
20.1064 0.639333 0.0431395 -0.0187053 2
20.188 0.63961 0.0390246 -0.0188992 2
20.2918 0.641038 0.03375 -0.016096 2
20.38 0.640382 0.0293333 -0.0199366 2
20.4767 0.641062 0.0242259 -0.0189429 2
20.5741 0.640391 0.0194908 -0.019547 2
20.6703 0.641402 0.0144887 -0.0193964 2
20.7703 0.641585 0.00895455 -0.0189249 2
20.8717 0.641599 0.0036428 -0.0194506 2
20.9672 0.641234 -0.00139299 -0.0201362 2
21.07 0.641473 -0.00697625 -0.0198831 2
21.1588 0.641604 -0.0114501 -0.0209011 2
21.2553 0.642039 -0.0165277 -0.0190406 2
21.3396 0.641516 -0.0209709 -0.0196859 2
21.4435 0.641925 -0.0269295 -0.01818 2
21.5354 0.641724 -0.03143 -0.0208216 2
21.6409 0.641247 -0.0366518 -0.0193528 2
21.7343 0.641751 -0.0419245 -0.0210375 2
21.8391 0.641294 -0.0470098 -0.020107 2
21.937 0.640996 -0.0520821 -0.0208364 2
22.0398 0.640793 -0.0575438 -0.0201783 2
22.1326 0.640425 -0.0621714 -0.022733 2
22.2325 0.640141 -0.0671995 -0.0215063 2
22.3336 0.639774 -0.0728157 -0.0211753 2
22.4271 0.639227 -0.0783311 -0.0194654 2
22.526 0.637803 -0.0834418 -0.0202465 2
22.624 0.637949 -0.0877648 -0.0219246 2
22.721 0.636868 -0.0921375 -0.0200034 2
22.8085 0.635612 -0.0965964 -0.0193726 2
22.9131 0.635101 -0.102037 -0.017689 2
23.0047 0.63344 -0.106063 -0.0174165 2
23.1139 0.632926 -0.110957 -0.0173835 2
23.208 0.6312 -0.114243 -0.0171056 2
23.2941 0.630359 -0.118164 -0.0152609 2
23.3846 0.629994 -0.122286 -0.0156607 2
23.477 0.629189 -0.125345 -0.0155715 2
23.5718 0.628005 -0.129574 -0.014994 2
23.667 0.627214 -0.133334 -0.0147338 2
23.7576 0.6266 -0.137307 -0.0160928 2
23.8531 0.626093 -0.141775 -0.0155497 2
23.9506 0.624726 -0.144797 -0.0147908 2
24.0564 0.624336 -0.149638 -0.0147559 2
24.144 0.622634 -0.151889 -0.0156813 2
24.2397 0.622551 -0.156151 -0.0141383 2
24.3376 0.620689 -0.15896 -0.0143322 2
24.448 0.618889 -0.16256 -0.0144272 2
24.5416 0.617576 -0.166692 -0.0155132 2
24.641 0.616838 -0.169263 -0.0154689 2
24.7326 0.615873 -0.17193 -0.014509 2
24.8257 0.614958 -0.175359 -0.0148324 2
24.9168 0.614488 -0.178143 -0.0146862 2
25.0077 0.613213 -0.180722 -0.0189732 2
25.0937 0.612748 -0.183292 -0.0174433 2
25.1858 0.611787 -0.185508 -0.0177819 2
25.2765 0.61104 -0.187737 -0.0188655 2
25.3667 0.610406 -0.189912 -0.0194246 2
25.4622 0.6102 -0.192416 -0.0193783 2
25.5551 0.60946 -0.194126 -0.0192201 2
25.6543 0.608376 -0.196388 -0.020195 2
25.7569 0.607673 -0.198111 -0.0202761 2
25.8466 0.606983 -0.199963 -0.0203034 2
25.9366 0.607265 -0.201882 -0.0188577 2
26.0179 0.605698 -0.202376 -0.0189952 2
26.1165 0.606169 -0.204185 -0.0172248 2
26.2052 0.60492 -0.204748 -0.0173093 2
26.2943 0.60458 -0.205875 -0.0173103 2
26.3908 0.604321 -0.206694 -0.0155551 3
26.4823 0.603647 -0.207707 -0.0166002 3
26.5855 0.603655 -0.208524 -0.0162898 3
26.6794 0.602484 -0.209033 -0.016638 3
26.7794 0.60238 -0.208987 -0.0161655 3
26.8829 0.602344 -0.209243 -0.0163285 3
26.9742 0.601843 -0.209334 -0.0163 3
27.0861 0.602367 -0.209276 -0.0159005 3
27.174 0.602216 -0.209322 -0.0164377 3
27.2639 0.602098 -0.209281 -0.0163719 3
27.3523 0.601887 -0.209169 -0.0171898 3
27.4497 0.602783 -0.209415 -0.0166719 3
27.5363 0.601234 -0.209118 -0.0182756 3
27.635 0.601869 -0.209794 -0.0170098 3
27.729 0.601612 -0.209566 -0.0162578 3
27.8208 0.601769 -0.209847 -0.0163252 3
27.9251 0.601629 -0.210009 -0.0163839 3
28.0054 0.60158 -0.210338 -0.0165299 3
28.099 0.601608 -0.210489 -0.016366 3
28.1963 0.601799 -0.210466 -0.0159912 3
28.2869 0.601817 -0.210695 -0.0163148 3
28.3827 0.602159 -0.211072 -0.0160261 3
28.4645 0.602585 -0.211435 -0.0149179 3
28.5553 0.601796 -0.211371 -0.0152337 3
28.6525 0.602131 -0.211481 -0.0146066 3
28.754 0.602358 -0.212041 -0.0139075 3
28.8476 0.60214 -0.211821 -0.01373 3
28.9461 0.601989 -0.212038 -0.0127941 3
29.0355 0.602531 -0.212426 -0.0125138 3
29.1321 0.603303 -0.212555 -0.0107638 3
29.2258 0.60276 -0.212826 -0.011632 3
29.2258 0 0 0 5
29.3176 0.602639 -0.212614 -0.0114907 5
29.4176 0.602798 -0.213177 -0.010615 5
29.5217 0.602999 -0.21309 -0.0093253 5
29.6112 0.602807 -0.212919 -0.00996963 5
29.72 0.602794 -0.213176 -0.0096608 5
29.8079 0.602765 -0.213215 -0.00920169 5
29.9166 0.602203 -0.213135 -0.00927164 5
30.0031 0.602446 -0.21357 -0.00853042 5
30.1197 0.602466 -0.213803 -0.00803928 5
30.2176 0.6062 -0.183355 -0.0171808 5
30.3361 0.613358 -0.14452 -0.049073 5
30.4255 0.612355 -0.145511 -0.0466052 5
30.5541 0.625901 -0.139564 -0.0342772 5
30.614 0.630996 -0.153319 -0.0239808 5
30.6833 0.630588 -0.152839 -0.0223572 5
30.7772 0.630396 -0.153448 -0.020374 5
30.8594 0.630492 -0.152986 -0.0217519 5
30.9628 0.630302 -0.152535 -0.0204142 5
31.0491 0.630319 -0.152464 -0.0198698 5
31.1477 0.630574 -0.152164 -0.0218531 5
31.2345 0.630374 -0.152248 -0.0214084 5
31.3273 0.630619 -0.152355 -0.0210682 5
31.4238 0.630717 -0.152281 -0.0220669 5
31.5192 0.630626 -0.152427 -0.0205548 5
31.6134 0.630422 -0.152518 -0.0210646 5
31.692 0.630714 -0.15241 -0.0221405 5
31.7752 0.630866 -0.15253 -0.0216586 5
31.876 0.630137 -0.153134 -0.0204877 5
31.9638 0.630576 -0.152739 -0.0224351 5
32.0599 0.630252 -0.15257 -0.019978 5
32.1589 0.630707 -0.152668 -0.0221192 5
32.2509 0.630571 -0.152855 -0.020756 5
32.3486 0.630206 -0.152679 -0.0210943 5
32.4311 0.630455 -0.152461 -0.0208465 5
32.5348 0.630475 -0.152643 -0.0213452 5
32.6238 0.630168 -0.152795 -0.0205983 5
32.7177 0.63054 -0.152326 -0.0213259 5
32.8138 0.630563 -0.152608 -0.0204891 5
32.9038 0.630451 -0.152843 -0.0219473 5
32.9905 0.630659 -0.15296 -0.0213858 5
33.086 0.630453 -0.153001 -0.0217427 5
33.1687 0.630217 -0.152713 -0.0206946 5
33.2598 0.630348 -0.152676 -0.0208005 5
33.3593 0.630362 -0.152978 -0.0218241 5
33.4421 0.630489 -0.152554 -0.0215651 5
33.5336 0.630487 -0.152726 -0.0232789 5
33.6265 0.630669 -0.152146 -0.0226087 5
33.7157 0.630295 -0.152791 -0.0204762 5
33.8145 0.630646 -0.152377 -0.022404 5
33.8968 0.630421 -0.152932 -0.0214481 5
33.989 0.630959 -0.152587 -0.0233234 5
34.0811 0.63072 -0.152541 -0.0233453 5
34.1681 0.630495 -0.152545 -0.0208072 5
34.2604 0.630516 -0.152742 -0.0215212 5
34.361 0.630397 -0.152314 -0.0207433 5
34.4514 0.630465 -0.152741 -0.0210243 5
34.5527 0.630453 -0.152761 -0.0212631 5
34.6441 0.630314 -0.152933 -0.0206771 5
34.739 0.630528 -0.152855 -0.0216723 5
34.8297 0.630697 -0.15251 -0.0228214 5
34.9133 0.630944 -0.152654 -0.023036 5
35.0133 0.630543 -0.152851 -0.0221519 5
35.1062 0.63073 -0.152673 -0.0230845 5
35.188 0.630505 -0.152808 -0.0207728 5
35.2885 0.630212 -0.152839 -0.0203844 5
35.3707 0.630305 -0.152748 -0.0219243 5
35.4654 0.630523 -0.152807 -0.0223 5
35.5601 0.630621 -0.152792 -0.021787 5
35.6533 0.630574 -0.152173 -0.0214059 5
35.7495 0.630763 -0.152754 -0.0221633 5
35.8347 0.630488 -0.152999 -0.0209806 5
35.9243 0.630578 -0.152968 -0.0216085 5
36.0262 0.630369 -0.152902 -0.0219343 5
36.1194 0.630027 -0.153232 -0.0209239 5
36.2165 0.630438 -0.152818 -0.0217922 5
36.3029 0.630942 -0.152698 -0.0231222 5
36.3883 0.630423 -0.153088 -0.0210864 5
36.4894 0.630377 -0.152988 -0.0209554 5
36.5807 0.630646 -0.152869 -0.0218946 5
36.6804 0.630603 -0.152826 -0.0215415 5
36.7687 0.631012 -0.152478 -0.024041 5
36.8561 0.630675 -0.152679 -0.0222724 5
36.9538 0.630549 -0.152669 -0.0229931 5
37.0391 0.630477 -0.152625 -0.02101 5
37.1376 0.630346 -0.152675 -0.0204219 5
37.2303 0.630938 -0.15256 -0.0226037 5
37.3204 0.630581 -0.152941 -0.0216918 5
37.4134 0.63052 -0.152853 -0.0215368 5
37.5008 0.630536 -0.152649 -0.0219814 5
37.5914 0.630544 -0.152429 -0.0211021 5
37.6924 0.630468 -0.152409 -0.0213037 5
37.7835 0.630827 -0.15175 -0.0231099 5
37.8864 0.630614 -0.151522 -0.0218725 5
37.9739 0.630545 -0.151355 -0.0191614 5
38.0652 0.630441 -0.150506 -0.0182089 5
38.1663 0.630038 -0.149977 -0.0157491 5
38.2566 0.630534 -0.148821 -0.011311 5
38.3597 0.630322 -0.149143 -0.00938752 5
38.4532 0.63028 -0.149426 -0.00506768 5
38.5503 0.630255 -0.148906 -0.00246496 5
38.6527 0.629513 -0.150997 0.000338368 5
38.7456 0.629188 -0.150155 0.00196713 5
38.8407 0.628979 -0.152065 0.00233182 5
38.9152 0.629092 -0.153324 0.00465727 5
39.0198 0.629418 -0.154034 0.00554176 5
39.1007 0.628523 -0.155565 0.00673033 5
39.2019 0.627388 -0.157473 0.00467908 5
39.2971 0.627787 -0.158834 0.00760967 5
39.3845 0.626467 -0.159578 0.00791433 5
39.4832 0.626719 -0.158987 0.0133667 5
39.5719 0.626081 -0.160169 0.016635 5
39.6644 0.626036 -0.159241 0.0211592 5
39.7652 0.625424 -0.159648 0.0233215 5
39.8439 0.624771 -0.159638 0.0278382 5
39.9453 0.625469 -0.159433 0.0323652 5
40.0377 0.625072 -0.159092 0.0353168 5
40.1296 0.6245 -0.16024 0.0398465 5
40.2244 0.624586 -0.159432 0.0439667 5
40.3122 0.625028 -0.160305 0.0474688 5
40.4054 0.625828 -0.159859 0.0518327 5
40.5018 0.625315 -0.15958 0.0581323 5
40.5952 0.626257 -0.158577 0.0708724 5
40.7016 0.626889 -0.157317 0.0758905 5
40.7855 0.625857 -0.15852 0.0805826 5
40.8897 0.626782 -0.159289 0.0832155 5
40.9862 0.625515 -0.159146 0.0842443 5
41.0933 0.624843 -0.158302 0.0919355 5
41.1872 0.624776 -0.157853 0.0953765 5
41.2798 0.625029 -0.158788 0.100982 5
41.3746 0.625299 -0.157877 0.10487 5
41.4683 0.624815 -0.158894 0.110307 5
41.5627 0.624837 -0.15861 0.113936 5
41.6726 0.624065 -0.156113 0.120393 5
41.7632 0.623882 -0.157148 0.121418 5
41.8484 0.62443 -0.15628 0.124524 5
41.9262 0.62397 -0.156275 0.124099 5
42.0203 0.624145 -0.1562 0.124361 5
42.1236 0.624792 -0.156729 0.12376 5
42.2176 0.624391 -0.156814 0.122987 5
42.3047 0.623822 -0.156444 0.123542 5
42.4084 0.624805 -0.156084 0.125251 5
42.4946 0.624363 -0.156619 0.124076 5
42.5794 0.625067 -0.156731 0.123473 5
42.6795 0.62505 -0.156488 0.124228 5
42.7666 0.624419 -0.156416 0.124381 5
42.8633 0.624403 -0.156564 0.124291 5
42.9536 0.625277 -0.156609 0.123387 5
43.0575 0.624373 -0.156805 0.123384 5
43.146 0.624353 -0.156757 0.123083 5
43.2414 0.624759 -0.156553 0.124307 5
43.3301 0.624001 -0.156536 0.122685 5
43.4283 0.624889 -0.156424 0.12409 5
43.5163 0.624854 -0.156585 0.123309 5
43.6151 0.624775 -0.156827 0.123569 5
43.7092 0.624699 -0.156366 0.1235 5
43.8069 0.624204 -0.156587 0.123006 5
43.903 0.625358 -0.155965 0.124841 5
43.9924 0.624781 -0.156651 0.123803 5
44.0856 0.62512 -0.156725 0.124406 5
44.1768 0.625025 -0.156513 0.124095 5
44.2661 0.624857 -0.157012 0.122731 5
44.368 0.624847 -0.156768 0.124043 5
44.4562 0.624611 -0.156847 0.123677 5
44.5553 0.62454 -0.156696 0.123496 5
44.6439 0.625012 -0.156646 0.124305 5
44.7435 0.624644 -0.156297 0.123651 5
44.8386 0.625189 -0.156421 0.124216 5
44.9382 0.624583 -0.157167 0.122048 5
45.0339 0.624484 -0.156267 0.122746 5
45.1208 0.624841 -0.156408 0.124266 5
45.2239 0.625102 -0.156839 0.124294 5
45.3094 0.624551 -0.156799 0.122794 5
45.3987 0.623877 -0.15685 0.121585 5
45.4941 0.62496 -0.156533 0.124524 5
45.5851 0.624991 -0.156511 0.124302 5
45.689 0.62417 -0.157041 0.122428 5
45.7735 0.624215 -0.157154 0.123208 5
45.8612 0.625223 -0.156571 0.123407 5
45.98 0.624687 -0.15648 0.122995 5
46.0937 0.624531 -0.157096 0.123614 5
46.1917 0.624743 -0.15626 0.123486 5
46.268 0.624557 -0.157063 0.123004 5
46.3518 0.624712 -0.15679 0.123313 5
46.4318 0.624692 -0.156657 0.122987 5
46.5171 0.624796 -0.156453 0.123591 5
