29.2258 0 0 0 3 5
29.2258 0.537116 -0.303332 0.25 0 5
29.3176 0.53733 -0.297362 0.24477 0.0917733 5
29.4176 0.537388 -0.276119 0.233254 0.0999908 5
29.5217 0.537614 -0.239644 0.212648 0.104144 5
29.6112 0.538321 -0.196599 0.190187 0.0894732 5
29.72 0.539101 -0.1295 0.153895 0.108824 5
29.8079 0.539909 -0.0643901 0.118318 0.0878644 5
29.9166 0.541562 0.0292036 0.0676645 0.108754 5
30.0031 0.54228 0.114187 0.0209584 0.0865018 5
30.1197 0.543744 0.241925 -0.0489146 0.116583 5
30.2176 0.553175 0.352666 -0.11999 0.0978494 5
30.3361 0.55912 -0.265067 0.224629 0.118555 5
30.4255 0.558955 -0.266717 0.222503 0.0893242 5
30.5541 0.545105 -0.27325 0.209911 0.128604 5
30.614 0.540037 -0.259496 0.199572 0.0599186 5
30.6833 0.540433 -0.260042 0.19788 0.0692935 5
30.7772 0.540655 -0.259406 0.195876 0.0939343 5
30.8594 0.540587 -0.259924 0.197321 0.0822277 5
30.9628 0.54084 -0.260352 0.196072 0.103359 5
31.0491 0.540846 -0.260447 0.195568 0.0863001 5
31.1477 0.540606 -0.260751 0.197596 0.0986333 5
31.2345 0.540828 -0.260636 0.197135 0.0867612 5
31.3273 0.540575 -0.260528 0.196753 0.092819 5
31.4238 0.540453 -0.260641 0.197771 0.0965066 5
31.5192 0.540543 -0.260494 0.196234 0.0954306 5
31.6134 0.540701 -0.260486 0.196737 0.0941124 5
31.692 0.540358 -0.260691 0.197818 0.0785985 5
31.7752 0.540189 -0.260613 0.197316 0.0832326 5
31.876 0.540926 -0.260018 0.196174 0.100789 5
31.9638 0.54047 -0.26046 0.198096 0.0878437 5
32.0599 0.540784 -0.260632 0.195647 0.0961301 5
32.1589 0.540327 -0.260536 0.197795 0.0989232 5
32.2509 0.540451 -0.260354 0.196435 0.0920398 5
32.3486 0.54083 -0.260506 0.196781 0.0976429 5
32.4311 0.540572 -0.260743 0.196531 0.0825207 5
32.5348 0.540572 -0.260534 0.197004 0.103742 5
32.6238 0.540877 -0.260386 0.196256 0.0890195 5
32.7177 0.540508 -0.26085 0.196996 0.0938804 5
32.8138 0.540488 -0.26057 0.196175 0.0960536 5
32.9038 0.540599 -0.260335 0.19762 0.0900183 5
32.9905 0.540373 -0.260244 0.197048 0.0866866 5
33.086 0.540581 -0.260201 0.197406 0.09554 5
33.1687 0.540828 -0.260491 0.196377 0.0826585 5
33.2598 0.540669 -0.260518 0.196464 0.0911372 5
33.3593 0.54068 -0.26021 0.197514 0.0994864 5
33.4421 0.540561 -0.260623 0.197238 0.0828094 5
33.5336 0.54056 -0.260442 0.198953 0.0915079 5
33.6265 0.540383 -0.261018 0.198258 0.0928378 5
33.7157 0.540767 -0.260367 0.196164 0.0892887 5
33.8145 0.540401 -0.260806 0.198096 0.0987303 5
33.8968 0.540614 -0.260272 0.197134 0.0823436 5
33.989 0.540069 -0.2606 0.19898 0.0922153 5
34.0811 0.540314 -0.260633 0.199002 0.0921047 5
34.1681 0.540543 -0.260645 0.196498 0.0869322 5
34.2604 0.540529 -0.260425 0.197171 0.0923531 5
34.361 0.540638 -0.260859 0.196421 0.100567 5
34.4514 0.540572 -0.260425 0.196691 0.0903642 5
34.5527 0.54059 -0.260415 0.196953 0.101363 5
34.6441 0.540727 -0.260245 0.19635 0.0913682 5
34.739 0.54052 -0.260321 0.197341 0.0949543 5
34.8297 0.54034 -0.26067 0.198487 0.0906227 5
34.9133 0.540105 -0.260502 0.198685 0.0836504 5
35.0133 0.540482 -0.260354 0.197807 0.100019 5
35.1062 0.540299 -0.260525 0.198768 0.0928521 5
35.188 0.540538 -0.260374 0.196448 0.0817816 5
35.2885 0.540831 -0.260345 0.19606 0.100538 5
35.3707 0.540717 -0.260444 0.197594 0.0822043 5
35.4654 0.540505 -0.260392 0.197936 0.0946577 5
35.5601 0.540412 -0.260358 0.19745 0.094728 5
35.6533 0.54047 -0.26098 0.197073 0.0932324 5
35.7495 0.540271 -0.260426 0.197814 0.096195 5
35.8347 0.54055 -0.260167 0.19663 0.085222 5
35.9243 0.540454 -0.260212 0.197285 0.0895598 5
36.0262 0.540674 -0.260287 0.197606 0.101941 5
36.1194 0.541014 -0.259944 0.196573 0.0931489 5
36.2165 0.540618 -0.260343 0.197454 0.097105 5
36.3029 0.540095 -0.260482 0.198768 0.0863564 5
36.3883 0.540638 -0.260066 0.196772 0.0854135 5
36.4894 0.540654 -0.260191 0.19661 0.101102 5
36.5807 0.540381 -0.260309 0.197545 0.0913577 5
36.6804 0.540431 -0.260385 0.19722 0.0996952 5
36.7687 0.540021 -0.260701 0.199701 0.0882561 5
36.8561 0.540381 -0.260468 0.197953 0.0874403 5
36.9538 0.54048 -0.260517 0.198659 0.0976489 5
37.0391 0.540575 -0.260524 0.196676 0.0853379 5
37.1376 0.540705 -0.260503 0.196087 0.0985367 5
37.2303 0.540113 -0.260592 0.198292 0.0926406 5
37.3204 0.540471 -0.260228 0.197382 0.0901363 5
37.4134 0.540516 -0.26035 0.197216 0.0929945 5
37.5008 0.540515 -0.260513 0.197645 0.0874369 5
37.5914 0.540489 -0.260745 0.197228 0.0905583 5
37.6924 0.540569 -0.260688 0.202102 0.101035 5
37.7835 0.540249 -0.261388 0.208784 0.091089 5
37.8864 0.540453 -0.261611 0.212247 0.102909 5
37.9739 0.540516 -0.26177 0.213954 0.0874827 5
38.0652 0.540626 -0.262658 0.217803 0.09127 5
38.1663 0.541007 -0.263159 0.2201 0.101059 5
38.2566 0.540505 -0.264338 0.220126 0.0903864 5
38.3597 0.540737 -0.26403 0.223415 0.103046 5
38.4532 0.540737 -0.263727 0.223861 0.0935359 5
38.5503 0.540789 -0.264263 0.226151 0.0971022 5
38.6527 0.541565 -0.262197 0.228507 0.102416 5
38.7456 0.541886 -0.263022 0.23172 0.0928643 5
38.8407 0.542091 -0.261071 0.23608 0.0951326 5
38.9152 0.541983 -0.259805 0.237263 0.074445 5
39.0198 0.541635 -0.259109 0.241712 0.104615 5
39.1007 0.542575 -0.257573 0.244555 0.08092 5
39.2019 0.543691 -0.255674 0.251735 0.10115 5
39.2971 0.543269 -0.254293 0.253596 0.0952296 5
39.3845 0.544598 -0.253567 0.257693 0.0874441 5
39.4832 0.544352 -0.254166 0.257142 0.0986114 5
39.5719 0.544975 -0.252998 0.258194 0.0887687 5
39.6644 0.54502 -0.253929 0.258025 0.0924764 5
39.7652 0.545656 -0.25349 0.26113 0.100779 5
39.8439 0.546314 -0.253493 0.260655 0.0786893 5
39.9453 0.545575 -0.253688 0.261178 0.101387 5
40.0377 0.546 -0.254009 0.262652 0.092406 5
40.1296 0.546574 -0.252907 0.263087 0.0919313 5
40.2244 0.546476 -0.253697 0.26367 0.0947742 5
40.3122 0.546016 -0.252839 0.264528 0.0878813 5
40.4054 0.545227 -0.253285 0.264642 0.0932055 5
40.5018 0.545736 -0.253586 0.263102 0.0963213 5
40.5952 0.54479 -0.254594 0.255041 0.0934269 5
40.7016 0.544165 -0.255863 0.255343 0.106396 5
40.7855 0.545177 -0.254634 0.25509 0.0838668 5
40.8897 0.544255 -0.253849 0.257577 0.104285 5
40.9862 0.545547 -0.253991 0.261417 0.0964413 5
41.0933 0.546227 -0.254838 0.258896 0.107105 5
41.1872 0.5463 -0.255289 0.260242 0.0938883 5
41.2798 0.546051 -0.254373 0.259073 0.0926337 5
41.3746 0.545771 -0.255292 0.259919 0.0947456 5
41.4683 0.546276 -0.254225 0.259199 0.0937271 5
41.5627 0.546271 -0.254522 0.258091 0.0943756 5
41.6726 0.547033 -0.256969 0.251664 0.109919 5
41.7632 0.547206 -0.255963 0.250665 0.0905819 5
41.8484 0.546693 -0.256786 0.247488 0.085187 5
41.9262 0.547114 -0.256835 0.247958 0.0778663 5
42.0203 0.54693 -0.256931 0.247699 0.0940385 5
42.1236 0.54632 -0.256373 0.248256 0.103385 5
42.2176 0.546699 -0.256273 0.249044 0.0939732 5
42.3047 0.547283 -0.256667 0.248471 0.0871325 5
42.4084 0.546272 -0.25705 0.246786 0.103673 5
42.4946 0.546715 -0.256496 0.247954 0.0861666 5
42.5794 0.546034 -0.256363 0.248544 0.0848053 5
42.6795 0.546054 -0.256607 0.247797 0.100132 5
42.7666 0.546673 -0.256702 0.247627 0.0871055 5
42.8633 0.546707 -0.256542 0.247716 0.0967026 5
42.9536 0.545824 -0.256495 0.248638 0.0902336 5
43.0575 0.546723 -0.25631 0.248641 0.103951 5
43.146 0.546743 -0.256343 0.248939 0.0884864 5
43.2414 0.546332 -0.256559 0.247733 0.0954299 5
43.3301 0.547091 -0.256567 0.24934 0.0886724 5
43.4283 0.546196 -0.2567 0.247921 0.0982068 5
43.5163 0.546261 -0.256483 0.248716 0.0879416 5
43.6151 0.546304 -0.256319 0.248458 0.0988512 5
43.7092 0.546391 -0.256746 0.248527 0.0940588 5
43.8069 0.546887 -0.256529 0.249012 0.0977266 5
43.903 0.545745 -0.257113 0.2472 0.0961204 5
43.9924 0.546305 -0.256457 0.248224 0.0894296 5
44.0856 0.545982 -0.256366 0.247596 0.0931883 5
44.1768 0.546067 -0.256589 0.247955 0.0911977 5
44.2661 0.546227 -0.256079 0.249295 0.0892599 5
44.368 0.546246 -0.25634 0.247995 0.101945 5
44.4562 0.54648 -0.25626 0.248358 0.0881305 5
44.5553 0.546553 -0.256431 0.248551 0.0991645 5
44.6439 0.546075 -0.25647 0.247719 0.0886111 5
44.7435 0.546443 -0.256835 0.248395 0.0995748 5
44.8386 0.545897 -0.256681 0.247825 0.0951312 5
44.9382 0.54651 -0.255944 0.249985 0.0995364 5
45.0339 0.546604 -0.256814 0.249288 0.0957534 5
45.1208 0.546252 -0.256693 0.247754 0.0868402 5
45.2239 0.545981 -0.256292 0.247747 0.103096 5
45.3094 0.546534 -0.25631 0.249257 0.0855441 5
45.3987 0.547205 -0.256252 0.250447 0.089329 5
45.4941 0.546124 -0.256576 0.247521 0.0953176 5
45.5851 0.546118 -0.256581 0.247743 0.0910439 5
45.689 0.546913 -0.256065 0.249611 0.103871 5
45.7735 0.546867 -0.255945 0.248798 0.0844862 5
45.8612 0.54586 -0.256527 0.248645 0.0877068 5
45.98 0.546409 -0.256628 0.249025 0.118829 5
46.0937 0.546536 -0.256046 0.24839 0.11372 5
46.1917 0.546351 -0.25684 0.24854 0.0979614 5
46.268 0.546544 -0.256031 0.248996 0.0763364 5
46.3518 0.546368 -0.256339 0.248722 0.0837746 5
46.4318 0.546407 -0.256461 0.249017 0.0800285 5
46.5171 0.546288 -0.256655 0.248459 0.0852342 5
