0.557798 -0.131792 -0.0674
0.5578 -0.131805 -0.0671256
0.557767 -0.131745 -0.0670458
0.557813 -0.131805 -0.0669694
0.557802 -0.131819 -0.0670756
0.557792 -0.131834 -0.0672915
0.557736 -0.131629 -0.067239
0.557757 -0.131826 -0.0672485
0.557741 -0.131826 -0.0669312
0.557827 -0.131778 -0.0666746
0.557798 -0.13183 -0.0670335
0.557763 -0.131803 -0.066478
0.557754 -0.131791 -0.0668079
0.557817 -0.13177 -0.0670082
0.557806 -0.131678 -0.0664468
0.557736 -0.131786 -0.0670234
0.557779 -0.131649 -0.0673454
0.553491 -0.135911 -0.0674417
0.548183 -0.140723 -0.0679437
0.544768 -0.144075 -0.0667575
0.543142 -0.146091 -0.0674368
0.541625 -0.148338 -0.0665912
0.540448 -0.14858 -0.0654439
0.539733 -0.150487 -0.0648358
0.539267 -0.150381 -0.064443
0.53884 -0.151433 -0.0638009
0.538641 -0.151614 -0.0637031
0.538447 -0.153233 -0.0624486
0.538416 -0.153015 -0.0622511
0.538062 -0.153954 -0.0619735
0.538352 -0.15398 -0.0611618
0.538444 -0.154585 -0.0617343
0.537692 -0.156091 -0.0595828
0.537911 -0.155519 -0.0595144
0.537882 -0.155452 -0.0588392
0.53841 -0.156443 -0.0585595
0.538384 -0.156906 -0.0576198
0.538823 -0.157459 -0.0566919
0.539072 -0.157687 -0.0566351
0.538934 -0.158536 -0.0554756
0.538705 -0.16076 -0.055786
0.538579 -0.160949 -0.0546337
0.53914 -0.160945 -0.0539492
0.539842 -0.162344 -0.0538824
0.539548 -0.162095 -0.0520932
0.540981 -0.161078 -0.0522975
0.540116 -0.159515 -0.0519557
0.540328 -0.159002 -0.0518597
0.540227 -0.159343 -0.0507069
0.540491 -0.161257 -0.0494044
0.540865 -0.163427 -0.0488844
0.541021 -0.16148 -0.0483763
0.540197 -0.160126 -0.0475893
0.540675 -0.161504 -0.046442
0.540827 -0.160859 -0.0465328
0.540749 -0.161133 -0.0453745
0.540684 -0.16079 -0.0446909
0.540973 -0.161376 -0.0435982
0.541358 -0.161419 -0.0437601
0.541156 -0.160461 -0.0436341
0.541871 -0.161698 -0.0425148
0.541794 -0.161244 -0.0426581
0.541222 -0.162342 -0.0407142
0.541505 -0.161584 -0.0407026
0.541018 -0.162174 -0.0400749
0.540734 -0.16304 -0.0394781
0.540787 -0.162267 -0.0378893
0.541314 -0.162354 -0.0390702
0.541391 -0.162698 -0.0371
0.541249 -0.163453 -0.0365064
0.542042 -0.163301 -0.0363024
0.542052 -0.16352 -0.035349
0.541926 -0.16293 -0.0356689
0.541563 -0.162169 -0.0342086
0.541667 -0.162905 -0.0342593
0.541886 -0.162909 -0.0333487
0.541866 -0.162988 -0.0328276
0.542457 -0.165043 -0.0313045
0.542589 -0.16395 -0.0314571
0.542959 -0.164682 -0.0302943
0.542713 -0.164234 -0.0307758
0.543301 -0.164969 -0.0288396
0.542914 -0.164547 -0.0296977
0.543074 -0.164715 -0.0287407
0.543508 -0.165306 -0.0266376
0.543862 -0.164922 -0.0273666
0.543766 -0.165654 -0.026788
0.544086 -0.166247 -0.026445
0.54453 -0.166626 -0.0263689
0.545043 -0.166571 -0.0255731
0.544705 -0.166749 -0.0237333
0.545197 -0.167509 -0.0243186
0.545167 -0.167216 -0.0229359
0.54513 -0.16736 -0.0223038
0.545083 -0.167269 -0.0211076
0.544496 -0.167079 -0.020331
0.545027 -0.167379 -0.021169
0.545109 -0.167451 -0.0189528
0.545067 -0.167649 -0.019286
0.544927 -0.167527 -0.0180485
0.545025 -0.167681 -0.018479
0.54565 -0.168517 -0.0175383
0.545287 -0.168016 -0.0164471
0.545433 -0.168968 -0.0160407
0.546073 -0.16937 -0.0152239
0.545695 -0.169776 -0.0144308
0.545806 -0.169384 -0.0135397
0.546124 -0.169562 -0.0135322
0.546056 -0.169522 -0.0140175
0.546129 -0.170042 -0.0115452
0.546713 -0.172981 -0.0114808
0.545839 -0.170492 -0.0113523
0.547062 -0.171985 -0.00997604
0.546713 -0.17161 -0.00921553
0.546209 -0.17204 -0.00963908
0.547246 -0.172828 -0.00852088
0.546626 -0.172906 -0.0074102
0.54688 -0.172201 -0.00706591
0.54731 -0.172395 -0.00531298
0.547528 -0.172062 -0.00506648
0.547112 -0.172506 -0.00482871
0.547601 -0.174271 -0.00368756
0.54858 -0.173964 -0.00331409
0.547646 -0.173842 -0.00350003
0.548489 -0.174544 -0.00182015
0.548414 -0.174612 -0.00280313
0.548086 -0.174078 -0.00100745
0.547658 -0.174401 -0.00150056
0.54797 -0.174069 -0.000614226
0.54815 -0.173348 0.000171542
0.547946 -0.173499 0.0010393
0.548181 -0.173782 0.000538833
