0.496726 -0.146731 0.171342
0.496729 -0.146717 0.171341
0.496733 -0.14673 0.171336
0.496734 -0.146717 0.171348
0.49673 -0.146717 0.171343
0.496725 -0.146714 0.171328
0.496743 -0.146717 0.171344
0.496714 -0.146735 0.17133
0.49672 -0.146704 0.171334
0.496724 -0.146716 0.171321
0.496721 -0.146728 0.171336
0.496729 -0.14673 0.171353
0.49674 -0.146718 0.171348
0.49675 -0.146688 0.171349
0.49673 -0.146722 0.171345
0.496726 -0.146725 0.171362
0.496746 -0.146732 0.171359
0.496901 -0.147055 0.17223
0.497089 -0.147404 0.17322
0.497249 -0.147697 0.174314
0.497323 -0.147851 0.174616
0.497535 -0.148105 0.175671
0.497668 -0.148328 0.176381
0.497743 -0.148596 0.177002
0.497934 -0.148764 0.177761
0.498076 -0.149064 0.178764
0.498154 -0.149262 0.179389
0.498308 -0.149485 0.179929
0.498372 -0.149667 0.180545
0.498501 -0.149894 0.181146
0.498598 -0.150119 0.181925
0.498656 -0.150227 0.182119
0.498777 -0.150521 0.183081
0.498864 -0.150664 0.183438
0.499033 -0.150992 0.184471
0.499151 -0.151273 0.185313
0.499314 -0.151491 0.185966
0.499424 -0.151787 0.186853
0.499517 -0.152007 0.187484
0.499657 -0.152282 0.188326
0.499787 -0.152442 0.188878
0.499813 -0.152624 0.189278
0.499972 -0.152833 0.1901
0.500035 -0.153006 0.190526
0.500152 -0.153228 0.191075
0.500244 -0.153468 0.191804
0.500324 -0.15372 0.192427
0.500451 -0.15396 0.193165
0.500605 -0.154243 0.19399
0.500677 -0.154416 0.194504
0.500836 -0.154733 0.195483
0.500925 -0.15499 0.196223
0.501071 -0.15522 0.197019
0.501197 -0.155507 0.197855
0.501337 -0.155713 0.198475
0.501438 -0.155991 0.199164
0.501529 -0.156203 0.199811
0.501587 -0.156363 0.200297
0.501696 -0.15663 0.20091
0.501762 -0.156748 0.20133
0.501846 -0.157043 0.202132
0.502013 -0.157244 0.202856
0.502098 -0.157518 0.203659
0.502242 -0.157767 0.204285
0.502388 -0.158 0.205057
0.502395 -0.158169 0.205258
0.502509 -0.158417 0.206115
0.502583 -0.158663 0.206718
0.502756 -0.15896 0.207623
0.502841 -0.159211 0.208302
0.502946 -0.159451 0.209069
0.503015 -0.159574 0.209371
0.503128 -0.159805 0.210038
0.503227 -0.160087 0.210903
0.503331 -0.160342 0.211689
0.503361 -0.160462 0.21192
0.503485 -0.160721 0.212607
0.503624 -0.161036 0.213548
0.503721 -0.16126 0.214217
0.503832 -0.161579 0.21495
0.503947 -0.161857 0.215824
0.504069 -0.162004 0.216313
0.504125 -0.162202 0.21677
0.504212 -0.162454 0.217599
0.504296 -0.162764 0.218333
0.504396 -0.162954 0.219013
0.504482 -0.163201 0.219716
0.504588 -0.163458 0.220238
0.504612 -0.163667 0.220672
0.504778 -0.163997 0.221699
0.50488 -0.164238 0.22253
0.505013 -0.164525 0.223146
0.50504 -0.164721 0.223698
0.505148 -0.164997 0.224354
0.505236 -0.165229 0.225093
0.505308 -0.165474 0.225702
0.505468 -0.165781 0.226619
0.50547 -0.165945 0.226914
0.505578 -0.166181 0.227662
0.505677 -0.16637 0.228272
0.505788 -0.166576 0.228835
0.505851 -0.166852 0.229507
0.505904 -0.166988 0.229954
0.506002 -0.167262 0.230761
0.506087 -0.167497 0.231342
0.506174 -0.167817 0.232186
0.506276 -0.168068 0.232753
0.506316 -0.168215 0.233216
0.506432 -0.16843 0.234022
0.506553 -0.168712 0.234755
0.506651 -0.168971 0.235469
0.506707 -0.169261 0.236221
0.506805 -0.169564 0.236982
0.506898 -0.169823 0.237707
0.506983 -0.170005 0.238208
0.507039 -0.170297 0.238829
0.507142 -0.170571 0.239601
0.507169 -0.170707 0.240082
0.50732 -0.171033 0.240875
0.507379 -0.171221 0.241364
0.507446 -0.171455 0.242016
0.507487 -0.171727 0.242518
0.507578 -0.171974 0.243285
0.50763 -0.172166 0.243887
0.507742 -0.172457 0.24462
0.507725 -0.172572 0.244814
0.507868 -0.172863 0.24573
0.507858 -0.172839 0.245608
0.507853 -0.172842 0.245583
0.507879 -0.172827 0.245642
0.507847 -0.172851 0.245672
0.507857 -0.172841 0.245683
