-4.76837e-07 0.64044 -0.185947 0.175069
0.130649 0.640443 -0.185974 0.175095
0.267303 0.64045 -0.185951 0.175095
0.384856 0.640445 -0.18595 0.175058
0.502541 0.64044 -0.185971 0.175079
0.644273 0.640435 -0.185975 0.175073
0.791937 0.640446 -0.185973 0.17509
0.927913 0.640442 -0.185963 0.175088
1.0739 0.640453 -0.185917 0.175084
1.21351 0.640449 -0.18594 0.17509
1.34772 0.640447 -0.185961 0.175086
1.48735 0.640453 -0.185965 0.175078
1.61917 0.640444 -0.185939 0.1751
1.75825 0.640442 -0.185951 0.175093
1.87629 0.640444 -0.185956 0.175107
2.00285 0.640459 -0.185956 0.175064
2.12132 0.64045 -0.18597 0.175104
2.24541 0.640459 -0.185957 0.175102
2.35431 0.640439 -0.185971 0.175107
2.47362 0.640443 -0.185957 0.175078
2.58698 0.640453 -0.18594 0.175086
2.7131 0.640442 -0.185955 0.175086
2.83672 0.640448 -0.185963 0.175079
2.96068 0.640439 -0.185962 0.175074
3.07454 0.640441 -0.18597 0.17511
3.19202 0.640454 -0.185956 0.175104
3.3142 0.640438 -0.185956 0.17509
3.43088 0.640438 -0.185962 0.175092
3.57044 0.640457 -0.185955 0.175099
3.69787 0.640446 -0.185939 0.175094
3.83093 0.640444 -0.185982 0.1751
3.95436 0.640449 -0.185959 0.175096
4.06613 0.640435 -0.185971 0.175073
4.18037 0.640446 -0.185941 0.175066
4.30117 0.640452 -0.185965 0.175095
4.44379 0.64044 -0.185964 0.175076
4.59623 0.640439 -0.18598 0.175062
4.72965 0.640447 -0.185947 0.175088
4.86779 0.640429 -0.185972 0.175093
5.00685 0.640452 -0.185936 0.1751
5.13797 0.640433 -0.18598 0.175073
5.27671 0.640445 -0.185941 0.175092
5.42217 0.640446 -0.185956 0.175109
5.55258 0.64045 -0.185964 0.175091
5.70994 0.640443 -0.185965 0.17508
5.81058 0.640447 -0.185967 0.175068
5.95862 0.640451 -0.185965 0.175094
6.07439 0.640437 -0.185987 0.175073
6.21832 0.640446 -0.185965 0.175104
6.35748 0.640451 -0.185963 0.175103
6.49403 0.640427 -0.18597 0.175069
6.62827 0.64045 -0.185949 0.175113
6.78546 0.640447 -0.185943 0.175058
6.93043 0.640427 -0.185981 0.175082
7.05229 0.64044 -0.185962 0.175095
7.17582 0.640444 -0.185981 0.1751
7.29737 0.640438 -0.18595 0.175085
7.4227 0.640439 -0.185964 0.175074
7.56807 0.640433 -0.185945 0.175068
7.69557 0.640438 -0.185979 0.17509
7.83162 0.640443 -0.186011 0.175112
7.96529 0.640451 -0.185958 0.175099
8.09873 0.640445 -0.18595 0.175097
8.23427 0.64044 -0.185987 0.175086
8.36648 0.64044 -0.185962 0.175075
8.52073 0.640451 -0.185947 0.175087
8.68347 0.640445 -0.185991 0.175104
8.80579 0.640435 -0.185987 0.175061
8.92795 0.640446 -0.185941 0.175085
9.07127 0.640457 -0.185932 0.175088
9.23596 0.640457 -0.185933 0.175117
9.37171 0.640285 -0.185802 0.175459
9.48724 0.639862 -0.185291 0.176028
9.60269 0.639339 -0.184661 0.176795
9.70539 0.638825 -0.183874 0.177664
9.83888 0.637871 -0.182844 0.179138
9.94578 0.636992 -0.18182 0.180429
10.0605 0.635823 -0.18051 0.182103
10.1862 0.634494 -0.178948 0.184156
10.3235 0.63271 -0.176851 0.186779
10.4542 0.63092 -0.174907 0.189402
10.5762 0.629057 -0.172948 0.192012
10.6932 0.627189 -0.170872 0.194569
10.8177 0.62484 -0.168343 0.19763
10.9419 0.622515 -0.165961 0.200782
11.0708 0.619825 -0.163322 0.204117
11.1913 0.617025 -0.16051 0.207712
11.3039 0.614356 -0.157859 0.210877
11.4286 0.611134 -0.154888 0.214667
11.5535 0.607968 -0.151948 0.218269
11.6851 0.604469 -0.148724 0.222205
11.795 0.601169 -0.145946 0.225802
11.9078 0.597713 -0.142946 0.229276
12.0242 0.593926 -0.13983 0.233157
12.153 0.590056 -0.136641 0.237118
12.2782 0.585383 -0.132872 0.241546
12.4097 0.580761 -0.129488 0.245602
12.5455 0.575838 -0.125709 0.250072
12.6774 0.570889 -0.122279 0.25419
12.7911 0.566201 -0.118952 0.258094
12.9122 0.561416 -0.11572 0.261903
13.0264 0.556467 -0.112388 0.265626
13.1324 0.552025 -0.109644 0.268728
13.2614 0.546562 -0.106206 0.272725
13.3887 0.541297 -0.103081 0.27627
13.4934 0.53623 -0.100154 0.279493
13.601 0.531509 -0.0974382 0.282422
13.7191 0.526017 -0.094462 0.285821
13.8272 0.520806 -0.0916219 0.288773
13.9366 0.516252 -0.0893764 0.291376
14.0593 0.510223 -0.0863003 0.294693
14.1682 0.504798 -0.0837296 0.297361
14.29 0.499404 -0.0811469 0.299907
14.4174 0.493231 -0.0784256 0.302936
14.5297 0.487404 -0.0758149 0.305414
14.6406 0.481929 -0.0735997 0.307736
14.7373 0.477302 -0.0716218 0.309646
14.8254 0.472599 -0.0697738 0.311493
14.9505 0.466737 -0.0675764 0.313571
15.0509 0.4617 -0.0656269 0.31538
15.1681 0.456336 -0.0637498 0.3172
15.2927 0.450577 -0.061733 0.31888
15.3897 0.445617 -0.0601284 0.320368
15.5003 0.440389 -0.0583579 0.321931
15.6261 0.434833 -0.0567118 0.323326
15.716 0.430414 -0.0554192 0.324366
15.8311 0.425388 -0.0538969 0.325527
15.9717 0.418984 -0.0521417 0.32689
16.0706 0.414785 -0.0509687 0.327615
16.1769 0.410356 -0.0498407 0.328435
16.2904 0.405697 -0.0486932 0.329318
16.3797 0.401783 -0.0477288 0.329896
16.5083 0.396631 -0.0466217 0.330574
16.6049 0.392904 -0.0457449 0.331048
16.7249 0.388421 -0.0447787 0.33157
16.8401 0.384298 -0.0439696 0.332012
16.9675 0.379538 -0.0429806 0.332328
17.0726 0.376047 -0.0423161 0.332597
17.1808 0.372662 -0.041757 0.332877
17.2903 0.36921 -0.041096 0.333068
17.4091 0.365677 -0.0404565 0.333169
17.5394 0.362076 -0.0399563 0.333277
17.6444 0.359347 -0.0395153 0.333294
17.7642 0.35642 -0.0390183 0.333382
17.8745 0.353853 -0.0386366 0.33338
17.9843 0.351589 -0.0383591 0.333378
18.0977 0.349398 -0.0380651 0.333339
18.2245 0.347136 -0.0377822 0.333272
18.3186 0.345586 -0.0375215 0.333256
18.4301 0.343969 -0.0373164 0.333201
18.5463 0.342497 -0.0371425 0.333131
18.6299 0.341557 -0.0370217 0.333124
18.7449 0.340555 -0.0369552 0.333074
18.8662 0.33974 -0.0368581 0.333048
18.9736 0.339248 -0.0368044 0.333049
19.0847 0.338974 -0.0367664 0.333
19.2052 0.338918 -0.0367316 0.332979
19.3616 0.338902 -0.0367323 0.332963
19.4805 0.338863 -0.0367375 0.332929
19.6233 0.338826 -0.0367411 0.332993
19.7885 0.33883 -0.0367364 0.333022
19.9074 0.338827 -0.0367427 0.332985
20.0387 0.338836 -0.0367537 0.332974
20.1995 0.33884 -0.0367428 0.332978
20.3305 0.338839 -0.036738 0.332977
20.4904 0.338842 -0.0367551 0.333
20.6146 0.338842 -0.0367363 0.332962
20.7138 0.338847 -0.0367342 0.332996
20.8596 0.338834 -0.0367364 0.332972
20.9781 0.338848 -0.0367322 0.332981
21.1122 0.338839 -0.03674 0.332963
21.2511 0.338843 -0.0367303 0.332998
21.3704 0.338836 -0.0367448 0.332987
21.5095 0.338833 -0.0367344 0.332976
21.6268 0.338838 -0.0367501 0.332976
21.7539 0.338841 -0.0367555 0.332973
21.8917 0.338839 -0.0367391 0.332972
22.0208 0.338836 -0.0367556 0.332992
22.1456 0.338839 -0.0367371 0.332961
22.2633 0.338847 -0.0367452 0.33299
22.392 0.338838 -0.0367413 0.332971
22.4877 0.338834 -0.0367383 0.332973
22.5746 0.33884 -0.0367408 0.332966
22.6663 0.338837 -0.0367455 0.332967
22.7518 0.338834 -0.0367421 0.332981
22.844 0.338829 -0.0367373 0.332946
22.9467 0.338835 -0.0367439 0.332972
23.0454 0.338836 -0.0367299 0.332953
23.1503 0.338844 -0.036739 0.332963
23.2526 0.338839 -0.0367382 0.332982
23.3512 0.338826 -0.036747 0.332967
