4.72069e-05 0.393152 0.130698 -0.0786911 0
0.0885267 0.392981 0.130656 -0.0791721 0
0.185496 0.392946 0.130669 -0.0788169 0
0.285554 0.393133 0.130737 -0.0792497 0
0.385161 0.392749 0.130658 -0.0799099 0
0.475289 0.393128 0.130699 -0.0795534 0
0.570672 0.393071 0.130666 -0.0790862 0
0.673677 0.392989 0.130691 -0.079495 0
0.756798 0.39317 0.130658 -0.0793227 0
0.862983 0.392972 0.130738 -0.078823 0
0.9722 0.392935 0.130613 -0.079445 0
1.06768 0.393057 0.13066 -0.0792123 0
1.16725 0.393092 0.130698 -0.0791012 0
1.26299 0.392969 0.130682 -0.0791453 0
1.37127 0.393001 0.130672 -0.0793792 0
1.50282 0.393189 0.130719 -0.0792201 0
1.63781 0.393119 0.130685 -0.0783845 0
1.76018 0.393081 0.130666 -0.0787729 0
1.87314 0.393106 0.130681 -0.0792108 0
1.98326 0.393137 0.130682 -0.07863 0
2.1034 0.39309 0.130569 -0.0785661 0
2.2454 0.393072 0.130683 -0.079192 0
2.35576 0.393072 0.130642 -0.078638 0
2.45422 0.393068 0.130657 -0.0792636 0
2.57606 0.392899 0.130741 -0.0791087 0
2.71126 0.392944 0.130697 -0.0795046 0
2.83161 0.392757 0.130681 -0.0789668 0
2.97025 0.393133 0.13065 -0.0791923 0
3.10255 0.393035 0.130649 -0.0792951 0
3.24555 0.392988 0.130765 -0.0791565 0
3.35639 0.393177 0.130753 -0.0793206 0
3.49376 0.393215 0.130664 -0.0795338 0
3.60433 0.392798 0.130742 -0.0792595 0
3.76615 0.393077 0.13077 -0.0789699 0
3.87444 0.392975 0.130739 -0.0798617 0
4.00303 0.393023 0.130635 -0.0788469 0
4.10919 0.39312 0.130642 -0.0789123 0
4.23731 0.393084 0.130753 -0.0795934 0
4.3583 0.392978 0.130606 -0.0794527 0
4.48369 0.392783 0.130715 -0.0799017 0
4.63181 0.393024 0.130723 -0.0793862 0
4.75869 0.392991 0.130653 -0.0795452 0
4.88845 0.392992 0.130698 -0.0797847 0
5.04167 0.393088 0.130673 -0.0787592 0
5.16614 0.392916 0.130715 -0.0793809 0
5.26428 0.392874 0.130652 -0.079897 0
5.38486 0.392896 0.130648 -0.0800377 0
5.51025 0.392889 0.130738 -0.0801285 0
5.62021 0.392989 0.130673 -0.0794003 0
5.74962 0.393104 0.130666 -0.0794629 0
5.88167 0.392927 0.130688 -0.0805668 0
6.01622 0.39311 0.130525 -0.0792353 0
6.14226 0.393035 0.131117 -0.079515 0
6.24631 0.393196 0.13119 -0.0799476 0
6.36631 0.393432 0.13117 -0.0789473 0
6.47199 0.393429 0.131279 -0.0791132 0
6.58869 0.393518 0.131484 -0.0790141 0
6.71527 0.393834 0.131661 -0.0776231 0
6.83188 0.393957 0.131891 -0.0775442 0
6.95143 0.393977 0.131767 -0.0763069 0
7.08199 0.394068 0.132075 -0.0768655 0
7.21002 0.394033 0.132321 -0.0752525 0
7.32656 0.394312 0.132541 -0.0739188 0
7.46122 0.394406 0.132972 -0.0731396 0
7.58844 0.394811 0.133073 -0.0723825 0
7.72068 0.395005 0.13313 -0.0706417 0
7.83042 0.395508 0.133073 -0.0686913 0
7.95588 0.395574 0.133093 -0.0662736 0
8.06387 0.395514 0.133308 -0.0637865 0
8.19829 0.395479 0.133434 -0.0635504 0
8.31677 0.395885 0.133202 -0.060052 0
8.4336 0.396167 0.134024 -0.061886 0
8.55416 0.396472 0.134142 -0.0606077 0
8.6745 0.396697 0.134113 -0.0583099 0
8.80914 0.394271 0.134654 -0.060538 0
8.939 0.393345 0.134496 -0.0588467 0
9.06406 0.393733 0.134735 -0.0584732 0
9.20135 0.393594 0.134684 -0.0560799 0
9.31688 0.394009 0.134824 -0.0536827 0
9.42287 0.394276 0.134752 -0.0532222 0
9.55096 0.393761 0.134822 -0.0511654 0
9.68153 0.39485 0.134748 -0.0489759 0
9.81106 0.394406 0.134882 -0.0486007 0
9.91754 0.395122 0.134662 -0.045197 0
10.0423 0.395523 0.134741 -0.0445497 0
10.1713 0.394404 0.134576 -0.0429314 0
10.2818 0.395004 0.134446 -0.0413392 1
10.4027 0.394798 0.134449 -0.0401027 1
10.5474 0.395254 0.134541 -0.0377984 1
10.6476 0.394036 0.134274 -0.0394941 1
10.7963 0.394327 0.134213 -0.0382444 1
10.9285 0.394799 0.134639 -0.038372 1
11.0288 0.394844 0.134471 -0.0379887 1
11.1592 0.39481 0.134498 -0.0380932 1
11.2879 0.395637 0.134401 -0.0386635 1
11.3883 0.396077 0.134172 -0.0365477 1
11.5147 0.397674 0.134201 -0.0361159 1
11.6125 0.398653 0.134406 -0.036635 1
11.7617 0.399738 0.134529 -0.0376391 1
11.8817 0.401994 0.134616 -0.0371674 1
11.9985 0.404488 0.134391 -0.0355366 1
12.1157 0.40616 0.134508 -0.0357762 1
12.2472 0.407761 0.134568 -0.036451 1
12.3681 0.410896 0.13442 -0.0345266 1
12.4749 0.412857 0.134634 -0.0335344 1
12.6122 0.41528 0.134414 -0.034223 1
12.7346 0.41877 0.134181 -0.0328414 1
12.8467 0.421351 0.134458 -0.0343856 1
12.9727 0.424108 0.134464 -0.0334813 1
13.0932 0.427387 0.13427 -0.0329789 1
13.2069 0.430021 0.13389 -0.0328954 1
13.3203 0.432508 0.133962 -0.0342016 1
13.4231 0.433814 0.133498 -0.0338736 1
13.561 0.43859 0.133988 -0.0335685 1
13.6699 0.441707 0.133837 -0.0329363 1
13.7939 0.443902 0.133855 -0.0337404 1
13.9056 0.448151 0.133926 -0.0327411 1
14.0372 0.451422 0.133897 -0.0326806 1
14.1438 0.45273 0.133568 -0.0349377 1
14.2675 0.457032 0.133685 -0.0333468 1
14.3551 0.457815 0.133605 -0.0348949 1
14.4925 0.460233 0.133301 -0.0333578 1
14.6027 0.464133 0.133205 -0.0346414 1
14.7282 0.465927 0.132818 -0.0339957 1
14.8711 0.469613 0.132804 -0.0326403 1
14.9928 0.470118 0.132665 -0.0341999 1
15.1022 0.472709 0.132385 -0.0333967 1
15.2277 0.473315 0.132439 -0.0356331 1
15.3541 0.475748 0.132173 -0.0351675 2
15.4823 0.477044 0.132292 -0.0351621 2
15.6083 0.478135 0.132113 -0.033965 2
15.7345 0.478042 0.131871 -0.0359155 2
15.8527 0.47892 0.131821 -0.0357251 2
15.9739 0.478204 0.131641 -0.0352434 2
16.0723 0.478567 0.131748 -0.0366936 2
16.1855 0.478424 0.131535 -0.0369748 2
16.3045 0.478292 0.131012 -0.0363611 2
16.4249 0.478647 0.1305 -0.0361626 2
16.5361 0.478469 0.129832 -0.0362946 2
16.6511 0.478608 0.128994 -0.035122 2
16.7787 0.479513 0.12809 -0.0344326 2
16.8822 0.479831 0.127081 -0.0341896 2
17.0195 0.480267 0.125226 -0.0350501 2
17.1443 0.48053 0.12397 -0.033862 2
17.2398 0.481118 0.122273 -0.0334389 2
17.3645 0.480836 0.120195 -0.0332537 2
17.4815 0.481355 0.118354 -0.0336681 2
17.5939 0.482044 0.116452 -0.0329222 2
17.7202 0.483148 0.114294 -0.0328447 2
17.8495 0.483678 0.111486 -0.0332757 2
17.9599 0.484131 0.109139 -0.0319038 2
18.0819 0.48484 0.106325 -0.0327304 2
18.2183 0.485343 0.103242 -0.0334408 2
18.3349 0.486976 0.100585 -0.0312824 2
18.4663 0.486698 0.0973209 -0.0337564 2
18.5595 0.488238 0.0945184 -0.0315698 2
18.6777 0.490096 0.0914027 -0.0284244 2
18.7902 0.488926 0.0878936 -0.0324338 2
18.9062 0.488977 0.0844243 -0.0329698 2
19.045 0.490654 0.0807923 -0.0312925 2
19.1601 0.491067 0.0767117 -0.0291066 2
19.2712 0.490788 0.0728609 -0.0322921 2
19.3703 0.491506 0.0693174 -0.0296467 2
19.4818 0.492597 0.0662087 -0.0327804 2
19.6081 0.493972 0.0621158 -0.0298952 2
19.7454 0.494099 0.0571866 -0.0304865 2
19.8598 0.495013 0.0528896 -0.0309798 2
19.9696 0.496709 0.0491777 -0.0305364 2
20.0789 0.49622 0.0449275 -0.0320089 2
20.1936 0.496534 0.0401831 -0.0305523 2
20.3102 0.497816 0.0358912 -0.0306149 2
20.4338 0.497209 0.0312398 -0.0307704 2
20.5695 0.498599 0.0255723 -0.0301751 2
20.6827 0.498041 0.0210274 -0.0323156 2
20.7995 0.498538 0.0158485 -0.0295774 2
20.9273 0.49916 0.0112825 -0.0309212 2
21.045 0.500181 0.00644895 -0.0290249 2
21.1829 0.50034 0.000384629 -0.0292222 2
21.286 0.501084 -0.00407508 -0.0291833 2
21.422 0.501268 -0.00941707 -0.0283662 2
21.5506 0.502059 -0.0147596 -0.0260601 2
21.6758 0.501203 -0.0203326 -0.0290563 2
21.789 0.501329 -0.0251891 -0.0314202 2
21.9169 0.501762 -0.0314053 -0.0293411 2
22.0438 0.50163 -0.036834 -0.0311222 2
22.1644 0.501367 -0.0424305 -0.0314957 2
22.2913 0.501514 -0.0478392 -0.0300117 2
22.4118 0.500888 -0.0529205 -0.0303952 2
22.5278 0.500554 -0.0582068 -0.0337106 2
22.6606 0.500166 -0.0637025 -0.0336186 2
22.7694 0.500201 -0.0681275 -0.0348056 2
22.9105 0.499678 -0.0763126 -0.0275996 2
23.0429 0.499419 -0.0814868 -0.030745 2
23.1418 0.498961 -0.0844674 -0.0331163 2
23.2603 0.498611 -0.0901381 -0.0352665 2
23.38 0.498229 -0.0951706 -0.034301 2
23.5033 0.496927 -0.100567 -0.0297893 2
23.6256 0.495555 -0.105226 -0.0287689 2
23.7431 0.495056 -0.109732 -0.0264657 2
23.8706 0.494318 -0.114176 -0.0263906 2
23.9815 0.49432 -0.117916 -0.0269971 2
24.0963 0.493393 -0.121964 -0.0263267 2
24.2296 0.491981 -0.127297 -0.0277934 2
24.3598 0.491396 -0.132069 -0.0266309 2
24.4592 0.491153 -0.135576 -0.0292836 2
24.5842 0.489534 -0.140019 -0.0289422 2
24.6981 0.48801 -0.143328 -0.0300005 2
24.8654 0.486051 -0.149322 -0.0302634 2
24.9671 0.485039 -0.152472 -0.0320393 2
25.0934 0.483908 -0.156408 -0.0342032 2
25.2145 0.482469 -0.160064 -0.0370503 2
25.3291 0.481887 -0.164208 -0.0356146 2
25.4508 0.481537 -0.16701 -0.0340373 2
25.5689 0.480808 -0.170915 -0.0337563 2
25.7163 0.480201 -0.175247 -0.0344109 2
25.8475 0.479204 -0.178951 -0.0350292 2
25.9779 0.478421 -0.182183 -0.0348214 2
26.1059 0.477219 -0.185591 -0.0342055 2
26.2088 0.47676 -0.187663 -0.0336743 2
26.3215 0.476563 -0.18966 -0.033886 2
26.4166 0.475978 -0.191532 -0.0335614 2
26.5082 0.475385 -0.193218 -0.0338245 2
26.6236 0.474646 -0.195143 -0.0335761 2
26.7434 0.474018 -0.197042 -0.0335106 2
26.8586 0.47283 -0.198774 -0.0334516 2
26.9959 0.47231 -0.20042 -0.0326272 2
27.0818 0.471465 -0.202149 -0.0329816 2
27.2009 0.47164 -0.203023 -0.0322796 2
27.3173 0.470128 -0.203873 -0.0333327 3
27.4423 0.470139 -0.204816 -0.0316781 3
27.5565 0.469773 -0.205568 -0.032854 3
27.6744 0.470133 -0.206276 -0.0322418 3
27.8194 0.469318 -0.206956 -0.0336605 3
27.9046 0.468941 -0.206735 -0.0336364 3
28.0404 0.469532 -0.206852 -0.0324437 3
28.1529 0.469062 -0.20682 -0.0330345 3
28.2644 0.469253 -0.207071 -0.0332029 3
28.3872 0.468991 -0.207334 -0.0328212 3
28.5326 0.468817 -0.206721 -0.0340165 3
28.6449 0.469033 -0.206485 -0.0328489 3
28.743 0.468879 -0.207028 -0.0336639 3
28.8594 0.469388 -0.20675 -0.031938 3
28.9793 0.46864 -0.207409 -0.0333573 3
29.105 0.46898 -0.207633 -0.0325565 3
29.2285 0.468783 -0.207861 -0.0328812 3
29.3457 0.468376 -0.208375 -0.0339585 3
29.4645 0.468869 -0.208166 -0.0326457 3
29.5579 0.468434 -0.208482 -0.0324048 3
29.6865 0.468727 -0.208647 -0.0311997 3
29.7934 0.468405 -0.208857 -0.030597 3
29.9293 0.468485 -0.209589 -0.0299428 3
30.041 0.468446 -0.210251 -0.0304297 3
30.1859 0.468436 -0.210275 -0.0291287 3
30.285 0.468707 -0.210581 -0.0274169 4
30.3874 0.469297 -0.210699 -0.0273098 4
30.5383 0.468996 -0.21107 -0.0261111 4
30.661 0.468812 -0.211015 -0.027202 4
30.7767 0.469196 -0.211925 -0.0248488 4
30.894 0.469512 -0.211999 -0.0237714 4
31.0134 0.469201 -0.211929 -0.02394 4
31.1335 0.469047 -0.212365 -0.0238697 4
31.2534 0.468597 -0.212307 -0.0245192 4
31.3741 0.46892 -0.212372 -0.024496 4
31.4921 0.468942 -0.211444 -0.0230558 4
31.6018 0.469066 -0.210744 -0.0241124 4
31.7159 0.469109 -0.209319 -0.0244937 4
31.8716 0.469181 -0.207047 -0.0254986 4
31.9605 0.469542 -0.205166 -0.0248068 4
32.0817 0.46924 -0.20334 -0.0268366 4
32.1937 0.469305 -0.201079 -0.027052 4
32.3478 0.469954 -0.196932 -0.025287 4
32.4472 0.469985 -0.195143 -0.0275181 4
32.5803 0.469772 -0.192438 -0.0288379 4
32.6776 0.469685 -0.190054 -0.0293293 4
32.8052 0.470503 -0.186683 -0.0300809 4
32.916 0.470406 -0.184135 -0.0321666 4
33.0496 0.470674 -0.180496 -0.0317206 4
33.1505 0.47069 -0.178669 -0.0333436 4
33.2728 0.470413 -0.176794 -0.0349643 4
33.3858 0.470304 -0.174833 -0.0353123 4
33.4822 0.470786 -0.17311 -0.0357406 4
33.6275 0.471008 -0.171427 -0.0367529 4
33.7395 0.471246 -0.169797 -0.0363848 4
33.8362 0.470969 -0.167468 -0.0345688 4
33.934 0.469822 -0.16615 -0.0330129 4
34.0825 0.470217 -0.165872 -0.0339554 5
34.1967 0.469289 -0.164923 -0.0323014 5
34.3304 0.468948 -0.16424 -0.0323882 5
34.4419 0.46884 -0.164651 -0.0327129 5
34.5572 0.469191 -0.164399 -0.0317479 5
34.6922 0.468714 -0.164775 -0.0325648 5
34.8067 0.469134 -0.164311 -0.0320916 5
34.941 0.469046 -0.164448 -0.0319389 5
35.0595 0.468972 -0.164767 -0.0323168 5
35.1992 0.469003 -0.164781 -0.0323561 5
35.3054 0.468755 -0.164618 -0.0326083 5
35.4022 0.468871 -0.164498 -0.0321828 5
35.5296 0.468806 -0.164481 -0.0321499 5
35.6471 0.468804 -0.164451 -0.0323366 5
35.7704 0.468706 -0.164263 -0.0325639 5
35.9158 0.469184 -0.164248 -0.0315812 5
36.0402 0.468737 -0.164629 -0.0323684 5
36.1689 0.468514 -0.164765 -0.0326935 5
36.2764 0.46916 -0.164775 -0.0319324 5
36.4006 0.468943 -0.164646 -0.0324259 5
36.511 0.469024 -0.16467 -0.0325461 5
36.6471 0.468851 -0.164672 -0.0322203 5
36.7597 0.468626 -0.164682 -0.032338 5
36.8955 0.468834 -0.164721 -0.032774 5
36.9948 0.469284 -0.164953 -0.0323933 5
37.1268 0.468661 -0.164741 -0.0329028 5
37.259 0.468729 -0.165131 -0.032814 5
37.3677 0.469218 -0.164787 -0.0318356 5
37.4957 0.468723 -0.16442 -0.0318655 5
37.612 0.469005 -0.164543 -0.0319925 5
37.7251 0.469013 -0.16499 -0.0327879 5
37.8536 0.469183 -0.164554 -0.0315466 5
37.9716 0.468995 -0.16471 -0.0324892 5
38.0909 0.469038 -0.164481 -0.0323696 5
38.1986 0.468896 -0.164487 -0.0321533 5
38.3426 0.469036 -0.164466 -0.0317498 5
38.4492 0.468755 -0.16435 -0.0320763 5
38.5667 0.469182 -0.16439 -0.0318729 5
38.7004 0.468978 -0.164533 -0.0323342 5
38.8195 0.468948 -0.16454 -0.0315123 5
38.9192 0.468884 -0.164636 -0.0321041 5
