4.72069e-05 0.523906 0.130563 -0.0687404 0
0.0885267 0.52394 0.130624 -0.0699983 0
0.185496 0.523944 0.130643 -0.0698802 0
0.285554 0.523974 0.130673 -0.069913 0
0.385161 0.523885 0.130592 -0.070192 0
0.475289 0.523948 0.130619 -0.0699175 0
0.570672 0.524058 0.13061 -0.0705039 0
0.673677 0.523933 0.130607 -0.0696651 0
0.756798 0.523937 0.130609 -0.0696938 0
0.862983 0.524064 0.130759 -0.0704186 0
0.9722 0.523907 0.130586 -0.0696002 0
1.06768 0.523927 0.130614 -0.0697291 0
1.16725 0.523892 0.130594 -0.0693247 0
1.26299 0.523906 0.130598 -0.0697266 0
1.37127 0.523925 0.130621 -0.0697137 0
1.50282 0.524056 0.130638 -0.0702448 0
1.63781 0.523974 0.130605 -0.068942 0
1.76018 0.523903 0.130608 -0.069406 0
1.87314 0.523932 0.13058 -0.0695806 0
1.98326 0.523982 0.130602 -0.0694781 0
2.1034 0.5239 0.130606 -0.0695084 0
2.2454 0.524149 0.13062 -0.070505 0
2.35576 0.523918 0.130595 -0.0690642 0
2.45422 0.523981 0.130605 -0.0696878 0
2.57606 0.523903 0.130638 -0.0691761 0
2.71126 0.523906 0.130589 -0.0693455 0
2.83161 0.523879 0.130664 -0.0695265 0
2.97025 0.524001 0.130621 -0.0701916 0
3.10255 0.524006 0.130581 -0.0704252 0
3.24555 0.523939 0.130694 -0.069235 0
3.35639 0.523978 0.130688 -0.0704692 0
3.49376 0.523993 0.130637 -0.0704701 0
3.60433 0.52393 0.130673 -0.0698669 0
3.76615 0.52409 0.130699 -0.070094 0
3.87444 0.523928 0.130606 -0.0696435 0
4.00303 0.524002 0.130634 -0.0701452 0
4.10919 0.523904 0.130591 -0.0696422 0
4.23731 0.524055 0.130642 -0.0705048 0
4.3583 0.523898 0.130564 -0.0701579 0
4.48369 0.523898 0.130627 -0.0704345 0
4.63181 0.52398 0.13069 -0.0698536 0
4.75869 0.523942 0.130634 -0.0704013 0
4.88845 0.52398 0.130646 -0.0701524 0
5.04167 0.523921 0.130622 -0.0696934 0
5.16614 0.524068 0.130627 -0.0706198 0
5.26428 0.523955 0.130613 -0.0706858 0
5.38486 0.523957 0.130626 -0.0711392 0
5.51025 0.523996 0.130593 -0.0699981 0
5.62021 0.523872 0.130579 -0.069596 0
5.74962 0.523956 0.13064 -0.0702216 0
5.88167 0.523946 0.130598 -0.0709836 0
6.01622 0.523926 0.130528 -0.0698358 0
6.14226 0.524204 0.1311 -0.0700613 0
6.24631 0.5243 0.131182 -0.070579 0
6.36631 0.524397 0.131127 -0.0693382 0
6.47199 0.524529 0.131227 -0.0691825 0
6.58869 0.524761 0.131472 -0.0698103 0
6.71527 0.524938 0.131678 -0.0675966 0
6.83188 0.52509 0.131876 -0.0679029 0
6.95143 0.525164 0.131899 -0.0679136 0
7.08199 0.525459 0.132236 -0.0678994 0
7.21002 0.52559 0.13239 -0.0662786 0
7.32656 0.525929 0.132719 -0.0649154 0
7.46122 0.52626 0.133065 -0.0640875 0
7.58844 0.526432 0.133284 -0.0642096 0
7.72068 0.52632 0.133414 -0.0632105 0
7.83042 0.526687 0.133428 -0.0616675 0
7.95588 0.526616 0.133613 -0.0601506 0
8.06387 0.526993 0.133823 -0.0584044 0
8.19829 0.527228 0.133659 -0.0562689 0
8.31677 0.527127 0.133882 -0.0566048 0
8.4336 0.527604 0.133971 -0.0552752 0
8.55416 0.527823 0.134117 -0.0550503 0
8.6745 0.527525 0.133752 -0.0528786 0
8.80914 0.527805 0.134363 -0.0530501 0
8.939 0.527774 0.134364 -0.0505408 0
9.06406 0.52768 0.134292 -0.0506168 0
9.20135 0.527466 0.134476 -0.0487019 0
9.31688 0.52777 0.134578 -0.0464583 0
9.42287 0.52777 0.134397 -0.0456039 0
9.55096 0.527528 0.13422 -0.0436369 0
9.68153 0.52782 0.134508 -0.0427532 0
9.81106 0.527162 0.134472 -0.0422743 0
9.91754 0.527074 0.134488 -0.0405225 0
10.0423 0.527085 0.134382 -0.0412101 0
10.1713 0.526956 0.134348 -0.0386831 0
10.2818 0.52672 0.134209 -0.0387256 1
10.4027 0.526735 0.134268 -0.0381766 1
10.5474 0.527365 0.134449 -0.0364766 1
10.6476 0.526612 0.134029 -0.0368474 1
10.7963 0.526732 0.134164 -0.0359851 1
10.9285 0.526977 0.134161 -0.0363712 1
11.0288 0.526996 0.134021 -0.0351099 1
11.1592 0.527797 0.134138 -0.0348045 1
11.2879 0.528193 0.134076 -0.0361123 1
11.3883 0.528737 0.134047 -0.035875 1
11.5147 0.530152 0.133895 -0.0364076 1
11.6125 0.531635 0.134047 -0.0347616 1
11.7617 0.533102 0.134162 -0.0362422 1
11.8817 0.535097 0.134388 -0.0357403 1
11.9985 0.537289 0.134225 -0.0337938 1
12.1157 0.53905 0.134266 -0.0347582 1
12.2472 0.540764 0.133927 -0.0352289 1
12.3681 0.543397 0.133959 -0.0342204 1
12.4749 0.545946 0.134529 -0.0346176 1
12.6122 0.547813 0.133899 -0.0339852 1
12.7346 0.551353 0.134275 -0.0336524 1
12.8467 0.554144 0.134039 -0.0332732 1
12.9727 0.557413 0.134235 -0.0344874 1
13.0932 0.560021 0.133941 -0.0347319 1
13.2069 0.562563 0.133545 -0.0345338 1
13.3203 0.565106 0.133733 -0.0352745 1
13.4231 0.567845 0.133339 -0.0341826 1
13.561 0.571845 0.133733 -0.0336774 1
13.6699 0.574515 0.133618 -0.0336261 1
13.7939 0.577169 0.133274 -0.0321548 1
13.9056 0.580692 0.133172 -0.0301212 1
14.0372 0.583232 0.133005 -0.0311951 1
14.1438 0.585327 0.132838 -0.0320692 1
14.2675 0.58895 0.132812 -0.0305745 1
14.3551 0.590374 0.132618 -0.0308484 1
14.4925 0.593251 0.132639 -0.0298873 1
14.6027 0.595822 0.132577 -0.031508 1
14.7282 0.598055 0.132167 -0.0302118 1
14.8711 0.600207 0.132019 -0.0304099 1
14.9928 0.601362 0.131712 -0.0322704 1
15.1022 0.603599 0.131565 -0.0306014 1
15.2277 0.605269 0.131914 -0.0319936 1
15.3541 0.606724 0.131561 -0.0317169 2
15.4823 0.607783 0.131615 -0.0316443 2
15.6083 0.608395 0.131554 -0.0308957 2
15.7345 0.608744 0.13131 -0.0309742 2
15.8527 0.608948 0.131038 -0.03084 2
15.9739 0.608835 0.13117 -0.0312512 2
16.0723 0.609004 0.131064 -0.0307789 2
16.1855 0.608887 0.130824 -0.0308592 2
16.3045 0.608916 0.130481 -0.0307972 2
16.4249 0.608929 0.129974 -0.0306867 2
16.5361 0.609334 0.129398 -0.0305951 2
16.6511 0.609511 0.128475 -0.0305699 2
16.7787 0.610096 0.127482 -0.0304031 2
16.8822 0.610709 0.12614 -0.0295455 2
17.0195 0.611185 0.124345 -0.0287472 2
17.1443 0.611655 0.123183 -0.0279507 2
17.2398 0.611594 0.121892 -0.0300076 2
17.3645 0.612039 0.120024 -0.0295699 2
17.4815 0.612857 0.118216 -0.0293524 2
17.5939 0.613607 0.116188 -0.0294509 2
17.7202 0.614331 0.113762 -0.0289971 2
17.8495 0.614944 0.111094 -0.0309286 2
17.9599 0.615853 0.108458 -0.0276196 2
18.0819 0.616052 0.105754 -0.0285854 2
18.2183 0.616882 0.10278 -0.0289669 2
18.3349 0.618087 0.0998675 -0.0263044 2
18.4663 0.618416 0.0964022 -0.0285995 2
18.5595 0.618915 0.0940423 -0.0269483 2
18.6777 0.620364 0.0908625 -0.0247494 2
18.7902 0.619962 0.0873417 -0.028671 2
18.9062 0.620179 0.0838355 -0.0292505 2
19.045 0.62217 0.0799003 -0.0257921 2
19.1601 0.622897 0.0762664 -0.0268804 2
19.2712 0.62293 0.0725155 -0.0289271 2
19.3703 0.623471 0.069517 -0.0281345 2
19.4818 0.624569 0.0656929 -0.0286439 2
19.6081 0.62582 0.0617873 -0.0270448 2
19.7454 0.626078 0.0567297 -0.0265461 2
19.8598 0.62671 0.0522893 -0.0261855 2
19.9696 0.62786 0.0484842 -0.0268848 2
20.0789 0.627661 0.0442999 -0.0278376 2
20.1936 0.628736 0.0389891 -0.0233009 2
20.3102 0.629599 0.0355828 -0.0259565 2
20.4338 0.629413 0.0304484 -0.0270158 2
20.5695 0.630489 0.0250645 -0.0246785 2
20.6827 0.6309 0.0205801 -0.0263855 2
20.7995 0.630584 0.0157021 -0.0259532 2
20.9273 0.631437 0.0110579 -0.0265942 2
21.045 0.631842 0.00573593 -0.0254023 2
21.1829 0.632385 1.2368e-05 -0.0252183 2
21.286 0.632206 -0.00462872 -0.0271979 2
21.422 0.632652 -0.00988063 -0.0263698 2
21.5506 0.633238 -0.0152573 -0.0251946 2
21.6758 0.633866 -0.0211905 -0.0248879 2
21.789 0.632824 -0.0256453 -0.0275514 2
21.9169 0.633375 -0.0319476 -0.02469 2
22.0438 0.632879 -0.0371101 -0.0265336 2
22.1644 0.632303 -0.0426089 -0.0279283 2
22.2913 0.632981 -0.0479318 -0.0268389 2
22.4118 0.631831 -0.0533072 -0.0269014 2
22.5278 0.632287 -0.0580033 -0.0286092 2
22.6606 0.630885 -0.0641789 -0.028061 2
22.7694 0.630859 -0.0687999 -0.0293188 2
22.9105 0.630367 -0.0766108 -0.0224743 2
23.0429 0.630012 -0.081063 -0.0257091 2
23.1418 0.629448 -0.0842091 -0.0248744 2
23.2603 0.628927 -0.0896956 -0.0254353 2
23.38 0.628709 -0.0944414 -0.0230079 2
23.5033 0.627738 -0.09959 -0.0219244 2
23.6256 0.627093 -0.103702 -0.0205102 2
23.7431 0.626288 -0.10878 -0.0202703 2
23.8706 0.625389 -0.113821 -0.0186868 2
23.9815 0.624465 -0.117568 -0.0182861 2
24.0963 0.623764 -0.121902 -0.0186156 2
24.2296 0.622617 -0.126717 -0.0179651 2
24.3598 0.621674 -0.131169 -0.0183136 2
24.4592 0.620844 -0.135097 -0.0191158 2
24.5842 0.619893 -0.139059 -0.0185811 2
24.6981 0.619012 -0.143431 -0.0195424 2
24.8654 0.61755 -0.149271 -0.0194778 2
24.9671 0.616681 -0.152257 -0.0198913 2
25.0934 0.616344 -0.156732 -0.0192332 2
25.2145 0.614252 -0.159592 -0.021699 2
25.3291 0.613548 -0.163836 -0.0223985 2
25.4508 0.612947 -0.166567 -0.0217014 2
25.5689 0.612294 -0.170198 -0.0221088 2
25.7163 0.611312 -0.175057 -0.0229745 2
25.8475 0.611045 -0.178754 -0.0230438 2
25.9779 0.610132 -0.181941 -0.0234702 2
26.1059 0.609798 -0.185081 -0.0226792 2
26.2088 0.608963 -0.187372 -0.0231561 2
26.3215 0.608242 -0.189357 -0.0234146 2
26.4166 0.607925 -0.191356 -0.0241111 2
26.5082 0.607104 -0.19314 -0.0246207 2
26.6236 0.605482 -0.194849 -0.02434 2
26.7434 0.604021 -0.196509 -0.0235667 2
26.8586 0.603528 -0.198802 -0.0234146 2
26.9959 0.602911 -0.200746 -0.0237339 2
27.0818 0.603038 -0.201715 -0.0205677 2
27.2009 0.602439 -0.202327 -0.0201328 2
27.3173 0.602234 -0.203359 -0.0200069 3
27.4423 0.6018 -0.204519 -0.0191481 3
27.5565 0.601387 -0.205176 -0.020688 3
27.6744 0.601054 -0.205906 -0.0206118 3
27.8194 0.601552 -0.20626 -0.0198765 3
27.9046 0.601353 -0.206088 -0.0198055 3
28.0404 0.600924 -0.206574 -0.0209199 3
28.1529 0.601162 -0.206119 -0.0199805 3
28.2644 0.601284 -0.205948 -0.0195421 3
28.3872 0.601475 -0.20665 -0.020028 3
28.5326 0.600991 -0.205774 -0.0207327 3
28.6449 0.601049 -0.205844 -0.0208911 3
28.743 0.601079 -0.206426 -0.0208621 3
28.8594 0.601135 -0.206156 -0.0200942 3
28.9793 0.601347 -0.206806 -0.0197871 3
29.105 0.601367 -0.206604 -0.019609 3
29.2285 0.601295 -0.207314 -0.0200828 3
29.3457 0.601503 -0.20778 -0.01863 3
29.4645 0.601986 -0.207709 -0.0191851 3
29.5579 0.601554 -0.208156 -0.0182131 3
29.6865 0.60134 -0.208609 -0.0175113 3
29.7934 0.601456 -0.208808 -0.0170048 3
29.9293 0.601771 -0.209406 -0.0167941 3
30.041 0.601454 -0.209531 -0.0158118 3
30.1859 0.601499 -0.209623 -0.0159607 3
30.285 0.601647 -0.210202 -0.0140689 4
30.3874 0.601811 -0.21033 -0.0135934 4
30.5383 0.60188 -0.209946 -0.012158 4
30.661 0.601894 -0.209898 -0.0129457 4
30.7767 0.601916 -0.210417 -0.0120925 4
30.894 0.601778 -0.210514 -0.0109251 4
31.0134 0.602101 -0.210521 -0.0105365 4
31.1335 0.601718 -0.210767 -0.0117939 4
31.2534 0.60176 -0.210671 -0.0110222 4
31.3741 0.601537 -0.210636 -0.0120234 4
31.4921 0.601695 -0.209985 -0.0113191 4
31.6018 0.601696 -0.209381 -0.0108768 4
31.7159 0.602049 -0.207534 -0.0113006 4
31.8716 0.602022 -0.205327 -0.0122621 4
31.9605 0.602036 -0.204189 -0.0124415 4
32.0817 0.602063 -0.202457 -0.0137448 4
32.1937 0.602449 -0.199824 -0.0127886 4
32.3478 0.601763 -0.196007 -0.0137417 4
32.4472 0.602572 -0.19332 -0.0125645 4
32.5803 0.60276 -0.190202 -0.0141816 4
32.6776 0.602538 -0.188617 -0.0154282 4
32.8052 0.602798 -0.185781 -0.0165356 4
32.916 0.602775 -0.183285 -0.0176237 4
33.0496 0.602699 -0.180759 -0.0191381 4
33.1505 0.602626 -0.178832 -0.0194856 4
33.2728 0.602922 -0.176169 -0.0209964 4
33.3858 0.602618 -0.174065 -0.0221957 4
33.4822 0.602421 -0.173601 -0.0235661 4
33.6275 0.602308 -0.171036 -0.0242523 4
33.7395 0.602102 -0.168593 -0.0229518 4
33.8362 0.602228 -0.166875 -0.0224789 4
33.934 0.602145 -0.16587 -0.0219013 4
34.0825 0.602072 -0.165302 -0.0217513 5
34.1967 0.60203 -0.164479 -0.0198454 5
34.3304 0.601951 -0.164832 -0.0209772 5
34.4419 0.602091 -0.164673 -0.0196297 5
34.5572 0.602188 -0.164687 -0.0202025 5
34.6922 0.602085 -0.16471 -0.0202202 5
34.8067 0.60199 -0.164876 -0.0208119 5
34.941 0.602079 -0.164619 -0.0201317 5
35.0595 0.602191 -0.164822 -0.0200986 5
35.1992 0.602164 -0.164755 -0.019986 5
35.3054 0.602108 -0.164826 -0.0206612 5
35.4022 0.601968 -0.164232 -0.0204253 5
35.5296 0.602141 -0.164743 -0.0200899 5
35.6471 0.602259 -0.164557 -0.0203774 5
35.7704 0.602083 -0.164575 -0.0199645 5
35.9158 0.602391 -0.164669 -0.0196156 5
36.0402 0.602167 -0.164652 -0.020422 5
36.1689 0.602139 -0.164921 -0.020355 5
36.2764 0.602191 -0.164737 -0.0199399 5
36.4006 0.602201 -0.164843 -0.0205123 5
36.511 0.602182 -0.164787 -0.0203316 5
36.6471 0.602287 -0.164976 -0.0208982 5
36.7597 0.602187 -0.164855 -0.0204719 5
36.8955 0.60214 -0.164438 -0.020518 5
36.9948 0.602239 -0.164685 -0.0202592 5
37.1268 0.602143 -0.164951 -0.0206898 5
37.259 0.602154 -0.164856 -0.0203734 5
37.3677 0.602305 -0.164982 -0.0197393 5
37.4957 0.602329 -0.164694 -0.0200398 5
37.612 0.602441 -0.16509 -0.0195053 5
37.7251 0.602205 -0.16447 -0.0198764 5
37.8536 0.602097 -0.164988 -0.0204202 5
37.9716 0.602239 -0.164987 -0.0201899 5
38.0909 0.602156 -0.164852 -0.0204491 5
38.1986 0.602192 -0.164987 -0.020734 5
38.3426 0.602216 -0.164876 -0.0203346 5
38.4492 0.602052 -0.164839 -0.020418 5
38.5667 0.602098 -0.164761 -0.0200417 5
38.7004 0.602049 -0.164423 -0.0201139 5
38.8195 0.602279 -0.164873 -0.0208465 5
38.9192 0.602233 -0.165077 -0.0198787 5
