4.72069e-05 0.452782 0.0399851 0.171769 0 0
0.0885267 0.452776 0.0399764 0.171773 0 0
0.185496 0.452786 0.0399743 0.171792 0 0
0.285554 0.452788 0.0400018 0.171777 0 0
0.385161 0.452766 0.0399652 0.171766 0 0
0.475289 0.45278 0.0399944 0.171773 0 0
0.570672 0.452778 0.0399815 0.171769 0 0
0.673677 0.452773 0.0400032 0.171753 0 0
0.756798 0.452778 0.0399882 0.171764 0 0
0.862983 0.452796 0.0399847 0.17179 0 0
0.9722 0.452777 0.0399834 0.171756 0 0
1.06768 0.45278 0.039963 0.171777 0 0
1.16725 0.45277 0.0399892 0.171748 0 0
1.26299 0.452776 0.03998 0.171773 0 0
1.37127 0.452776 0.0399752 0.171779 0 0
1.50282 0.452783 0.0399935 0.17177 0 0
1.63781 0.452781 0.039995 0.171769 0 0
1.76018 0.452777 0.0399812 0.171774 0 0
1.87314 0.452791 0.0399782 0.171773 0 0
1.98326 0.452779 0.040002 0.171768 0 0
2.1034 0.452786 0.0399787 0.171765 0 0
2.2454 0.452776 0.0399898 0.171769 0 0
2.35576 0.452785 0.0399794 0.171764 0 0
2.45422 0.45278 0.0399834 0.17176 0 0
2.57606 0.452773 0.0399969 0.171772 0 0
2.71126 0.45278 0.0399755 0.17177 0 0
2.83161 0.452783 0.0399926 0.17177 0 0
2.97025 0.452779 0.0399962 0.171753 0 0
3.10255 0.452781 0.0399736 0.171766 0 0
3.24555 0.452809 0.0399979 0.171801 0 0
3.35639 0.452787 0.0399782 0.171786 0 0
3.49376 0.452787 0.0399944 0.171776 0 0
3.60433 0.452788 0.0399849 0.171794 0 0
3.76615 0.452801 0.0400007 0.171798 0 0
3.87444 0.452785 0.0399839 0.171764 0 0
4.00303 0.452795 0.0399782 0.171776 0 0
4.10919 0.452778 0.0399649 0.171761 0 0
4.23731 0.452788 0.0400027 0.171777 0 0
4.3583 0.452772 0.0399505 0.171759 0 0
4.48369 0.452783 0.0399801 0.17178 0 0
4.63181 0.452781 0.0399772 0.171786 0 0
4.75869 0.452789 0.0399631 0.171774 0 0
4.88845 0.452782 0.0400007 0.171776 0 0
5.04167 0.452783 0.0399989 0.171763 0 0
5.16614 0.452787 0.0399947 0.171768 0 0
5.26428 0.452775 0.0399828 0.171767 0 0
5.38486 0.452772 0.0399974 0.171751 0 0
5.51025 0.452786 0.039981 0.17178 0 0
5.62021 0.452772 0.0399582 0.171773 0 0
5.74962 0.452777 0.0399915 0.171776 0 0
5.88167 0.452774 0.0399735 0.17177 0 0
6.01622 0.452799 0.0399891 0.172014 0 0
6.14226 0.452902 0.0400132 0.172607 0 0
6.24631 0.452944 0.0400175 0.173187 0 0
6.36631 0.45299 0.0400466 0.173906 0 0
6.47199 0.453065 0.0400702 0.174765 0 0
6.58869 0.453186 0.0400452 0.175847 0 0
6.71527 0.453308 0.04005 0.177149 0 0
6.83188 0.453402 0.0400357 0.178429 0 0
6.95143 0.453501 0.0400537 0.179788 0 0
7.08199 0.453617 0.0400638 0.181456 0 0
7.21002 0.453737 0.0400624 0.183215 0 0
7.32656 0.453837 0.0400777 0.184994 0 0
7.46122 0.453982 0.040066 0.187088 0 0
7.58844 0.454092 0.0400723 0.189148 0 0
7.72068 0.454183 0.0400555 0.19126 0 0
7.83042 0.454218 0.0400416 0.193001 0 0
7.95588 0.454332 0.040016 0.195003 0 0
8.06387 0.454421 0.0399965 0.197782 0 0
8.19829 0.454476 0.0399888 0.199706 0 0
8.31677 0.454468 0.0399425 0.201789 0 0
8.4336 0.454521 0.0398963 0.20412 0 0
8.55416 0.454534 0.039878 0.206148 0 0
8.6745 0.454531 0.0397939 0.208227 0 0
8.80914 0.454512 0.0397552 0.210518 0 0
8.939 0.454497 0.0396854 0.212795 0 0
9.06406 0.454476 0.0396499 0.214781 0 0
9.20135 0.454402 0.0395958 0.216953 0 0
9.31688 0.454367 0.039536 0.21877 0 0
9.42287 0.454288 0.0394724 0.220252 0 0
9.55096 0.454264 0.0394546 0.222049 0 0
9.68153 0.454187 0.0393621 0.223733 0 0
9.81106 0.454117 0.0393136 0.225261 0 0
9.91754 0.454054 0.0392664 0.226414 0 0
10.0423 0.453983 0.0392279 0.227663 0 0
10.1713 0.453912 0.0391564 0.22872 0 0
10.2818 0.453879 0.0391274 0.22943 0 1
10.4027 0.453837 0.0391426 0.230134 0 1
10.5474 0.453815 0.0390635 0.230729 0 1
10.6476 0.453802 0.0390632 0.230949 0 1
10.7963 0.453788 0.0390479 0.231078 0 1
10.9285 0.453808 0.0390759 0.231088 0 1
11.0288 0.454032 0.0390678 0.231156 0 1
11.1592 0.45466 0.0391105 0.231244 0 1
11.2879 0.45551 0.0391216 0.231245 0 1
11.3883 0.456398 0.0391669 0.2313 0 1
11.5147 0.457725 0.0392023 0.231409 0 1
11.6125 0.458931 0.03926 0.23158 0 1
11.7617 0.460944 0.0393071 0.231745 0 1
11.8817 0.462809 0.0394054 0.231864 0 1
11.9985 0.464854 0.0394171 0.232038 0 1
12.1157 0.466879 0.0394658 0.232164 0 1
12.2472 0.469542 0.0394915 0.232414 0 1
12.3681 0.472003 0.0395715 0.232532 0 1
12.4749 0.474437 0.0396209 0.23277 0 1
12.6122 0.477265 0.0396758 0.232826 0 1
12.7346 0.480235 0.0397232 0.232988 0 1
12.8467 0.482928 0.0397222 0.23307 0 1
12.9727 0.486032 0.0397132 0.233289 0 1
13.0932 0.48894 0.0396954 0.233291 0 1
13.2069 0.49168 0.039631 0.233303 0 1
13.3203 0.494535 0.0396464 0.233381 0 1
13.4231 0.497089 0.0396012 0.233373 0 1
13.561 0.500511 0.0396068 0.233463 0 1
13.6699 0.503264 0.0395467 0.233467 0 1
13.7939 0.506175 0.0394163 0.233348 0 1
13.9056 0.508883 0.0392879 0.233363 0 1
14.0372 0.512075 0.0392129 0.233298 0 1
14.1438 0.514388 0.0391036 0.233243 0 1
14.2675 0.517221 0.0390225 0.233165 0 1
14.3551 0.519121 0.0389513 0.233098 0 1
14.4925 0.521917 0.0388374 0.232959 0 1
14.6027 0.524035 0.0386692 0.232868 0 1
14.7282 0.526168 0.0385222 0.232698 0 1
14.8711 0.528546 0.038386 0.23263 0 1
14.9928 0.530344 0.0382766 0.232501 0 1
15.1022 0.531845 0.0382207 0.232343 0 1
15.2277 0.533381 0.0381563 0.23232 0 1
15.3541 0.534544 0.0380797 0.232192 0 2
15.4823 0.535644 0.0379895 0.232147 0 2
15.6083 0.536322 0.0379501 0.232047 0 2
15.7345 0.536734 0.0379029 0.232029 0 2
15.8527 0.536841 0.0378397 0.232038 0 2
15.9739 0.536834 0.0378641 0.232018 0 2
16.0723 0.536838 0.0378748 0.232 0 2
16.1855 0.536878 0.0376534 0.231997 0 2
16.3045 0.537035 0.0372318 0.231998 0 2
16.4249 0.537226 0.0366666 0.232025 0 2
16.5361 0.537465 0.0360128 0.232058 0 2
16.6511 0.537753 0.0350976 0.232111 0 2
16.7787 0.538117 0.0339833 0.232133 0 2
16.8822 0.538435 0.0329212 0.232127 0 2
17.0195 0.538939 0.0314162 0.232151 0 2
17.1443 0.539467 0.0299235 0.2322 0 2
17.2398 0.539867 0.0285182 0.232229 0 2
17.3645 0.540464 0.0265635 0.232277 0 2
17.4815 0.541001 0.0247972 0.232304 0 2
17.5939 0.541649 0.0227016 0.232351 0 2
17.7202 0.54229 0.0203955 0.232359 0 2
17.8495 0.543046 0.0179292 0.232398 0 2
17.9599 0.54369 0.0155544 0.232382 0 2
18.0819 0.544501 0.0126913 0.232487 0 2
18.2183 0.545406 0.00957622 0.232602 0 2
18.3349 0.546148 0.00678047 0.232652 0 2
18.4663 0.546966 0.00362407 0.232679 0 2
18.5595 0.547593 0.00101155 0.232694 0 2
18.6777 0.548397 -0.00217432 0.232768 0 2
18.7902 0.549171 -0.00542685 0.232794 0 2
18.9062 0.550017 -0.00879758 0.232859 0 2
19.045 0.550922 -0.0129313 0.232921 0 2
19.1601 0.551685 -0.0163546 0.232935 0 2
19.2712 0.552417 -0.0199855 0.232967 0 2
19.3703 0.553126 -0.0233526 0.233057 0 2
19.4818 0.553821 -0.0268577 0.233129 0 2
19.6081 0.554652 -0.0311454 0.233203 0 2
19.7454 0.555541 -0.0358387 0.233233 0 2
19.8598 0.556251 -0.0401915 0.23331 0 2
19.9696 0.556939 -0.0442079 0.23337 0 2
20.0789 0.557508 -0.0480219 0.233417 0 2
20.1936 0.558139 -0.052248 0.23345 0 2
20.3102 0.558774 -0.0567809 0.233431 0 2
20.4338 0.559477 -0.0617417 0.23355 0 2
20.5695 0.5601 -0.0670864 0.23357 0 2
20.6827 0.560578 -0.0715748 0.233597 0 2
20.7995 0.561043 -0.0760444 0.233623 0 2
20.9273 0.561579 -0.0812826 0.233711 0 2
21.045 0.561983 -0.0862517 0.233729 0 2
21.1829 0.562366 -0.0918839 0.233707 0 2
21.286 0.562676 -0.0961722 0.233768 0 2
21.422 0.563001 -0.101932 0.233828 0 2
21.5506 0.563252 -0.107427 0.233858 0 2
21.6758 0.563421 -0.112485 0.233854 0 2
21.789 0.563621 -0.117592 0.233921 0 2
21.9169 0.563666 -0.123193 0.233902 0 2
22.0438 0.563694 -0.128742 0.233932 0 2
22.1644 0.563717 -0.133905 0.233935 0 2
22.2913 0.563666 -0.139402 0.23394 0 2
22.4118 0.563521 -0.144655 0.233933 0 2
22.5278 0.563334 -0.14953 0.233881 0 2
22.6606 0.563165 -0.155356 0.234 0 2
22.7694 0.56292 -0.159793 0.233973 0 2
22.9105 0.562505 -0.166047 0.233943 0 2
23.0429 0.56216 -0.171803 0.234038 0 2
23.1418 0.561881 -0.175826 0.234023 0 2
23.2603 0.561402 -0.180905 0.234055 0 2
23.38 0.56089 -0.18593 0.233918 0 2
23.5033 0.560398 -0.190843 0.233944 0 2
23.6256 0.559869 -0.195749 0.233982 0 2
23.7431 0.559205 -0.2007 0.233899 0 2
23.8706 0.5585 -0.205829 0.233851 0 2
23.9815 0.55795 -0.21018 0.233904 0 2
24.0963 0.557266 -0.214666 0.233834 0 2
24.2296 0.556467 -0.219787 0.233878 0 2
24.3598 0.555662 -0.224539 0.233753 0 2
24.4592 0.555016 -0.228176 0.233799 0 2
24.5842 0.554216 -0.232806 0.233812 0 2
24.6981 0.553415 -0.236862 0.233775 0 2
24.8654 0.552223 -0.242661 0.233651 0 2
24.9671 0.55155 -0.246107 0.233662 0 2
25.0934 0.550702 -0.250124 0.233647 0 2
25.2145 0.549832 -0.254122 0.233632 0 2
25.3291 0.548956 -0.257687 0.233626 0 2
25.4508 0.548157 -0.261167 0.233533 0 2
25.5689 0.547347 -0.264515 0.233515 0 2
25.7163 0.546355 -0.268728 0.233539 0 2
25.8475 0.54538 -0.272429 0.233429 0 2
25.9779 0.544561 -0.275543 0.233407 0 2
26.1059 0.543732 -0.278499 0.233358 0 2
26.2088 0.543055 -0.28098 0.233326 0 2
26.3215 0.542437 -0.283219 0.233325 0 2
26.4166 0.541851 -0.285301 0.233365 0 2
26.5082 0.541336 -0.287164 0.233327 0 2
26.6236 0.540756 -0.289283 0.23334 0 2
26.7434 0.540096 -0.291397 0.233262 0 2
26.8586 0.539515 -0.293184 0.23324 0 2
26.9959 0.538982 -0.295042 0.233243 0 2
27.0818 0.53863 -0.296125 0.233188 0 2
27.2009 0.538187 -0.297545 0.233165 0 2
27.3173 0.537806 -0.298737 0.233159 0 3
27.4423 0.53749 -0.299828 0.233146 0 3
27.5565 0.537223 -0.300623 0.233156 0 3
27.6744 0.537079 -0.301179 0.233133 0 3
27.8194 0.536954 -0.30165 0.233165 0 3
27.9046 0.536902 -0.301789 0.233144 0 3
28.0404 0.53689 -0.301846 0.233141 0 3
28.1529 0.536873 -0.301866 0.233121 0 3
28.2644 0.536913 -0.301881 0.233232 0 3
28.3872 0.536927 -0.301908 0.233538 0 3
28.5326 0.536966 -0.301964 0.234134 0 3
28.6449 0.536951 -0.302032 0.234718 0 3
28.743 0.536949 -0.302111 0.235209 0 3
28.8594 0.536964 -0.302178 0.235995 0 3
28.9793 0.536985 -0.302252 0.236856 0 3
29.105 0.536988 -0.302374 0.237818 0 3
29.2285 0.536974 -0.302479 0.23879 0 3
29.3457 0.536968 -0.302575 0.239737 0 3
29.4645 0.536985 -0.302666 0.240904 0 3
29.5579 0.536994 -0.302754 0.241718 0 3
29.6865 0.537009 -0.302867 0.242892 0 3
29.7934 0.537003 -0.302983 0.243853 0 3
29.9293 0.537007 -0.3031 0.245 0 3
30.041 0.536983 -0.303201 0.245884 0 3
30.1859 0.536958 -0.303303 0.247055 0 3
30.285 0.536926 -0.303402 0.247741 0 4
30.3874 0.536918 -0.303461 0.248514 0 4
30.5383 0.536922 -0.303559 0.249461 0 4
30.661 0.536923 -0.303601 0.250086 0 4
30.7767 0.536917 -0.303653 0.25053 0 4
30.894 0.536907 -0.303678 0.250901 0 4
31.0134 0.536886 -0.30369 0.251077 0 4
31.1335 0.536885 -0.303704 0.251109 0 4
31.2534 0.536876 -0.303713 0.251101 0 4
31.3741 0.536879 -0.303693 0.2511 0 4
31.4921 0.536887 -0.303144 0.250851 0 4
31.6018 0.536908 -0.302206 0.250338 0 4
31.7159 0.537003 -0.301058 0.249866 0 4
31.8716 0.53717 -0.298939 0.248938 0 4
31.9605 0.537213 -0.297605 0.248236 0 4
32.0817 0.537279 -0.295602 0.247288 0 4
32.1937 0.537343 -0.293662 0.246406 0 4
32.3478 0.537457 -0.290704 0.244992 0 4
32.4472 0.537541 -0.288535 0.244008 0 4
32.5803 0.537571 -0.285919 0.242804 0 4
32.6776 0.537505 -0.283697 0.241687 0 4
32.8052 0.537621 -0.280846 0.240481 0 4
32.916 0.537532 -0.278686 0.239356 0 4
33.0496 0.537545 -0.27585 0.238098 0 4
33.1505 0.537599 -0.273638 0.237187 0 4
33.2728 0.537475 -0.271515 0.236051 0 4
33.3858 0.537434 -0.269521 0.235169 0 4
33.4822 0.537371 -0.267735 0.234267 0 4
33.6275 0.5373 -0.265465 0.233192 0 4
33.7395 0.537232 -0.264054 0.232563 0 4
33.8362 0.537177 -0.262981 0.232056 0 4
33.934 0.537117 -0.262093 0.231604 0 4
34.0825 0.537068 -0.261136 0.231166 0 5
34.1967 0.537043 -0.260828 0.231056 0 5
34.3304 0.537071 -0.260777 0.231083 0 5
34.4419 0.53708 -0.260765 0.231065 0 5
34.5572 0.537083 -0.260757 0.23105 0 5
34.6922 0.537041 -0.260815 0.231036 0 5
34.8067 0.537068 -0.260786 0.231055 0 5
34.941 0.537065 -0.260769 0.231059 0 5
35.0595 0.537063 -0.260788 0.231019 0 5
35.1992 0.53707 -0.260794 0.231036 0 5
35.3054 0.537094 -0.260796 0.231047 0 5
35.4022 0.537109 -0.260781 0.23106 0 5
35.5296 0.537141 -0.260786 0.231074 0 5
35.6471 0.537142 -0.260781 0.23106 0 5
35.7704 0.537163 -0.260781 0.231066 0 5
35.9158 0.537151 -0.260822 0.231069 0 5
36.0402 0.537186 -0.26081 0.231066 0 5
36.1689 0.537175 -0.260816 0.231036 0 5
36.2764 0.537201 -0.260821 0.231041 0 5
36.4006 0.537217 -0.26081 0.231058 0 5
36.511 0.537222 -0.26078 0.231072 0 5
36.6471 0.537201 -0.260808 0.23103 0 5
36.7597 0.537214 -0.260811 0.231033 0 5
36.8955 0.537218 -0.260801 0.231064 0 5
36.9948 0.537206 -0.260816 0.231054 0 5
37.1268 0.537208 -0.260807 0.231042 0 5
37.259 0.537211 -0.260805 0.231026 0 5
37.3677 0.537218 -0.260788 0.231055 0 5
37.4957 0.537211 -0.260799 0.231032 0 5
37.612 0.537223 -0.260811 0.231068 0 5
37.7251 0.537212 -0.260809 0.23105 0 5
37.8536 0.537218 -0.260811 0.23105 0 5
37.9716 0.537211 -0.260814 0.231034 0 5
38.0909 0.537209 -0.260799 0.231048 0 5
38.1986 0.537208 -0.260807 0.231061 0 5
38.3426 0.537217 -0.260794 0.231077 0 5
38.4492 0.537229 -0.26079 0.23106 0 5
38.5667 0.537218 -0.260788 0.231051 0 5
38.7004 0.537203 -0.260815 0.231051 0 5
38.8195 0.537221 -0.260798 0.231064 0 5
38.9192 0.537203 -0.260812 0.231048 0 5
